Age	C13organic
0	-22.05
0.01	-22.03
0.15	-21.44
0.29	-22.08
0.34	-22.56
0.48	-22.62
0.62	-22.04
0.79	-22.88
0.87	-21.70
0.94	-21.70
1.04	-20.99
1.12	-20.88
1.20	-21.92
1.29	-21.90
1.37	-21.34
1.45	-22.82
1.54	-21.49
1.62	-22.19
1.70	-21.50
1.79	-21.50
1.87	-22.90
1.95	-23.03
2.04	-22.09
2.12	-23.28
2.20	-22.26
2.29	-21.44
2.37	-21.58
2.45	-22.09
2.54	-21.87
2.64	-21.41
2.77	-22.61
2.92	-23.24
3.04	-21.60
3.17	-22.75
3.31	-21.49
3.44	-22.68
3.56	-23.77
3.78	-23.04
3.97	-21.72
4.16	-21.64
4.39	-22.87
4.58	-21.10
4.77	-21.66
5.00	-23.16
5.19	-22.73
5.38	-22.09
5.61	-22.71
5.79	-21.68
5.98	-22.49
6.21	-23.65
6.40	-23.29
6.56	-22.70
6.75	-22.08
6.94	-23.37
7.17	-24.32
7.36	-22.77
7.56	-23.14
7.88	-23.39
8.05	-23.41
8.28	-23.38
8.52	-23.67
8.71	-23.14
8.87	-24.32
9.07	-23.12
9.23	-23.42
9.39	-23.78
9.58	-23.28
9.73	-24.13
9.89	-23.62
10.05	-23.27
10.18	-23.83
10.30	-23.00
10.46	-22.70
10.59	-23.31
10.75	-24.71
10.88	-23.84
11.01	-23.29
11.14	-23.28
11.29	-23.52
11.42	-24.31
11.54	-23.98
11.64	-23.59
11.73	-24.68
11.82	-24.54
11.92	-23.06
12.06	-23.17
12.21	-22.77
12.38	-23.96
12.52	-22.60
12.65	-22.83
12.82	-23.49
12.98	-22.92
13.12	-23.13
13.34	-22.53
13.52	-22.34
13.67	-22.11
13.88	-22.62
14.00	-23.87
14.43	-23.88
14.58	-22.99
14.77	-22.92
15.02	-22.60
15.25	-23.30
15.49	-22.93
15.84	-23.52
16.19	-23.30
16.49	-23.85
16.89	-22.59
17.10	-23.57
17.35	-22.39
17.65	-22.81
17.85	-22.68
18.12	-22.91
18.40	-22.87
18.60	-22.84
18.73	-24.24
20.48	-23.20
21.02	-23.47
21.38	-23.65
21.66	-23.70
21.90	-23.31
22.23	-22.18
22.47	-22.53
22.63	-22.56
22.72	-23.01
22.89	-23.18
23.11	-23.84
23.37	-22.58
23.58	-24.61
23.68	-23.78
24.07	-23.03
24.27	-23.98
24.58	-22.03
24.76	-24.60
24.83	-23.34
24.85	-24.57
26.50	-25.47
26.90	-23.49
27.22	-24.54
27.61	-23.73
28.64	-23.69
29.17	-24.84
34.31	-24.44
34.53	-24.55
35.18	-24.68
35.44	-22.49
35.56	-25.26
36.00	-24.80
36.62	-26.02
36.84	-25.22
36.98	-25.55
39.84	-25.40
40.12	-24.42
23.89	-24.33
24.46	-24.23
25.07	-24.48
25.60	-23.98
26.77	-24.26
27.31	-25.02
27.81	-25.33
28.41	-25.76
28.94	-24.85
29.47	-24.64
30.17	-25.19
30.71	-24.88
31.26	-26.24
31.90	-24.71
32.45	-25.48
33.16	-25.11
33.88	-25.90
34.55	-24.24
35.22	-24.90
35.82	-25.34
36.08	-23.58
36.23	-26.21
36.39	-26.25
36.54	-26.27
36.68	-26.36
36.90	-25.86
37.00	-26.42
41.80	-26.45
42.20	-26.52
42.80	-25.31
43.40	-26.24
46.99	-24.90
47.59	-26.23
48.20	-25.91
48.93	-25.38
49.53	-26.02
49.95	-25.91
50.89	-25.25
51.50	-26.62
41.50	-21.05
42.50	-26.19
45.00	-26.70
46.00	-27.03
48.50	-25.61
48.85	-25.14
49.12	-25.50
49.39	-24.72
49.70	-25.90
50.00	-25.18
53.46	-23.57
53.62	-26.32
53.76	-26.27
53.88	-26.16
54.02	-26.00
54.15	-26.42
54.26	-26.79
54.40	-26.89
54.51	-26.97
54.61	-26.97
54.70	-25.57
54.97	-25.27
55.15	-25.37
55.36	-25.68
55.46	-25.16
55.58	-25.24
55.77	-26.24
55.89	-25.36
56.05	-25.53
56.27	-25.78
56.48	-25.53
56.97	-25.08
57.47	-25.79
57.97	-25.84
58.47	-27.94
56.38	-26.94
56.62	-26.42
57.21	-25.44
57.48	-26.02
59.10	-25.74
59.42	-26.72
59.70	-25.91
59.98	-27.29
63.87	-25.98
64.15	-26.31
64.59	-24.62
64.91	-25.29
65.04	-26.72
65.12	-24.18
65.25	-24.07
65.52	-23.77
65.86	-24.55
66.15	-24.12
66.47	-23.51
66.72	-24.22	
67.05	-24.77
67.35	-24.40
67.97	-23.74
68.82	-24.08
69.72	-25.42
70.58	-25.62
71.38	-24.75
71.56	-24.49
71.79	-24.44
71.96	-25.01
72.00	-25.52
72.31	-24.35
72.66	-25.21
72.84	-25.66
73.20	-24.93
73.34	-25.23
73.49	-24.73
73.67	-24.99
73.91	-24.90
73.96	-25.00
74.14	-24.98
74.61	-24.61
74.92	-24.46
75.28	-24.20
75.58	-24.50
75.90	-24.41
76.22	-24.72
76.58	-24.73
76.90	-24.64
77.19	-24.33
77.51	-23.84
77.52	-25.04
77.90	-24.62
78.16	-24.13
78.55	-24.27
79.43	-24.52
79.77	-25.05
80.06	-25.06
80.36	-22.10
80.89	-25.82
81.48	-25.08
82.00	-23.66
82.63	-25.42
83.18	-25.50
83.76	-24.86
84.21	-25.29
84.72	-25.72
85.12	-24.54
85.46	-24.97
85.60	-24.38	
86.11	-24.11
86.58	-25.87
86.67	-25.17
87.42	-24.93
88.33	-30.56
88.58	-25.75
89.27	-25.38
93.59	-24.30
94.72	-24.18
95.24	-23.95
95.31	-24.31
95.42	-23.63
95.58	-25.76
96.13	-23.79
96.39	-24.39
96.69	-25.52
96.88	-25.72
97.57	-25.44
97.70	-25.87
98.44	-25.03
98.64	-23.52
98.66	-25.57
98.87	-24.25
95.63	-26.70
97.21	-24.63
97.24	-25.95
98.92	-25.12
100.68	-26.80
102.38	-28.20
104.05	-25.57
105.23	-23.65
105.48	-24.50
105.73	-24.42
105.81	-24.75
106.17	-25.57
106.35	-25.68
106.66	-24.87
106.83	-23.89
107.19	-23.81
107.48	-24.22
107.59	-24.63
107.72	-24.36
108.07	-24.54
108.24	-24.55
108.10	-24.20
108.79	-23.80
109.06	-24.02
109.27	-23.78
109.52	-23.80
109.74	-24.13	
110.02	-24.82
110.27	-24.29
110.49	-24.45
110.74	-24.11
110.94	-25.67
111.19	-23.38
111.45	-23.52
111.69	-23.58
111.90	-24.21
112.17	-23.70
112.40	-23.34
112.72	-23.68
113.42	-23.74
113.80	-22.54
113.98	-22.82
114.12	-23.20
114.48	-23.90
115.30	-23.15
116.47	-23.87
117.55	-23.66
118.48	-24.99
119.52	-26.54
120.40	-26.70
121.47	-24.06
122.68	-22.15
121.93	-27.04
122.18	-26.65
122.44	-28.45
122.67	-28.13
122.71	-28.17
122.97	-27.63
123.23	-26.53
123.48	-26.23
123.76	-26.32
124.28	-27.07
124.56	-26.23
124.82	-26.49
125.05	-26.38
125.34	-25.45
125.48	-25.72
125.86	-26.37
126.05	-25.58
126.38	-25.81
126.49	-26.54
127.42	-25.42
127.68	-26.65
127.95	-26.55
128.18	-25.01
128.46	-24.03
128.81	-25.56	
128.99	-25.41
129.21	-24.12
129.59	-25.42
129.98	-24.52
130.17	-24.28
130.36	-24.26
130.56	-24.10
130.75	-24.59
130.93	-23.86
131.15	-23.75
131.28	-23.97
131.29	-23.45
131.39	-25.37
131.52	-25.56
131.62	-25.35
131.75	-22.75
131.86	-26.70
131.97	-24.32
132.08	-26.55
132.20	-26.65
132.30	-23.10
132.45	-22.76
132.54	-24.56
132.68	-23.66
132.78	-24.99
132.89	-26.03
133.01	-26.35
133.14	-25.59
133.36	-27.29
133.59	-26.64
133.81	-27.10
133.83	-26.56
134.08	-26.91
134.30	-26.20
134.51	-28.15
134.78	-28.02
134.97	-27.51
135.21	-27.74
135.46	-27.74
135.75	-27.92
135.80	-27.93
136.20	-27.94
136.51	-27.43
136.80	-26.03
137.26	-26.48
137.73	-28.59
138.08	-25.93
138.49	-25.62
138.82	-26.48
139.18	-25.94	
139.57	-25.76
140.29	-26.15
140.64	-25.59
140.94	-25.93
141.27	-25.59
141.90	-23.64
142.16	-25.08
142.39	-25.02
142.66	-24.66
143.03	-24.81
143.25	-24.96
143.28	-24.11
143.86	-24.26
144.16	-23.92
144.46	-23.80
145.98	-24.24
146.28	-25.03
147.35	-22.90
147.65	-24.59
147.76	-22.88
148.06	-23.27
148.38	-23.56
148.72	-22.83
149.04	-22.42
149.34	-22.34
149.68	-23.81
150.32	-23.04
150.64	-22.84
150.92	-22.66
150.99	-25.71
151.45	-24.81
151.53	-24.88
152.06	-25.97
152.24	-25.61
153.30	-25.40
153.82	-25.35
154.36	-24.63
154.92	-23.14
155.48	-23.97
155.55	-23.49
156.02	-24.61
156.59	-23.31
157.12	-24.71
158.28	-26.15
158.50	-23.95
159.04	-25.97
159.75	-24.93
159.81	-25.38
159.90	-25.31
159.94	-25.11	
160.16	-26.15
160.25	-27.07
160.29	-27.18
160.37	-27.26
160.45	-26.81
160.52	-25.82
160.60	-25.99
160.67	-26.41
160.69	-27.62
161.11	-26.12
161.14	-26.44
161.18	-27.80
161.99	-29.51
162.15	-26.15
162.22	-27.57
162.29	-27.52
162.38	-27.07
162.45	-27.16
162.52	-27.66
162.59	-27.68
162.67	-27.16
162.71	-27.04
162.78	-27.85
162.90	-27.38
163.35	-26.15
163.79	-26.15
164.10	-26.15
180.18	-26.63
180.66	-26.79
181.41	-27.42
181.93	-27.59
182.35	-27.85
182.82	-27.04
183.29	-27.61
183.91	-28.21
184.57	-27.70
185.60	-25.52
185.92	-26.00
186.45	-25.40
187.11	-26.15
187.73	-31.06
188.04	-26.15
188.36	-25.10
188.65	-23.80
189.01	-24.81
189.67	-26.30
189.89	-26.00
190.09	-29.02
190.31	-26.69
190.56	-24.00	
190.93	-25.62
190.97	-25.20
191.13	-24.80
191.96	-26.30
192.29	-25.10
192.55	-26.10
193.08	-27.81
193.37	-27.40
193.68	-27.30
193.94	-25.90
194.62	-28.00
194.87	-27.40
195.15	-26.90
195.41	-25.87
195.64	-26.00
195.87	-25.00
196.11	-26.15
196.22	-25.16
196.33	-24.56
196.46	-25.65
196.57	-25.02
196.68	-26.15
196.79	-24.67
196.91	-26.91
197.04	-24.60
197.15	-23.98
197.27	-26.15
197.38	-25.10
197.51	-26.15
197.62	-25.04
197.74	-24.82
197.85	-24.13
198.06	-23.90
198.44	-24.16
198.84	-24.99
199.18	-24.50
199.42	-25.10
199.77	-24.60
200.25	-23.92
200.71	-25.20
201.21	-26.30
201.68	-25.21
201.94	-26.65
203.18	-27.28
203.60	-27.10
204.33	-26.20
205.08	-28.15
205.65	-26.86