Species	Status	MinT	MaxT
127	extinct	40.38	41.72
129	extinct	44.02	45.07
130	extinct	45.37	45.54
135	extinct	41.77	43.65
169	extinct	41.35	41.95
123	extinct	42.97	45.41
137	extinct	45.02	45.14
167	extinct	41.46	41.83
166	extinct	41.7	42.7
159	extinct	41.41	41.76
157	extinct	42.62	43.34
63	extinct	45.6	50.21
101	extinct	44.18	49.0
116	extinct	47.72	48.88
117	extinct	38.35	46.09
176	extinct	39.28	40.46
198	extinct	39.49	39.61
189	extinct	39.03	40.02
177	extinct	40.3	40.78
173	extinct	40.3	41.91
185	extinct	39.83	39.97
187	extinct	37.76	38.62
151	extinct	37.46	44.25
69	extinct	31.97	34.56
119	extinct	45.14	45.99
150	extinct	34.57	35.17
149	extinct	38.17	42.29
195	extinct	33.43	37.54
196	extinct	37.28	37.61
227	extinct	35.12	36.54
202	extinct	37.61	38.48
204	extinct	37.02	37.58
205	extinct	33.04	35.21
191	extinct	30.76	32.83
208	extinct	35.48	36.21
209	extinct	36.18	38.56
251	extinct	34.82	35.92
224	extinct	35.15	35.72
255	extinct	34.81	35.63
153	extinct	33.23	38.39
216	extinct	37.0	37.84
254	extinct	34.88	34.97
252	extinct	34.87	35.93
260	extinct	34.3	34.61
222	extinct	36.71	37.15
139	extinct	34.09	42.98
175	extinct	34.79	37.44
158	extinct	28.76	32.09
245	extinct	35.45	36.0
178	extinct	32.84	39.75
235	extinct	36.53	36.91
234	extinct	35.22	35.35
267	extinct	34.17	34.83
232	extinct	33.6	34.33
231	extinct	34.08	35.16
248	extinct	34.58	35.24
112	extinct	24.48	40.61
229	extinct	35.24	36.97
239	extinct	35.45	36.26
325	extinct	29.1	31.66
323	extinct	29.03	31.1
290	extinct	30.36	33.67
314	extinct	31.22	32.43
317	extinct	27.86	30.94
288	extinct	32.56	33.34
295	extinct	31.86	32.27
296	extinct	31.73	32.41
297	extinct	32.08	33.0
300	extinct	30.88	32.88
301	extinct	29.69	29.87
302	extinct	29.83	30.76
318	extinct	26.85	30.8
304	extinct	31.34	32.04
308	extinct	27.39	28.82
311	extinct	30.44	32.19
312	extinct	29.61	30.79
289	extinct	32.07	32.92
315	extinct	31.42	32.37
316	extinct	28.45	31.49
305	extinct	32.3	32.71
327	extinct	31.12	31.4
349	extinct	30.11	30.75
331	extinct	27.96	29.01
407	extinct	27.61	28.12
400	extinct	27.56	28.48
409	extinct	27.55	27.97
410	extinct	27.36	27.4
398	extinct	28.44	28.61
419	extinct	27.1	27.84
392	extinct	27.71	27.76
386	extinct	28.16	28.93
376	extinct	28.55	29.22
372	extinct	27.99	28.46
287	extinct	32.39	33.52
369	extinct	28.62	28.84
368	extinct	29.38	29.9
367	extinct	29.06	29.56
365	extinct	28.56	29.28
334	extinct	30.16	30.35
340	extinct	30.04	31.02
341	extinct	30.36	31.12
329	extinct	27.17	28.83
348	extinct	29.73	30.22
350	extinct	29.74	30.01
352	extinct	28.51	28.96
353	extinct	27.15	27.61
356	extinct	28.89	28.97
357	extinct	29.67	29.79
283	extinct	28.53	32.58
313	extinct	31.14	32.09
258	extinct	30.07	34.41
188	extinct	27.06	39.87
259	extinct	34.39	34.99
219	extinct	30.57	37.32
281	extinct	33.14	34.31
256	extinct	32.92	34.33
192	extinct	38.02	38.35
250	extinct	28.86	29.21
121	extinct	14.83	36.36
249	extinct	27.51	29.65
247	extinct	31.67	33.33
246	extinct	33.66	35.78
244	extinct	35.17	36.37
240	extinct	30.48	33.48
238	extinct	35.69	35.89
201	extinct	31.93	39.1
206	extinct	28.84	30.41
210	extinct	33.64	36.14
228	extinct	33.35	36.94
212	extinct	34.02	35.03
262	extinct	32.9	33.01
263	extinct	31.81	34.9
215	extinct	29.28	34.62
138	extinct	36.51	37.46
276	extinct	31.11	33.81
186	extinct	37.39	40.16
181	extinct	29.14	35.78
274	extinct	31.93	33.6
182	extinct	37.56	39.71
272	extinct	31.33	32.34
163	extinct	28.11	31.35
162	extinct	40.89	42.98
179	extinct	26.06	33.62
184	extinct	32.16	37.35
268	extinct	31.89	34.23
145	extinct	43.96	45.13
265	extinct	31.1	31.15
278	extinct	25.12	25.12
425	extinct	21.94	23.4
428	extinct	24.78	27.12
399	extinct	26.83	28.42
429	extinct	21.48	24.68
427	extinct	26.4	26.98
423	extinct	27.18	27.67
422	extinct	23.77	27.54
421	extinct	26.02	26.59
420	extinct	26.9	27.75
418	extinct	26.95	27.22
403	extinct	24.17	24.45
417	extinct	26.28	27.24
404	extinct	25.26	27.05
406	extinct	21.9	28.26
411	extinct	25.25	26.94
134	extinct	33.14	40.61
424	extinct	22.98	25.4
282	extinct	30.73	33.71
431	extinct	26.94	27.58
474	extinct	24.25	24.92
475	extinct	23.55	25.0
481	extinct	24.81	25.7
486	extinct	23.96	24.53
471	extinct	24.32	24.78
494	extinct	22.42	23.44
507	extinct	24.58	24.7
519	extinct	23.6	24.04
528	extinct	23.53	24.13
467	extinct	23.9	26.01
462	extinct	25.35	26.18
437	extinct	22.68	26.25
440	extinct	26.41	27.33
442	extinct	25.59	25.79
444	extinct	23.71	25.35
445	extinct	24.88	25.27
446	extinct	25.8	26.65
464	extinct	25.47	25.74
174	extinct	19.02	33.82
452	extinct	23.39	26.1
454	extinct	21.95	23.24
456	extinct	25.28	25.95
458	extinct	25.06	25.9
459	extinct	25.83	26.22
460	extinct	25.21	25.59
448	extinct	21.58	24.67
396	extinct	23.22	23.87
414	extinct	27.14	27.73
328	extinct	18.27	27.5
291	extinct	31.33	31.49
395	extinct	22.38	22.75
293	extinct	17.86	21.23
338	extinct	28.97	30.02
336	extinct	27.77	30.69
335	extinct	27.5	30.7
324	extinct	28.78	30.28
321	extinct	27.96	29.93
253	extinct	31.97	33.63
257	extinct	16.97	32.24
298	extinct	26.72	27.39
270	extinct	25.41	29.74
310	extinct	20.91	31.49
307	extinct	25.91	27.43
269	extinct	27.41	34.15
266	extinct	18.93	24.33
218	extinct	36.57	36.98
217	extinct	23.87	36.77
303	extinct	21.61	32.04
211	extinct	28.36	34.28
373	extinct	26.37	27.78
379	extinct	28.06	29.13
284	extinct	21.67	24.5
351	extinct	18.52	20.39
366	extinct	26.36	28.19
387	extinct	19.71	21.6
377	extinct	28.17	28.69
363	extinct	28.09	29.04
362	extinct	28.28	29.36
361	extinct	16.56	17.58
390	extinct	27.06	28.43
286	extinct	30.72	31.17
355	extinct	28.58	29.89
393	extinct	27.12	27.39
364	extinct	23.97	24.72
580	extinct	21.79	22.35
557	extinct	21.19	21.52
573	extinct	22.44	22.67
570	extinct	20.48	22.88
565	extinct	19.97	22.12
559	extinct	21.37	23.14
566	extinct	21.77	22.29
397	extinct	24.04	27.73
672	extinct	20.53	20.7
651	extinct	20.4	20.6
643	extinct	20.52	21.26
629	extinct	20.85	21.52
621	extinct	20.32	20.63
612	extinct	20.25	20.4
611	extinct	21.43	21.97
609	extinct	20.85	21.35
607	extinct	20.96	21.96
604	extinct	21.35	22.2
603	extinct	21.18	21.56
602	extinct	21.22	21.99
600	extinct	20.24	21.92
595	extinct	21.45	22.32
594	extinct	21.39	21.82
546	extinct	21.55	22.94
457	extinct	23.31	24.41
230	extinct	8.13	20.93
345	extinct	17.63	27.95
432	extinct	16.46	24.32
426	extinct	24.2	24.56
358	extinct	21.31	27.75
416	extinct	22.65	26.64
370	extinct	23.78	28.78
436	extinct	20.12	21.09
538	extinct	21.41	21.7
532	extinct	22.85	23.14
522	extinct	23.12	24.1
518	extinct	22.25	23.12
470	extinct	17.79	23.37
510	extinct	20.31	20.71
499	extinct	18.04	19.37
299	extinct	22.49	26.7
473	extinct	22.47	24.09
506	extinct	19.95	23.14
