Species	Status	MinT	MaxT
21	extinct	47.18	52.17
21	extinct	67.84	69.61
21	extinct	51.85	63.91
134	extinct	41.73	44.67
136	extinct	38.77	40.97
139	extinct	44.33	44.87
140	extinct	41.85	42.07
145	extinct	39.36	44.23
148	extinct	42.96	42.97
151	extinct	43.13	43.2
160	extinct	42.17	42.86
160	extinct	42.1	42.87
161	extinct	42.25	43.06
122	extinct	45.48	46.68
63	extinct	42.74	48.51
72	extinct	33.31	33.51
72	extinct	54.24	56.25
78	extinct	54.72	55.24
78	extinct	49.56	51.15
96	extinct	44.54	49.7
108	extinct	43.4	47.34
113	extinct	43.02	45.9
82	extinct	50.47	51.32
121	extinct	45.66	46.39
164	extinct	39.12	40.56
164	extinct	40.89	42.11
184	extinct	40.21	41.2
186	extinct	39.54	40.47
189	extinct	39.88	40.46
125	extinct	35.03	40.89
129	extinct	42.32	44.69
129	extinct	37.34	37.83
129	extinct	33.45	45.73
202	extinct	37.95	38.97
202	extinct	38.08	38.49
153	extinct	38.42	39.24
153	extinct	41.45	43.35
117	extinct	41.89	44.03
142	extinct	36.4	43.69
142	extinct	36.14	39.35
142	extinct	35.96	40.93
159	extinct	38.83	41.69
132	extinct	43.84	44.81
132	extinct	33.98	39.76
207	extinct	35.19	35.6
207	extinct	31.02	34.93
207	extinct	32.97	38.85
207	extinct	31.25	34.39
207	extinct	30.7	34.9
209	extinct	31.06	38.9
213	extinct	35.65	38.16
203	extinct	36.25	38.61
219	extinct	36.91	37.63
219	extinct	36.86	38.09
219	extinct	36.79	38.04
219	extinct	37.32	38.48
219	extinct	35.59	35.97
252	extinct	33.66	34.18
252	extinct	33.78	33.93
252	extinct	34.1	35.14
220	extinct	35.8	37.3
220	extinct	33.89	34.23
220	extinct	35.49	37.57
221	extinct	36.63	37.97
250	extinct	34.01	34.23
214	extinct	35.81	36.18
214	extinct	33.93	37.59
245	extinct	34.73	35.18
245	extinct	34.17	34.4
244	extinct	35.13	35.94
244	extinct	35.08	35.76
244	extinct	35.37	35.99
244	extinct	35.07	35.61
244	extinct	35.19	35.71
270	extinct	33.59	33.74
241	extinct	35.34	35.91
240	extinct	35.55	35.95
240	extinct	35.48	35.76
240	extinct	35.54	35.71
240	extinct	35.63	36.14
240	extinct	35.65	35.84
254	extinct	33.78	34.74
254	extinct	34.23	34.4
246	extinct	34.3	35.05
246	extinct	33.88	35.42
246	extinct	34.09	34.09
246	extinct	34.17	34.23
246	extinct	33.97	35.27
232	extinct	35.09	35.73
226	extinct	36.13	37.26
249	extinct	34.73	35.4
249	extinct	34.72	35.36
225	extinct	35.21	35.73
255	extinct	34.56	34.89
255	extinct	34.56	34.9
255	extinct	34.46	35.25
224	extinct	36.16	36.39
233	extinct	36.09	36.6
233	extinct	36.24	36.48
235	extinct	35.27	35.45
235	extinct	35.48	35.51
222	extinct	36.78	37.21
222	extinct	36.82	37.79
130	extinct	33.12	35.94
130	extinct	35.73	37.95
165	extinct	31.0	35.56
157	extinct	37.42	41.58
183	extinct	33.35	38.67
183	extinct	36.33	36.48
146	extinct	36.22	40.61
188	extinct	36.13	40.57
188	extinct	33.86	34.93
192	extinct	35.23	38.14
271	extinct	32.93	33.01
271	extinct	31.9	32.16
266	extinct	32.02	32.44
266	extinct	32.13	32.29
266	extinct	33.48	34.31
266	extinct	32.32	33.51
266	extinct	32.38	33.73
266	extinct	32.29	32.42
266	extinct	32.5	33.05
266	extinct	31.7	32.82
266	extinct	31.6	32.62
266	extinct	32.76	33.64
266	extinct	31.89	33.68
266	extinct	32.13	33.51
266	extinct	32.14	34.14
266	extinct	32.0	32.86
266	extinct	31.84	32.09
268	extinct	31.14	32.81
268	extinct	31.18	31.54
268	extinct	33.22	33.48
264	extinct	26.98	31.71
99	extinct	25.52	50.05
201	extinct	29.07	39.22
277	extinct	32.21	33.37
277	extinct	32.59	33.2
277	extinct	31.65	32.07
277	extinct	31.3	33.57
279	extinct	31.09	31.26
279	extinct	31.95	33.48
279	extinct	31.51	33.1
279	extinct	30.88	30.89
279	extinct	31.9	33.4
279	extinct	31.43	31.52
279	extinct	32.45	33.42
280	extinct	31.09	33.29
280	extinct	26.95	27.42
280	extinct	25.59	32.29
265	extinct	28.0	28.97
265	extinct	29.91	33.63
265	extinct	29.29	33.14
265	extinct	25.73	29.34
265	extinct	30.41	32.97
265	extinct	32.35	32.46
265	extinct	27.8	28.93
265	extinct	27.69	29.06
276	extinct	27.35	28.99
350	extinct	28.44	28.68
350	extinct	28.43	28.79
350	extinct	28.29	28.84
350	extinct	28.57	28.7
347	extinct	28.5	28.65
347	extinct	28.48	28.56
347	extinct	28.36	28.93
369	extinct	27.46	27.88
369	extinct	27.69	27.88
369	extinct	27.58	28.08
333	extinct	29.06	30.17
333	extinct	28.89	29.64
333	extinct	29.12	29.15
333	extinct	28.57	28.79
333	extinct	29.08	29.45
331	extinct	29.83	30.31
322	extinct	29.26	29.79
322	extinct	29.68	30.58
322	extinct	29.7	30.67
322	extinct	29.7	30.48
322	extinct	29.2	29.22
322	extinct	29.67	30.04
322	extinct	29.74	30.28
320	extinct	29.29	29.75
320	extinct	29.28	29.53
317	extinct	28.59	29.51
317	extinct	29.95	30.43
316	extinct	27.74	28.47
316	extinct	29.8	29.94
316	extinct	29.9	30.18
313	extinct	29.74	30.22
313	extinct	29.53	30.91
313	extinct	30.02	30.41
313	extinct	29.52	30.28
313	extinct	29.79	30.55
313	extinct	29.59	30.48
301	extinct	29.3	29.46
301	extinct	27.13	28.2
301	extinct	26.13	27.43
301	extinct	27.05	29.73
301	extinct	28.84	31.6
301	extinct	27.15	28.13
298	extinct	29.43	31.72
298	extinct	29.03	29.61
298	extinct	30.74	32.32
298	extinct	28.16	32.3
296	extinct	30.51	30.83
296	extinct	28.91	29.27
296	extinct	31.54	32.6
296	extinct	31.43	31.61
296	extinct	29.07	29.43
296	extinct	26.93	26.97
291	extinct	30.96	32.86
291	extinct	30.69	31.74
291	extinct	31.36	31.78
290	extinct	25.42	26.86
290	extinct	27.91	32.79
286	extinct	32.13	33.31
286	extinct	32.27	33.22
285	extinct	33.15	33.33
285	extinct	33.16	33.34
262	extinct	33.51	34.63
262	extinct	33.17	33.18
262	extinct	33.6	34.26
303	extinct	30.93	31.94
303	extinct	27.95	29.36
355	extinct	28.27	28.87
355	extinct	28.11	28.84
212	extinct	20.83	37.42
178	extinct	24.08	33.15
178	extinct	22.26	36.99
178	extinct	23.59	26.3
178	extinct	22.39	24.8
178	extinct	36.5	38.32
260	extinct	31.15	33.98
260	extinct	33.37	34.69
260	extinct	27.89	30.92
260	extinct	31.48	34.31
260	extinct	26.71	27.36
260	extinct	32.09	32.7
227	extinct	34.87	36.78
191	extinct	36.74	36.81
191	extinct	34.34	40.14
191	extinct	33.48	34.23
191	extinct	28.87	35.57
191	extinct	38.63	39.98
191	extinct	35.52	37.26
228	extinct	30.43	30.76
228	extinct	36.23	36.23
228	extinct	33.33	37.08
193	extinct	36.92	37.27
230	extinct	35.04	36.6
230	extinct	33.15	33.24
230	extinct	30.72	32.99
230	extinct	34.56	35.57
230	extinct	33.83	36.16
210	extinct	34.56	37.76
210	extinct	31.89	37.22
174	extinct	36.49	38.55
173	extinct	31.38	39.33
173	extinct	31.58	36.47
234	extinct	34.79	35.57
234	extinct	27.78	36.05
356	extinct	27.46	28.57
356	extinct	27.59	28.35
237	extinct	30.06	30.12
237	extinct	31.31	35.45
187	extinct	38.09	39.77
187	extinct	32.23	38.95
187	extinct	32.15	34.09
187	extinct	28.17	38.62
187	extinct	31.19	40.16
248	extinct	34.63	35.27
248	extinct	32.54	34.41
248	extinct	32.05	33.74
248	extinct	31.72	33.62
248	extinct	31.84	34.44
248	extinct	32.78	33.88
248	extinct	29.54	30.7
248	extinct	27.87	28.44
248	extinct	34.1	35.69
248	extinct	32.69	33.17
248	extinct	33.35	33.82
248	extinct	34.78	35.17
248	extinct	28.82	33.11
197	extinct	38.66	39.18
239	extinct	32.88	36.32
239	extinct	32.0	35.3
239	extinct	35.28	35.47
217	extinct	35.7	37.57
217	extinct	30.24	30.27
217	extinct	29.58	37.58
217	extinct	34.06	38.3
217	extinct	35.09	36.15
259	extinct	33.15	33.91
242	extinct	28.41	31.25
242	extinct	23.0	23.56
247	extinct	34.02	34.19
247	extinct	26.8	27.15
238	extinct	34.49	36.36
238	extinct	26.01	28.88
238	extinct	27.09	34.4
238	extinct	29.95	31.87
216	extinct	30.08	32.53
253	extinct	33.74	34.84
253	extinct	29.47	32.93
133	extinct	18.0	30.18
133	extinct	41.87	45.13
133	extinct	17.44	21.87
133	extinct	32.74	45.2
133	extinct	35.78	39.75
256	extinct	22.88	27.05
256	extinct	29.22	33.0
396	extinct	23.79	26.4
396	extinct	25.76	26.42
393	extinct	26.8	27.43
388	extinct	26.36	26.95
388	extinct	26.25	26.59
389	extinct	26.69	27.48
389	extinct	27.11	27.47
395	extinct	26.25	26.41
395	extinct	25.17	26.23
395	extinct	24.23	25.6
390	extinct	26.49	27.47
453	extinct	23.81	24.05
453	extinct	23.58	24.29
453	extinct	23.85	24.67
382	extinct	21.35	22.7
382	extinct	22.33	22.73
382	extinct	20.4	22.26
381	extinct	25.25	26.39
376	extinct	20.71	25.98
376	extinct	25.99	26.59
376	extinct	20.51	26.42
373	extinct	24.84	27.24
372	extinct	22.8	27.87
365	extinct	24.71	28.18
365	extinct	25.8	27.73
365	extinct	25.09	27.59
363	extinct	26.83	27.03
363	extinct	27.48	28.52
363	extinct	26.98	27.61
363	extinct	27.58	27.58
363	extinct	26.86	27.99
363	extinct	27.17	27.57
363	extinct	27.22	27.86
362	extinct	24.88	27.26
486	extinct	23.07	23.58
486	extinct	22.88	23.7
357	extinct	25.98	28.76
371	extinct	25.72	26.46
371	extinct	26.11	27.24
371	extinct	22.85	23.31
371	extinct	24.04	27.4
461	extinct	22.2	24.22
495	extinct	22.77	23.36
443	extinct	22.68	22.98
443	extinct	22.88	24.08
441	extinct	24.09	24.1
436	extinct	23.53	24.31
436	extinct	23.57	25.79
436	extinct	23.41	24.19
436	extinct	24.62	24.84
436	extinct	24.74	25.72
436	extinct	24.23	24.58
436	extinct	24.25	25.5
436	extinct	24.16	25.73
436	extinct	24.39	25.03
436	extinct	24.57	24.92
433	extinct	24.88	25.6
415	extinct	23.62	25.22
414	extinct	24.19	24.47
414	extinct	25.2	26.35
409	extinct	26.08	26.83
408	extinct	22.17	24.9
408	extinct	22.69	26.8
408	extinct	23.14	26.34
408	extinct	21.53	22.02
407	extinct	21.55	25.49
403	extinct	25.82	26.79
403	extinct	25.4	26.42
403	extinct	25.63	26.35
401	extinct	26.26	26.43
400	extinct	25.12	25.72
400	extinct	23.08	25.73
400	extinct	25.18	27.07
295	extinct	24.4	30.8
295	extinct	23.75	30.55
312	extinct	26.72	29.6
311	extinct	19.87	25.28
311	extinct	27.82	30.35
304	extinct	19.97	25.67
299	extinct	29.38	29.56
293	extinct	29.76	32.13
293	extinct	28.83	30.32
292	extinct	17.12	26.04
281	extinct	26.35	28.35
281	extinct	25.58	32.59
281	extinct	21.41	33.26
281	extinct	21.38	24.82
278	extinct	21.61	33.26
278	extinct	19.14	33.08
278	extinct	25.42	25.71
278	extinct	25.53	27.42
278	extinct	24.24	32.96
236	extinct	15.43	27.76
231	extinct	13.39	30.7
231	extinct	14.4	24.75
229	extinct	20.39	25.27
218	extinct	20.99	32.86
218	extinct	22.37	35.19
211	extinct	24.47	29.77
211	extinct	36.8	37.47
211	extinct	34.35	35.72
205	extinct	14.48	19.7
205	extinct	16.38	34.47
205	extinct	34.23	37.83
319	extinct	25.39	30.07
319	extinct	19.44	23.09
321	extinct	22.88	25.72
321	extinct	24.37	25.03
349	extinct	20.88	23.39
349	extinct	27.38	28.24
348	extinct	25.64	27.33
348	extinct	24.76	27.63
348	extinct	25.43	27.68
346	extinct	25.42	27.41
346	extinct	28.17	28.32
346	extinct	28.06	28.64
346	extinct	25.16	26.54
346	extinct	26.77	28.19
346	extinct	24.88	27.51
345	extinct	25.74	29.1
345	extinct	26.52	27.0
340	extinct	26.16	29.23
340	extinct	24.04	25.67
336	extinct	24.35	26.56
336	extinct	23.21	24.94
336	extinct	21.1	22.76
336	extinct	18.58	24.7
335	extinct	23.65	30.1
335	extinct	24.64	27.0
337	extinct	26.98	28.02
337	extinct	21.21	28.84
337	extinct	24.68	29.67
337	extinct	24.43	27.31
337	extinct	23.14	29.66
330	extinct	27.47	27.9
330	extinct	24.57	28.59
332	extinct	25.54	27.74
332	extinct	27.59	29.96
328	extinct	23.03	30.53
328	extinct	23.89	24.06
327	extinct	25.8	26.82
327	extinct	24.05	28.46
327	extinct	19.69	25.11
326	extinct	29.38	30.24
326	extinct	24.06	27.14
515	extinct	21.91	22.21
515	extinct	21.17	22.45
513	extinct	21.29	22.82
513	extinct	21.63	21.83
513	extinct	21.57	21.95
510	extinct	21.75	21.97
507	extinct	19.32	21.02
580	extinct	20.07	20.24
554	extinct	19.65	20.94
554	extinct	19.86	20.01
606	extinct	20.43	20.99
493	extinct	21.86	22.11
581	extinct	20.47	20.68
553	extinct	19.71	20.45
492	extinct	22.06	23.1
548	extinct	19.97	20.83
548	extinct	20.38	20.84
545	extinct	20.98	21.92
545	extinct	20.57	22.07
545	extinct	21.21	22.26
545	extinct	20.37	21.99
535	extinct	21.47	21.66
535	extinct	21.39	21.61
532	extinct	20.84	22.27
532	extinct	21.55	21.58
565	extinct	21.11	21.82
522	extinct	20.12	20.24
522	extinct	21.02	21.77
520	extinct	21.98	22.9
520	extinct	22.02	22.12
520	extinct	22.03	22.81
519	extinct	19.94	21.62
519	extinct	20.36	21.79
519	extinct	21.36	21.81
519	extinct	19.15	20.75
533	extinct	20.38	22.67
533	extinct	18.68	20.66
550	extinct	20.67	20.76
263	extinct	28.51	32.17
263	extinct	19.06	34.61
263	extinct	28.61	34.34
263	extinct	32.96	34.57
488	extinct	22.18	22.29
488	extinct	21.86	23.58
420	extinct	24.15	25.25
420	extinct	24.4	26.0
420	extinct	22.38	22.74
410	extinct	16.4	21.25
318	extinct	29.94	30.98
318	extinct	20.3	23.93
318	extinct	18.32	30.0
318	extinct	22.32	29.81
430	extinct	19.6	25.43
430	extinct	24.12	25.15
430	extinct	19.45	20.24
391	extinct	25.17	26.02
387	extinct	19.93	23.84
387	extinct	21.45	26.45
374	extinct	14.4	18.02
367	extinct	26.64	28.12
367	extinct	14.91	28.34
360	extinct	18.5	28.53
325	extinct	22.09	22.63
325	extinct	25.62	29.47
489	extinct	22.72	23.6
489	extinct	22.12	23.11
489	extinct	22.5	23.69
489	extinct	21.7	22.33
489	extinct	22.25	22.73
480	extinct	19.85	21.5
480	extinct	20.71	21.26
480	extinct	22.69	23.31
479	extinct	19.28	23.27
479	extinct	20.57	22.01
479	extinct	21.58	22.67
475	extinct	21.32	22.06
474	extinct	22.27	22.6
474	extinct	21.57	23.76
474	extinct	20.43	23.1
471	extinct	20.79	23.57
471	extinct	19.43	21.49
471	extinct	19.99	20.71
471	extinct	22.72	23.63
471	extinct	22.81	23.84
468	extinct	20.46	21.5
622	extinct	20.04	20.51
622	extinct	19.81	20.53
456	extinct	21.69	23.77
446	extinct	20.89	22.01
445	extinct	20.89	23.12
