Age	C13organic
0	-22.05
0.1	-21.6366666666667
0.2	-21.6533333333333
0.3	-22.08
0.4	-22.585
0.5	-22.5716666666667
0.6	-22.0883333333333
0.7	-22.432
0.8	-22.88
0.9	-21.6053333333333
1	-21.132
1.1	-20.8983333333333
1.2	-21.92
1.3	-21.9
1.4	-21.8333333333333
1.5	-22.06
1.6	-22.0733333333333
1.7	-21.5
1.8	-21.5
1.9	-22.9433333333333
2	-22.4928571428571
2.1	-23.0816666666667
2.2	-22.26
2.3	-21.44
2.4	-21.75
2.5	-21.9642857142857
2.6	-21.5825
2.7	-21.9554545454545
2.8	-22.7069230769231
2.9	-23.1915384615385
3	-22.092
3.1	-22.1227272727273
3.2	-22.54
3.3	-21.49
3.4	-22.3554545454545
3.5	-23.225
3.6	-23.6123076923077
3.7	-23.0866666666667
3.8	-22.5610256410256
3.9	-22.0353846153846
4	-21.7105882352941
4.1	-21.6635294117647
4.2	-21.8157142857143
4.3	-22.4014285714286
4.4	-22.87
4.5	-21.8288235294118
4.6	-21.1515
4.7	-21.6665
4.8	-22.1815
4.9	-22.6965
5	-23.16
5.1	-22.9323529411765
5.2	-22.73
5.3	-22.3535294117647
5.4	-22.1195238095238
5.5	-22.4147619047619
5.6	-22.71
5.7	-22.195
5.8	-21.68
5.9	-22.1564705882353
6	-22.5452380952381
6.1	-23.097619047619
6.2	-23.65
6.3	-23.4805882352941
6.4	-23.29
6.5	-22.96
6.6	-22.5933333333333
6.7	-22.2266666666667
6.8	-22.3835294117647
6.9	-23.1423529411765
7	-23.5961904761905
7.1	-24.0485714285714
7.2	-24.1376470588235
7.3	-23.2258823529412
7.4	-22.8072
7.5	-22.9312
7.6	-23.0552
7.7	-23.1792
7.8	-23.3032
7.9	-23.3913333333333
8	-23.4046666666667
8.1	-23.4042857142857
8.2	-23.39
8.3	-23.3931818181818
8.4	-23.525
8.5	-23.6568181818182
8.6	-23.4517647058824
8.7	-23.14
8.8	-23.1352941176471
8.9	-23.1294117647059
9	-23.1235294117647
9.1	-23.1628571428571
9.2	-23.3771428571429
9.3	-23.5742857142857
9.4	-23.78
9.5	-23.4858823529412
9.6	-23.3453846153846
9.7	-23.9992307692308
9.8	-23.9114285714286
9.9	-23.62
10	-23.37
10.1	-23.4736363636364
10.2	-23.747
10.3	-23
10.4	-22.8071428571429
10.5	-22.8663636363636
10.6	-23.31
10.7	-24.31
10.8	-24.3936363636364
10.9	-23.79
11	-23.29
11.1	-23.2827272727273
11.2	-23.4780769230769
11.3	-23.8742307692308
11.4	-24.2703846153846
11.5	-24.058
11.6	-23.698
11.7	-24.3685714285714
11.8	-24.56
11.9	-23.245
12	-23.1241666666667
12.1	-23.0776923076923
12.2	-22.77
12.3	-23.4046666666667
12.4	-23.8466666666667
12.5	-22.7133333333333
12.6	-22.7463636363636
12.7	-23.006
12.8	-23.446
12.9	-23.205
13	-22.9085294117647
13.1	-22.7938235294118
13.2	-22.6791176470588
13.3	-22.5644117647059
13.4	-22.470625
13.5	-22.351875
13.6	-22.2161538461538
13.7	-22.1636842105263
13.8	-22.4321052631579
13.9	-22.745
14	-23.87
14.1	-23.8721951219512
14.2	-23.8746341463415
14.3	-23.8770731707317
14.4	-23.879512195122
14.5	-23.4692307692308
14.6	-22.9858823529412
14.7	-22.9447058823529
14.8	-22.8921739130435
14.9	-22.7530434782609
15	-22.6139130434783
15.1	-22.8333333333333
15.2	-23.1666666666667
15.3	-23.2327272727273
15.4	-23.0645454545455
15.5	-22.93
15.6	-23.1087878787879
15.7	-23.2875757575758
15.8	-23.4663636363636
15.9	-23.4866666666667
16	-23.42
16.1	-23.3533333333333
16.2	-23.3
16.3	-23.1955882352941
16.4	-23.0911764705882
16.5	-22.9867647058824
16.6	-22.8823529411765
16.7	-22.7779411764706
16.8	-22.6735294117647
16.9	-22.59
17	-23.1057894736842
17.1	-23.57
17.2	-23.1082608695652
17.3	-22.5952173913044
17.4	-22.4141666666667
17.5	-22.4745833333333
17.6	-22.535
17.7	-22.5954166666667
17.8	-22.6558333333333
17.9	-22.7168
18	-22.8088
18.1	-22.9008
18.2	-22.899347826087
18.3	-22.8841304347826
18.4	-22.8689130434783
18.5	-22.8536956521739
18.6	-22.84
18.7	-23.9854545454545
18.8	-24.2039306358381
18.9	-24.1438150289017
19	-24.0836994219653
19.1	-24.0235838150289
19.2	-23.9634682080925
19.3	-23.9033526011561
19.4	-23.8432369942197
19.5	-23.7831213872832
19.6	-23.7230057803468
19.7	-23.6628901734104
19.8	-23.602774566474
19.9	-23.5426589595376
20	-23.4825433526012
20.1	-23.4224277456647
20.2	-23.3623121387283
20.3	-23.3021965317919
20.4	-23.2420809248555
20.5	-23.2051923076923
20.6	-23.2571153846154
20.7	-23.3090384615385
20.8	-23.3609615384615
20.9	-23.4128846153846
21	-23.4648076923077
21.1	-23.5070588235294
21.2	-23.56
21.3	-23.6129411764706
21.4	-23.6519230769231
21.5	-23.6711538461538
21.6	-23.6903846153846
21.7	-23.6170909090909
21.8	-23.3407272727273
21.9	-23.0643636363636
22	-22.788
22.1	-22.5116363636364
22.2	-22.2352727272727
22.3	-22.2754545454545
22.4	-22.4345454545455
22.5	-22.5342857142857
22.6	-22.5557142857143
22.7	-22.9457142857143
22.8	-23.0893333333333
22.9	-23.18
23	-23.51
23.1	-23.84
23.2	-23.42
23.3	-22.895
23.4	-22.6627586206897
23.5	-23.0765517241379
23.6	-23.4903448275862
23.7	-23.8089473684211
23.8	-24.0984210526316
23.9	-24.33
24	-23.5175
24.1	-23.1355555555556
24.2	-23.6633333333333
24.3	-24.0094117647059
24.4	-24.1564705882353
24.5	-24.2696428571429
24.6	-24.4017857142857
24.7	-24.5339285714286
24.8	-24.5871428571429
24.9	-24.552
25	-24.507
25.1	-24.4603921568627
25.2	-24.3623529411765
25.3	-24.2643137254902
25.4	-24.1662745098039
25.5	-24.0682352941176
25.6	-23.98
25.7	-24.1323863636364
25.8	-24.3017045454545
25.9	-24.4710227272727
26	-24.6403409090909
26.1	-24.8096590909091
26.2	-24.9789772727273
26.3	-25.1482954545455
26.4	-25.3176136363636
26.5	-25.47
26.6	-25.0344
26.7	-24.5504
26.8	-24.273023255814
26.9	-24.3381395348837
27	-24.4032558139535
27.1	-24.4683720930233
27.2	-24.533488372093
27.3	-24.3867567567568
27.4	-24.1678378378378
27.5	-23.9489189189189
27.6	-23.73
27.7	-23.9382051282051
27.8	-24.1984615384615
27.9	-24.4587179487179
28	-24.7189743589744
28.1	-24.9792307692308
28.2	-25.2394871794872
28.3	-25.4997435897436
28.4	-25.76
28.5	-24.9714285714286
28.6	-23.9857142857143
28.7	-23.8971428571429
28.8	-24.3114285714286
28.9	-24.7257142857143
29	-24.847619047619
29.1	-24.8428571428571
29.2	-24.8257142857143
29.3	-24.7542857142857
29.4	-24.6828571428571
29.5	-24.6561764705882
29.6	-24.7370588235294
29.7	-24.8179411764706
29.8	-24.8988235294118
29.9	-24.9797058823529
30	-25.0605882352941
30.1	-25.1414705882353
30.2	-25.1780769230769
30.3	-25.1184615384615
30.4	-25.0588461538462
30.5	-24.9992307692308
30.6	-24.9396153846154
30.7	-24.88
30.8	-25.0852830188679
30.9	-25.3418867924528
31	-25.5984905660377
31.1	-25.8550943396226
31.2	-26.1116981132075
31.3	-26.2205128205128
31.4	-26.1555555555556
31.5	-26.0905982905983
31.6	-26.025641025641
31.7	-25.9606837606838
31.8	-25.8957264957265
31.9	-25.8307692307692
32	-25.765811965812
32.1	-25.7008547008547
32.2	-25.6358974358974
32.3	-25.5709401709402
32.4	-25.5059829059829
32.5	-25.491914893617
32.6	-25.5217021276596
32.7	-25.5514893617021
32.8	-25.5812765957447
32.9	-25.6110638297872
33	-25.6408510638298
33.1	-25.6706382978723
33.2	-25.7004255319149
33.3	-25.7302127659574
33.4	-25.76
33.5	-25.7897872340426
33.6	-25.8195744680851
33.7	-25.8493617021277
33.8	-25.8791489361702
33.9	-25.8643902439024
34	-25.5082926829268
34.1	-25.1521951219512
34.2	-24.7960975609756
34.3	-24.44
34.4	-24.484
34.5	-24.539
34.6	-24.562380952381
34.7	-24.5830158730159
34.8	-24.6036507936508
34.9	-24.6242857142857
35	-24.6449206349206
35.1	-24.6655555555556
35.2	-24.79
35.3	-24.0565
35.4	-22.8515
35.5	-23.875
35.6	-25.27
35.7	-25.3033333333333
35.8	-25.3366666666667
35.9	-25.10375
36	-24.8
36.1	-23.6720689655172
36.2	-24.5927586206897
36.3	-25.513448275862
36.4	-26.25
36.5	-26.2653846153846
36.6	-26.0616666666667
36.7	-26.2785714285714
36.8	-25.4642857142857
36.9	-25.86
37	-26.42
37.1	-26.3874468085106
37.2	-26.3512765957447
37.3	-26.3151063829787
37.4	-26.2789361702128
37.5	-26.2427659574468
37.6	-26.2065957446809
37.7	-26.1704255319149
37.8	-26.1342553191489
37.9	-26.098085106383
38	-26.061914893617
38.1	-26.0257446808511
38.2	-25.9895744680851
38.3	-25.9534042553191
38.4	-25.9172340425532
38.5	-25.8810638297872
38.6	-25.8448936170213
38.7	-25.8087234042553
38.8	-25.7725531914894
38.9	-25.7363829787234
39	-25.7002127659574
39.1	-25.6640425531915
39.2	-25.6278723404255
39.3	-25.5917021276596
39.4	-25.5555319148936
39.5	-25.5193617021277
39.6	-25.4831914893617
39.7	-25.4470212765957
39.8	-25.4108510638298
39.9	-25.2115384615385
40	-24.8346153846154
40.1	-24.4576923076923
40.2	-24.2465441176471
40.3	-23.99875
40.4	-23.7509558823529
40.5	-23.5031617647059
40.6	-23.2553676470588
40.7	-23.0075735294118
40.8	-22.7597794117647
40.9	-22.5119852941177
41	-22.2641911764706
41.1	-22.0163970588235
41.2	-21.7686029411765
41.3	-21.5208088235294
41.4	-21.2730147058824
41.5	-21.05
41.6	-21.7739705882353
41.7	-22.5783823529412
41.8	-23.382794117647
41.9	-24.187205882353
42	-24.9916176470588
42.1	-25.7960294117647
42.2	-26.52
42.3	-26.4139285714286
42.4	-26.2960714285714
42.5	-26.19
42.6	-26.1951136363636
42.7	-26.2007954545455
42.8	-26.2064772727273
42.9	-26.2121590909091
43	-26.2178409090909
43.1	-26.2235227272727
43.2	-26.2292045454545
43.3	-26.2348863636364
43.4	-26.24
43.5	-26.2662025316456
43.6	-26.2953164556962
43.7	-26.3244303797468
43.8	-26.3535443037975
43.9	-26.3826582278481
44	-26.4117721518987
44.1	-26.4408860759494
44.2	-26.47
44.3	-26.4991139240506
44.4	-26.5282278481013
44.5	-26.5573417721519
44.6	-26.5864556962025
44.7	-26.6155696202532
44.8	-26.6446835443038
44.9	-26.6737974683544
45	-26.7
45.1	-26.730306122449
45.2	-26.7639795918367
45.3	-26.7976530612245
45.4	-26.8313265306122
45.5	-26.865
45.6	-26.8986734693878
45.7	-26.9323469387755
45.8	-26.9660204081633
45.9	-26.999693877551
46	-27.03
46.1	-26.8323711340206
46.2	-26.6127835051546
46.3	-26.3931958762887
46.4	-26.1736082474227
46.5	-25.9540206185567
46.6	-25.7344329896907
46.7	-25.5148453608247
46.8	-25.2952577319588
46.9	-25.0756701030928
47	-24.9
47.1	-25.1293103448276
47.2	-25.3586206896552
47.3	-25.5879310344828
47.4	-25.8172413793103
47.5	-26.0465517241379
47.6	-26.23
47.7	-26.1757627118644
47.8	-26.1215254237288
47.9	-26.0672881355932
48	-26.0130508474576
48.1	-25.958813559322
48.2	-25.91
48.3	-25.8135714285714
48.4	-25.7064285714286
48.5	-25.61
48.6	-25.4818181818182
48.7	-25.3393939393939
48.8	-25.1969696969697
48.9	-25.3
49	-25.29
49.1	-25.14
49.2	-24.99
49.3	-24.84
49.4	-24.72
49.5	-25.8033333333333
49.6	-25.972
49.7	-25.9
49.8	-25.9039130434783
49.9	-25.9082608695652
50	-25.18
50.1	-25.1872413793103
50.2	-25.1952873563218
50.3	-25.2033333333333
50.4	-25.2113793103448
50.5	-25.2194252873563
50.6	-25.2274712643678
50.7	-25.2355172413793
50.8	-25.2435632183908
50.9	-25.25
51	-25.4822033898305
51.1	-25.714406779661
51.2	-25.9466101694915
51.3	-26.178813559322
51.4	-26.4110169491525
51.5	-26.62
51.6	-26.4785051546392
51.7	-26.3212886597938
51.8	-26.1640721649485
51.9	-26.0068556701031
52	-25.8496391752577
52.1	-25.6924226804124
52.2	-25.535206185567
52.3	-25.3779896907217
52.4	-25.2207731958763
52.5	-25.0635567010309
52.6	-24.9063402061856
52.7	-24.7491237113402
52.8	-24.5919072164948
52.9	-24.4346907216495
53	-24.2774742268041
53.1	-24.1202577319588
53.2	-23.9630412371134
53.3	-23.805824742268
53.4	-23.6486082474227
53.5	-23.8592857142857
53.6	-24.8235714285714
53.7	-25.7878571428571
53.8	-26.237
53.9	-26.1466666666667
54	-26.0133333333333
54.1	-26.2672727272727
54.2	-26.5844444444444
54.3	-26.815
54.4	-26.89
54.5	-26.97
54.6	-26.97
54.7	-25.57
54.8	-25.462
54.9	-25.342
55	-25.2825
55.1	-25.345
55.2	-25.4352631578947
55.3	-25.5984210526316
55.4	-25.485
55.5	-25.184
55.6	-25.2988235294117
55.7	-25.8870588235294
55.8	-26.064
55.9	-25.36
56	-25.4766666666667
56.1	-25.5933333333333
56.2	-25.71
56.3	-26.0377777777777
56.4	-26.9073684210526
56.5	-26.5810526315789
56.6	-26.2547368421053
56.7	-25.9284210526316
56.8	-25.6021052631579
56.9	-25.2757894736842
57	-25.1127272727273
57.1	-25.2763636363636
57.2	-25.44
57.3	-25.5566666666667
57.4	-25.7025
57.5	-25.7920833333333
57.6	-25.8025
57.7	-25.8129166666667
57.8	-25.8233333333333
57.9	-25.83375
58	-25.9275
58.1	-26.365
58.2	-26.8025
58.3	-27.24
58.4	-27.6775
58.5	-27.867868852459
58.6	-27.5072131147541
58.7	-27.1465573770492
58.8	-26.7859016393443
58.9	-26.4252459016393
59	-26.0645901639344
59.1	-25.74
59.2	-26.034
59.3	-26.3606666666667
59.4	-26.6873333333333
59.5	-26.5019230769231
59.6	-26.1903846153846
59.7	-25.91
59.8	-25.9181264108352
59.9	-25.9271557562077
60	-25.9361851015801
60.1	-25.9452144469526
60.2	-25.9542437923251
60.3	-25.9632731376975
60.4	-25.97230248307
60.5	-25.9813318284424
60.6	-25.9903611738149
60.7	-25.9993905191874
60.8	-26.0084198645598
60.9	-26.0174492099323
61	-26.0264785553047
61.1	-26.0355079006772
61.2	-26.0445372460497
61.3	-26.0535665914221
61.4	-26.0625959367946
61.5	-26.071625282167
61.6	-26.0806546275395
61.7	-26.089683972912
61.8	-26.0987133182844
61.9	-26.1077426636569
62	-26.1167720090293
62.1	-26.1258013544018
62.2	-26.1348306997743
62.3	-26.1438600451467
62.4	-26.1528893905192
62.5	-26.1619187358916
62.6	-26.1709480812641
62.7	-26.1799774266366
62.8	-26.189006772009
62.9	-26.1980361173815
63	-26.2070654627539
63.1	-26.2160948081264
63.2	-26.2251241534989
63.3	-26.2341534988713
63.4	-26.2431828442438
63.5	-26.2522121896163
63.6	-26.2612415349887
63.7	-26.2702708803612
63.8	-26.2793002257336
63.9	-26.2883295711061
64	-26.2973589164786
64.1	-26.306388261851
64.2	-26.1490476190476
64.3	-25.7466666666667
64.4	-25.3442857142857
64.5	-24.9419047619048
64.6	-24.62
64.7	-24.8433333333333
64.8	-25.0666666666667
64.9	-25.29
65	-26.3300000000001
65.1	-24.6033333333334
65.2	-24.11
65.3	-24.022
65.4	-23.902
65.5	-23.782
65.6	-23.940625
65.7	-24.184375
65.8	-24.428125
65.9	-24.5022222222222
66	-24.342962962963
