Age	Sea_level
0	-10.86
0.1	-30.03
0.2	3.96
0.3	-23.52
0.4	9.13
0.5	-5.84
0.6	-40.68
0.7	-57.98
0.8	-68.33
0.9	-58.54
1	-35.46
1.1	-34.64
1.2	-21.2
1.3	-34.61
1.4	-9.77
1.5	-42.21
1.6	-16.09
1.7	-42.54
1.8	-32.9
1.9	-38.74
2	-17.25
2.1	-29.56
2.2	-26.48
2.3	-5.82
2.4	-27.51
2.5	-8.61
2.6	-36.32
2.7	-35.74
2.8	-31.12
2.9	-9.15
3	-14.26
3.1	4.66
3.2	4.66
3.3	-27.31
3.4	-8.82
3.5	26.87
3.6	12.33
3.7	22
3.8	6.21
3.9	14.66
4	-25.49
4.1	12.37
4.2	5.07
4.3	2.9
4.4	2.56
4.5	-6.66
4.6	-5.31
4.7	-10.21
4.8	-0.66
4.9	-39.06
5	-1.66
5.1	-8.21
5.2	-0.23
5.3	-3.69
5.4	-5.58
5.5	-7.34
5.6	-7.65
5.7	-9.58
5.8	0.05
5.9	-7.24
6	-15.39
6.1	-4.22
6.2	-10.02
6.3	-5.84
6.4	-8.56
6.5	-20.15
6.6	-12.05
6.7	-6.16
6.8	-8.62
6.9	-4.06
7	-5.78
7.1	-5.06
7.2	12.86
7.3	-13.46
7.4	4.08
7.5	-9.64
7.6	-18.7
7.7	-17.52
7.8	-26.92
7.9	-16.19
8	-18.7
8.1	-22.8633333333333
8.2	-27.0266666666667
8.3	-31.19
8.4	-14.87
8.5	-13.88
8.6	-27.77
8.7	-22.23
8.8	-26.44
8.9	-33.73
9	-20.58
9.1	-24.27
9.2	-22.4
9.3	-18.42
9.4	-22.95
9.5	-18.03
9.6	6.07
9.7	-19.45
9.8	-4.22
9.9	-24.92
10	-2.14
10.1	10.07
10.2	-2.83
10.3	-18.06
10.4	5.61
10.5	1.12
10.6	-7.57
10.7	7.62
10.8	-12.53
10.9	2.01
11	4.61
11.1	-12.01
11.2	0.53
11.3	-8.12
11.4	-4.94
11.5	5
11.6	1.18
11.7	4.51
11.8	13.51
11.9	-15.61
12	20.14
12.1	3.34
12.2	-0.37
12.3	15.31
12.4	-7.9
12.5	-4.1
12.6	4.19
12.7	0.01
12.8	-19.44
12.9	-18.07
13	-23.89
13.1	8.4
13.2	2.06
13.3	-14.62
13.4	-5
13.5	5.47
13.6	-9.49
13.7	3.95
13.8	6.38
13.9	59.26
14	40.67
14.1	27.27
14.2	15.63
14.3	21.17
14.4	-0.14
14.5	30.08
14.6	26.62
14.7	14.96
14.8	21.71
14.9	11.81
15	25.78
15.1	50.64
15.2	53.23
15.3	26.14
15.4	4.82
15.5	39.28
15.6	22.81
15.7	13.77
15.8	15.94
15.9	-6.06
16	62.41
16.1	17.16
16.2	30.75
16.3	10.06
16.4	33.22
16.5	35.57
16.6	24.61
16.7	4.73
16.8	21.31
16.9	29.23
17	2.55
17.1	-3.78
17.2	4.49
17.3	34.21
17.4	16.61
17.5	5.6
17.6	-15.98
17.7	12.12
17.8	6.33
17.9	-31.7
18	-22.54
18.1	-6.2
18.2	-6.16
18.3	-10.37
18.4	-23.47
18.5	0
18.6	-21.84
18.7	-23.85
18.8	3.01
18.9	-22.57
19	-23.9
19.1	-11.48
19.2	0.84
19.3	-5.59
19.4	-34.15
19.5	-25.25
19.6	-14.58
19.7	8.15
19.8	-25.53
19.9	-20.9
20	-0.46
20.1	-7.535
20.2	-14.61
20.3	19.61
20.4	10.86
20.5	-40.63
20.6	-39.39
20.7	-7.93
20.8	-20.5
20.9	-54.56
21	-17.02
21.1	-6.8
21.2	2.13
21.3	-25.11
21.4	-20.71
21.5	6.43
21.6	33.57
21.7	1.26
21.8	2.11
21.9	-29.77
22	-26.47
22.1	4.47
22.2	-27.31
22.3	-22.38
22.4	-22.34
22.5	8.36
22.6	-11.83
22.7	-11.71
22.8	33.8
22.9	-11.87
23	-34.01
23.1	-30.16
23.2	6.78
23.3	6.56
23.4	15.42
23.5	3.97
23.6	6.22
23.7	37.53
23.8	13.94
23.9	12.19
24	32.96
24.1	16.93
24.2	17.89
24.3	-11.9
24.4	37.69
24.5	8.99
24.6	26.09
24.7	1.96
24.8	-4.45
24.9	18.55
25	15.93
25.1	-0.59
25.2	20.69
25.3	16.25
25.4	9.53
25.5	-14.4
25.6	-1.34
25.7	22.48
25.8	-7.83
25.9	0.06
26	17.04
26.1	17.47
26.2	-11.24
26.3	8.56
26.4	9.43
26.5	27.08
26.6	4.81
26.7	-14.44
26.8	-18.24
26.9	-36.19
27	16.24
27.1	-19.71
27.2	-28.69
27.3	-16.68
27.4	-36.04
27.5	-29.02
27.6	-20.99
27.7	-45.59
27.8	7.75
27.9	-38.31
28	-18.96
28.1	-19.12
28.2	-20.63
28.3	-24.58
28.4	-25.58
28.5	-2.32
28.6	-22.14
28.7	-12.8
28.8	-15.68
28.9	-52.89
29	-9.18
29.1	9.56
29.2	-27.95
29.3	-16.14
29.4	-14.04
29.5	-16.36
29.6	-5.36
29.7	3.81
29.8	-16.03
29.9	-9.35
30	-11.18
30.1	-8.94
30.2	9.32
30.3	9.25
30.4	3.1
30.5	-4.92
30.6	-4.43
30.7	-3.23
30.8	8.15
30.9	-13.03
31	-45.07
31.1	7.71
31.2	6.24
31.3	-9.63
31.4	11.14
31.5	-5.01
31.6	-6.97
31.7	1.5
31.8	-13.95
31.9	-4.57
32	-4.19
32.1	-4.46
32.2	16.29
32.3	-14.8
32.4	-8.21
32.5	-0.2
32.6	-6.9
32.7	-20.87
32.8	-28.59
32.9	-18.28
33	-15.21
33.1	-16.06
33.2	-19.56
33.3	-20.67
33.4	-18.23
33.5	-21.88
33.6	-30.36
33.7	11.82
33.8	25.63
33.9	25.02
34	25.1433333333333
34.1	25.2666666666667
34.2	25.39
34.3	63.63
34.4	53.11
34.5	46.27
34.6	41.26
34.7	33.53
34.8	41.89
34.9	43.26
35	44.63
35.1	43.93
35.2	46.83
35.3	43.68
35.4	47.63
35.5	41.21
35.6	37.78
35.7	34.35
35.8	30.92
35.9	27.49
36	30.06
36.1	32.63
36.2	28.79
36.3	24.5
36.4	23.12
36.5	22.88
36.6	22.64
36.7	22.4
36.8	21.78
36.9	22.39
37	23
37.1	17.1
37.2	24.83
37.3	32.56
37.4	25.175
37.5	17.79
37.6	29.35
37.7	26.64
37.8	26.1766666666667
37.9	25.7133333333333
38	25.25
38.1	21.22
38.2	34.69
38.3	36.73
38.4	42.96
38.5	10.92
38.6	39.47
38.7	31.41
38.8	22.73
38.9	40.56
39	32.53
39.1	30.22
39.2	38.1
39.3	36.48
39.4	44.55
39.5	40.705
39.6	36.86
39.7	26.15
39.8	44.69
39.9	57.3
40	57.0675
40.1	56.835
40.2	56.6025
40.3	56.37
40.4	49.63
40.5	27.13
40.6	18.91
40.7	16.19
40.8	12.45
40.9	23.97
41	25.3
41.1	20.98
41.2	24.55
41.3	24.47
41.4	16.99
41.5	27.24
41.6	31.38
41.7	27.62
41.8	33.02
41.9	34.17
42	33.99
42.1	25.76
42.2	35.43
42.3	36.61
42.4	30.98
42.5	44.15
42.6	32.65
42.7	32.66
42.8	19.94
42.9	19.48
43	36.89
43.1	29.43
43.2	30.43
43.3	32.41
43.4	42.78
43.5	33.35
43.6	30.28
43.7	32.56
43.8	26.78
43.9	29.43
44	40.66
44.1	36.69
44.2	31.62
44.3	24.66
44.4	8.61
44.5	36.89
44.6	38.35
44.7	42.95
44.8	34.54
44.9	34.47
45	27.16
45.1	36.21
45.2	44.38
45.3	32.07
45.4	22.29
45.5	27.27
45.6	27.78
45.7	41.01
45.8	31.12
45.9	32.38
46	35.7
46.1	25.9
46.2	34.76
46.3	37.69
46.4	37.61
46.5	38.99
46.6	23.9
46.7	25.6
46.8	24.77
46.9	17.94
47	20.92
47.1	47.43
47.2	62.41
47.3	44.81
47.4	40.43
47.5	29.98
47.6	46.03
47.7	43.65
47.8	38.82
47.9	78.8
48	57.01
48.1	59.95
48.2	62.44
48.3	70.85
48.4	77.91
48.5	62.99
48.6	70.25
48.7	60.32
48.8	65.53
48.9	62.37
49	64.57
49.1	37.76
49.2	22.6
49.3	73.86
49.4	63.89
49.5	73.85
49.6	74.38
49.7	96.27
49.8	67.76
49.9	60.45
50	67.2
50.1	52.01
50.2	40.36
50.3	41.57
50.4	35.12
50.5	58.52
50.6	46.59
50.7	39.87
50.8	43.04
50.9	51.85
51	63.61
51.1	50.05
51.2	64.65
51.3	72.63
51.4	69.16
51.5	29.23
51.6	84.09
51.7	57.79
51.8	66.31
51.9	52.11
52	34.31
52.1	41.53
52.2	32.4
52.3	49.8
52.4	32.57
52.5	53.7
52.6	19.11
52.7	25.82
52.8	35.31
52.9	53.31
53	71.98
53.1	56.56
53.2	69.71
53.3	87.89
53.4	69.67
53.5	49.76
53.6	44.7
53.7	34.06
53.8	41.7
53.9	46.96
54	32.66
54.1	26.86
54.2	37.91
54.3	28.64
54.4	28.52
54.5	27.78
54.6	15.27
54.7	24.8
54.8	32.82
54.9	36.35
55	22.24
55.1	28.57
55.2	32.06
55.3	31.05
55.4	23.11
55.5	19.54
55.6	-1.92
55.7	-18.13
55.8	-3
55.9	31.12
56	2.31
56.1	7.86
56.2	-1
56.3	1.89
56.4	5.96
56.5	13.01
56.6	20.31
56.7	21.23
56.8	25.84
56.9	21.86
57	18.05
57.1	10.22
57.2	9.35
57.3	34.44
57.4	32.4
57.5	25.06
57.6	47.53
57.7	56.72
57.8	39.61
57.9	53.89
58	88.23
58.1	46.07
58.2	26.5
58.3	22.63
58.4	52.08
58.5	26.91
58.6	31.27
58.7	33.27
58.8	37.84
58.9	21.93
59	28.3
59.1	18.06
59.2	27.4
59.3	21.1
59.4	33.14
59.5	22.56
59.6	9.42
59.7	24.35
59.8	22.69
59.9	33.41
60	33.27
60.1	31.75
60.2	27.6
60.3	35.14
60.4	30.72
60.5	35.14
60.6	37.01
60.7	35.28
60.8	29.89
60.9	32.445
61	35
61.1	40.74
61.2	51.8
61.3	40.46
61.4	49.94
61.5	43.3
61.6	36.18
61.7	62.87
61.8	35.49
61.9	37.21
62	43.78
62.1	59.69
62.2	38.04
62.3	36.25
62.4	31.27
62.5	49.04
62.6	50.08
62.7	48.76
62.8	61.83
62.9	52.22
63	54.78
63.1	56.58
63.2	60.79
63.3	67.85
63.4	70.54
63.5	64.67
63.6	59.83
63.7	60.59
63.8	74.14
63.9	66.39
64	61.14
64.1	51.6
64.2	43.92
64.3	62.11
64.4	52.01
64.5	65.01
64.6	58.03
64.7	65.98
64.8	55.68
64.9	60.52
65	56.09
65.1	67.92
65.2	65.08
65.3	53.95
65.4	55.81
65.5	46.13
65.6	51.04
65.7	48.14
65.8	43.195
65.9	38.25
66	33.34
