Age	Temperature
0	13.458
0.1	11.0526666666667
0.2	12.2201333333333
0.3	10.5833333333333
0.4	11.6598666666667
0.5	11.0702666666667
0.6	10.9676
0.7	12.2318666666667
0.8	8.91133333333333
0.9	10.114
1	11.9678666666667
1.1	9.938
1.2	9.77666666666667
1.3	12.226
1.4	12.8566666666667
1.5	13.194
1.6	11.698
1.7	11.9326666666667
1.8	11.8886666666667
1.9	11.5333333333333
2	12.01
2.1	14.21
2.2	11.1483333333333
2.3	13.5133333333333
2.4	12.7983333333333
2.5	12.8716666666667
2.6	12.3033333333333
2.7	12.0356666666667
2.8	13.3116666666667
2.9	14.2283333333333
3	13.4583333333333
3.1	14.3016666666667
3.2	14.9066666666667
3.3	11.9733333333333
3.4	14.3016666666667
3.5	14.9433333333333
3.6	15.1633333333333
3.7	15.5833333333333
3.8	14.5166666666667
3.9	16.05
4	14.45
4.1	14.1166666666667
4.2	16.3833333333333
4.3	13.65
4.4	15.55
4.5	13.45
4.6	14.75
4.7	14.3833333333333
4.8	11.9833333333333
4.9	11.9833333333333
5	15.6833333333333
5.1	14.1833333333333
5.2	15.7166666666667
5.3	14.45
5.4	16.03
5.5	15.0966666666667
5.6	15.0433333333333
5.7	15.0166666666667
5.8	15.07
5.9	15.59
6	14.95
6.1	15.67
6.2	15.39
6.3	15.4433333333333
6.4	14.6433333333333
6.5	14.67
6.6	15.07
6.7	15.39
6.8	14.8566666666667
6.9	15.43
7	15.7366666666667
7.1	15.31
7.2	15.8166666666667
7.3	15.0966666666667
7.4	15.7633333333333
7.5	15.4433333333333
7.6	15.9766666666667
7.7	14.6966666666667
7.8	15.6566666666667
7.9	15.07
8	15.7633333333333
8.1	15.6033333333333
8.2	15.2566666666667
8.3	14.8833333333333
8.4	15.0966666666667
8.5	15.6566666666667
8.6	14.67
8.7	14.99
8.8	15.07
8.9	15.23
9	15.7366666666667
9.1	15.6566666666667
9.2	15.55
9.3	15.8966666666667
9.4	16.0033333333333
9.5	15.23
9.6	16.7233333333333
9.7	15.39
9.8	16.1366666666667
9.9	15.2033333333333
10	16.6166666666667
10.1	15.4966666666667
10.2	16.27
10.3	15.95
10.4	16.0833333333333
10.5	16.03
10.6	16.5633333333333
10.7	17.15
10.8	15.5233333333333
10.9	15.63
11	15.95
11.1	15.5766666666667
11.2	15.2566666666667
11.3	16.1366666666667
11.4	16.4033333333333
11.5	15.6833333333333
11.6	16.51
11.7	15.4433333333333
11.8	16.35
11.9	15.5233333333333
12	16.67
12.1	16.19
12.2	16.2966666666667
12.3	15.75
12.4	16.2166666666667
12.5	16.19
12.6	16.2433333333333
12.7	15.71
12.8	16.2166666666667
12.9	15.47
13	15.2566666666667
13.1	16.7233333333333
13.2	16.5366666666667
13.3	15.9233333333333
13.4	16.4566666666667
13.5	17.0166666666667
13.6	16.43
13.7	16.99
13.8	17.3633333333333
13.9	19.0033333333333
14	18.43
14.1	18.35
14.2	17.6566666666667
14.3	18.4433333333333
14.4	17.2833333333333
14.5	18.6433333333333
14.6	17.63
14.7	18.03
14.8	18.19
14.9	17.6566666666667
15	18.2166666666667
15.1	19.31
15.2	19.5233333333333
15.3	18.51
15.4	17.71
15.5	19.2833333333333
15.6	19.1446666666667
15.7	18.4033333333333
15.8	18.462
15.9	17.3713333333333
16	20.2353333333333
16.1	18.3393333333333
16.2	18.814
16.3	17.9953333333333
16.4	19.1126666666667
16.5	19.318
16.6	18.8833333333333
16.7	18.0006666666667
16.8	18.6566666666667
16.9	18.95
17	17.822
17.1	17.654
17.2	18.39
17.3	19.4966666666667
17.4	18.75
17.5	18.2513333333333
17.6	17.2833333333333
17.7	18.4833333333333
17.8	18.2433333333333
17.9	16.59
18	16.9366666666667
18.1	17.5713333333333
18.2	17.5686666666667
18.3	17.4406666666667
18.4	17.022
18.5	18.214
18.6	17.3073333333333
18.7	17.3446666666667
18.8	18.502
18.9	17.35
19	17.2086666666667
19.1	17.662
19.2	18.0353333333333
19.3	17.8166666666667
19.4	16.7526666666667
19.5	16.9633333333333
19.6	17.4886666666667
19.7	18.4566666666667
19.8	16.9233333333333
19.9	17.014
20	17.8166666666667
20.1	18.0086666666667
20.2	17.8833333333333
20.3	18.374
20.4	18.4833333333333
20.5	17.6566666666667
20.6	17.6033333333333
20.7	17.79
20.8	18.83
20.9	18.2966666666667
21	17.582
21.1	17.6433333333333
21.2	16.8806666666667
21.3	18.9793333333333
21.4	17.8806666666667
21.5	17.5073333333333
21.6	17.686
21.7	18.2966666666667
21.8	17.3366666666667
21.9	17.71
22	18.0833333333333
22.1	17.71
22.2	17.8433333333333
22.3	17.3153333333333
22.4	18.078
22.5	18.0006666666667
22.6	17.6033333333333
22.7	18.8833333333333
22.8	18.6433333333333
22.9	18.27
23	18.35
23.1	16.6726666666667
23.2	16.742
23.3	17.8966666666667
23.4	18.3633333333333
23.5	18.0273333333333
23.6	17.71
23.7	17.7366666666667
23.8	18.51
23.9	18.0833333333333
24	18.3766666666667
24.1	18.2273333333333
24.2	18.27
24.3	18.2113333333333
24.4	18.2006666666667
24.5	18.0033333333333
24.6	18.4566666666667
24.7	17.8966666666667
24.8	17.55
24.9	18.03
25	17.8166666666667
25.1	17.9766666666667
25.2	17.55
25.3	17.7366666666667
25.4	17.4966666666667
25.5	17.5233333333333
25.6	17.294
25.7	17.774
25.8	18.03
25.9	17.366
26	17.8646666666667
26.1	17.39
26.2	17.086
26.3	17.9393333333333
26.4	17.31
26.5	17.47
26.6	16.766
26.7	17.67
26.8	17.0006666666667
26.9	16.806
27	16.8646666666667
27.1	16.6326666666667
27.2	17.7713333333333
27.3	16.3793333333333
27.4	16.7713333333333
27.5	17.31
27.6	16.9633333333333
27.7	16.59
27.8	17.39
27.9	17.95
28	17.7046666666667
28.1	18.1873333333333
28.2	18.5526666666667
28.3	17.3366666666667
28.4	17.79
28.5	17.95
28.6	17.63
28.7	17.5766666666667
28.8	17.6566666666667
28.9	17.4166666666667
29	17.31
29.1	17.7633333333333
29.2	17.9393333333333
29.3	17.6033333333333
29.4	18.03
29.5	17.15
29.6	17.8966666666667
29.7	17.9233333333333
29.8	17.5766666666667
29.9	17.7766666666667
30	17.4166666666667
30.1	18.0033333333333
30.2	17.7633333333333
30.3	18.0033333333333
30.4	17.2833333333333
30.5	18.11
30.6	17.63
30.7	17.3366666666667
30.8	17.95
30.9	17.15
31	17.9233333333333
31.1	17.8966666666667
31.2	17.39
31.3	17.79
31.4	17.79
31.5	18.0033333333333
31.6	18.0033333333333
31.7	18.4566666666667
31.8	18.0033333333333
31.9	18.4033333333333
32	18.59
32.1	18.7233333333333
32.2	18.7766666666667
32.3	18.6166666666667
32.4	17.31
32.5	17.6566666666667
32.6	17.3633333333333
32.7	18.0033333333333
32.8	17.014
32.9	17.8406666666667
33	18.35
33.1	18.0833333333333
33.2	19.2326666666667
33.3	17.6033333333333
33.4	17.7473333333333
33.5	16.67
33.6	17.0966666666667
33.7	17.3366666666667
33.8	19.3073333333333
33.9	19.2566666666667
34	19.39
34.1	20.514
34.2	20.646
34.3	20.338
34.4	21.23
34.5	20.15
34.6	21.07
34.7	20.59
34.8	19.83
34.9	21.11
35	20.67
35.1	20.71
35.2	20.15
35.3	20.75
35.4	20.07
35.5	19.95
35.6	20.926
35.7	21.114
35.8	22.922
35.9	21.334
36	19.87
36.1	20.522
36.2	20.566
36.3	22.254
36.4	20.498
36.5	21.138
36.6	22.79
36.7	22.358
36.8	22.718
36.9	23.05
37	21.754
37.1	21.982
37.2	22.47
37.3	22.254
37.4	21.518
37.5	22.01
37.6	21.69
37.7	20.99
37.8	20.79
37.9	20.234
38	20.934
38.1	21.186
38.2	21.278
38.3	21.458
38.4	21.442
38.5	21.69
38.6	21.794
38.7	21.506
38.8	21.226
38.9	21.326
39	21.054
39.1	22.202
39.2	21.19
39.3	21.382
39.4	21.902
39.5	21.898
39.6	22.402
39.7	22.486
39.8	22.434
39.9	23.386
40	22.058
40.1	24.178
40.2	23.322
40.3	25.27
40.4	24.834
40.5	23.714
40.6	22.35
40.7	22.354
40.8	22.818
40.9	22.874
41	22.31
41.1	22.218
41.2	22.466
41.3	22.498
41.4	23.15
41.5	23.158
41.6	23.982
41.7	23.338
41.8	23.65
41.9	23.35
42	23.518
42.1	23.102
42.2	22.77
42.3	22.958
42.4	24.01
42.5	23.018
42.6	23.79
42.7	24.046
42.8	23.986
42.9	24.442
43	24.95
43.1	25.026
43.2	23.838
43.3	24.142
43.4	24.482
43.5	25.286
43.6	23.866
43.7	24.018
43.8	24.634
43.9	24.062
44	24.042
44.1	23.31
44.2	23.254
44.3	24.15
44.4	23.966
44.5	23.67
44.6	22.954
44.7	23.962
44.8	23.798
44.9	23.438
45	23.95
45.1	23.554
45.2	23.522
45.3	23.55
45.4	24.09
45.5	23.246
45.6	24.102
45.7	23.646
45.8	24.062
45.9	23.998
46	24.678
46.1	23.818
46.2	23.23
46.3	24.406
46.4	24.342
46.5	24.054
46.6	24.878
46.7	24.45
46.8	24.57
46.9	25.846
47	25.39
47.1	26.014
47.2	26.21
47.3	26.614
47.4	26.086
47.5	25.474
47.6	26.102
47.7	25.638
47.8	25.478
47.9	26.698
48	26.91
48.1	27.174
48.2	26.118
48.3	26.646
48.4	26.226
48.5	25.834
48.6	26.814
48.7	27.014
48.8	27.126
48.9	27.81
49	27.626
49.1	26.098
49.2	26.746
49.3	27.746
49.4	27.098
49.5	28.266
49.6	26.362
49.7	28.206
49.8	27.406
49.9	27.238
50	28.054
50.1	27.35
50.2	28.414
50.3	27.878
50.4	27.99
50.5	29.518
50.6	27.978
50.7	27.238
50.8	27.69
50.9	28.242
51	26.726
51.1	27.434
51.2	28.146
51.3	26.826
51.4	28.438
51.5	28.15
51.6	28.05
51.7	27.85
51.8	28.186
51.9	27.618
52	26.818
52.1	25.846
52.2	25.842
52.3	26.642
52.4	27.162
52.5	28.07
52.6	27.49
52.7	27.03
52.8	27.67
52.9	28.27
53	28.27
53.1	28.07
53.2	27.122
53.3	27.698
53.4	26.546
53.5	27.202
53.6	27.314
53.7	26.746
53.8	26.774
53.9	26.742
54	26.922
54.1	26.61
54.2	26.882
54.3	26.67
54.4	26.93
54.5	27.994
54.6	25.698
54.7	25.922
54.8	26.006
54.9	25.766
55	25.386
55.1	26.166
55.2	26.378
55.3	26.486
55.4	26.786
55.5	26.446
55.6	26.13
55.7	26.418
55.8	27.182
55.9	27.106
56	25.262
56.1	25.942
56.2	25.35
56.3	25.718
56.4	26.118
56.5	25.342
56.6	24.886
56.7	24.75
56.8	25.274
56.9	25.318
57	24.866
57.1	24.226
57.2	25.37
57.3	24.798
57.4	24.706
57.5	25.03
57.6	25.634
57.7	24.81
57.8	24.622
57.9	24.554
58	25.922
58.1	25.114
58.2	22.842
58.3	23.238
58.4	23.378
58.5	25.69
58.6	23.442
58.7	23.486
58.8	23.282
58.9	23.474
59	23.07
59.1	23.166
59.2	22.698
59.3	24.194
59.4	22.99
59.5	22.642
59.6	24.014
59.7	23.39
59.8	23.378
59.9	24.258
60	24.602
60.1	24.01
60.2	23.242
60.3	23.83
60.4	23.45
60.5	23.734
60.6	23.214
60.7	23.174
60.8	23.346
60.9	23.31
61	23.17
61.1	22.99
61.2	23.35
61.3	25.67
61.4	24.67
61.5	24.31
61.6	25.35
61.7	24.43
61.8	23.99
61.9	23.91
62	24.75
62.1	25.39
62.2	23.17
62.3	23.35
62.4	23.71
62.5	24.63
62.6	24.71
62.7	24.59
62.8	23.67
62.9	25.79
63	24.39
63.1	24.55
63.2	24.99
63.3	25.19
63.4	25.75
63.5	26.75
63.6	26.21
63.7	25.99
63.8	24.27
63.9	24.59
64	25.11
64.1	25.47
64.2	24.75
64.3	24.63
64.4	24.85
64.5	25.27
64.6	25.79
64.7	25.59
64.8	24.99
64.9	25.43
65	25.03
65.1	25.27
65.2	25.79
65.3	25.39
65.4	25.75
65.5	25.27
65.6	25.45
65.7	24.23
65.8	24.31
65.9	24.27
66	23.494
