Age	Diversity
0	0.477121254719662
0.1	0
0.2	0
0.3	0
0.4	0
0.5	0
0.6	0
0.7	0
0.8	0
0.9	0
1	0
1.1	0
1.2	0
1.3	0
1.4	0
1.5	0
1.6	0
1.7	0
1.8	0
1.9	0
2	0
2.1	0
2.2	0
2.3	0
2.4	0
2.5	0
2.6	0
2.7	0
2.8	0
2.9	0
3	0
3.1	0
3.2	0
3.3	0
3.4	0
3.5	0
3.6	0
3.7	0
3.8	0
3.9	0
4	0
4.1	0
4.2	0
4.3	0
4.4	0
4.5	0
4.6	0
4.7	0
4.8	0
4.9	0
5	0
5.1	0
5.2	0
5.3	0
5.4	0
5.5	0
5.6	0
5.7	0
5.8	0
5.9	0
6	0
6.1	0
6.2	0
6.3	0
6.4	0
6.5	0
6.6	0
6.7	0
6.8	0
6.9	0
7	0
7.1	0
7.2	0
7.3	0
7.4	0
7.5	0
7.6	0
7.7	0
7.8	0
7.9	0
8	0
8.1	0
8.2	0
8.3	0
8.4	0
8.5	0
8.6	0
8.7	0
8.8	0
8.9	0
9	0
9.1	0
9.2	0
9.3	0
9.4	0
9.5	0
9.6	0
9.7	0
9.8	0
9.9	0
10	0
10.1	0
10.2	0
10.3	0
10.4	0
10.5	0
10.6	0
10.7	0
10.8	0
10.9	0
11	0
11.1	0
11.2	0
11.3	0
11.4	0
11.5	0
11.6	0
11.7	0
11.8	0
11.9	0
12	0
12.1	0
12.2	0.301029995663981
12.3	0.301029995663981
12.4	0.301029995663981
12.5	0.477121254719662
12.6	0.477121254719662
12.7	0.698970004336019
12.8	0.698970004336019
12.9	0.698970004336019
13	0.698970004336019
13.1	0.698970004336019
13.2	0.698970004336019
13.3	0.698970004336019
13.4	0.698970004336019
13.5	0.698970004336019
13.6	0.698970004336019
13.7	0.845098040014257
13.8	0.845098040014257
13.9	0.845098040014257
14	0.845098040014257
14.1	0.845098040014257
14.2	0.778151250383644
14.3	0.778151250383644
14.4	0.778151250383644
14.5	0.778151250383644
14.6	0.778151250383644
14.7	0.778151250383644
14.8	0.778151250383644
14.9	0.778151250383644
15	0.778151250383644
15.1	0.778151250383644
15.2	0.778151250383644
15.3	0.778151250383644
15.4	0.778151250383644
15.5	0.778151250383644
15.6	0.778151250383644
15.7	0.845098040014257
15.8	0.845098040014257
15.9	0.845098040014257
16	0.845098040014257
16.1	0.845098040014257
16.2	0.903089986991944
16.3	0.903089986991944
16.4	0.903089986991944
16.5	0.903089986991944
16.6	0.903089986991944
16.7	0.903089986991944
16.8	0.903089986991944
16.9	0.903089986991944
17	0.903089986991944
17.1	0.903089986991944
17.2	0.903089986991944
17.3	0.903089986991944
17.4	0.903089986991944
17.5	0.903089986991944
17.6	0.903089986991944
17.7	0.903089986991944
17.8	0.903089986991944
17.9	0.903089986991944
18	0.903089986991944
18.1	0.903089986991944
18.2	0.903089986991944
18.3	0.903089986991944
18.4	0.903089986991944
18.5	0.954242509439325
18.6	0.954242509439325
18.7	0.954242509439325
18.8	0.954242509439325
18.9	0.954242509439325
19	0.903089986991944
19.1	0.903089986991944
19.2	0.903089986991944
19.3	0.903089986991944
19.4	0.903089986991944
19.5	0.903089986991944
19.6	0.903089986991944
19.7	0.903089986991944
19.8	0.903089986991944
19.9	0.903089986991944
20	0.954242509439325
20.1	0.954242509439325
20.2	0.954242509439325
20.3	0.954242509439325
20.4	0.954242509439325
20.5	1
20.6	1
20.7	1
20.8	0.954242509439325
20.9	0.954242509439325
21	0.954242509439325
21.1	0.954242509439325
21.2	0.954242509439325
21.3	0.954242509439325
21.4	0.954242509439325
21.5	0.903089986991944
21.6	0.903089986991944
21.7	0.903089986991944
21.8	0.903089986991944
21.9	0.903089986991944
22	0.903089986991944
22.1	0.903089986991944
22.2	0.903089986991944
22.3	0.903089986991944
22.4	0.903089986991944
22.5	0.845098040014257
22.6	0.845098040014257
22.7	0.845098040014257
22.8	0.845098040014257
22.9	0.845098040014257
23	0.845098040014257
23.1	0.845098040014257
23.2	0.845098040014257
23.3	0.778151250383644
23.4	0.778151250383644
23.5	0.778151250383644
23.6	0.778151250383644
23.7	0.778151250383644
23.8	0.845098040014257
23.9	0.845098040014257
24	0.845098040014257
24.1	0.903089986991944
24.2	0.903089986991944
24.3	0.903089986991944
24.4	0.903089986991944
24.5	0.903089986991944
24.6	0.903089986991944
24.7	0.903089986991944
24.8	0.903089986991944
24.9	0.903089986991944
25	0.903089986991944
25.1	0.903089986991944
25.2	0.903089986991944
25.3	0.903089986991944
25.4	0.903089986991944
25.5	0.954242509439325
25.6	0.954242509439325
25.7	0.954242509439325
25.8	0.954242509439325
25.9	0.954242509439325
26	0.954242509439325
26.1	0.954242509439325
26.2	0.954242509439325
26.3	0.954242509439325
26.4	0.954242509439325
26.5	0.903089986991944
26.6	0.903089986991944
26.7	0.903089986991944
26.8	0.903089986991944
26.9	0.903089986991944
27	0.903089986991944
27.1	0.845098040014257
27.2	0.845098040014257
27.3	0.778151250383644
27.4	0.778151250383644
27.5	0.698970004336019
27.6	0.698970004336019
27.7	0.698970004336019
27.8	0.698970004336019
27.9	0.698970004336019
28	0.698970004336019
28.1	0.698970004336019
28.2	0.698970004336019
28.3	0.698970004336019
28.4	0.698970004336019
28.5	0.602059991327962
28.6	0.602059991327962
28.7	0.602059991327962
28.8	0.602059991327962
28.9	0.602059991327962
29	0.698970004336019
29.1	0.602059991327962
29.2	0.602059991327962
29.3	0.602059991327962
29.4	0.602059991327962
29.5	0.602059991327962
29.6	0.602059991327962
29.7	0.602059991327962
29.8	0.602059991327962
29.9	0.602059991327962
30	0.602059991327962
30.1	0.602059991327962
30.2	0.602059991327962
30.3	0.602059991327962
30.4	0.602059991327962
30.5	0.698970004336019
30.6	0.698970004336019
30.7	0.698970004336019
30.8	0.778151250383644
30.9	0.778151250383644
31	0.778151250383644
31.1	0.778151250383644
31.2	0.778151250383644
31.3	0.778151250383644
31.4	0.778151250383644
31.5	0.778151250383644
31.6	0.778151250383644
31.7	0.778151250383644
31.8	0.778151250383644
31.9	0.778151250383644
32	0.778151250383644
32.1	0.778151250383644
32.2	0.778151250383644
32.3	0.778151250383644
32.4	0.698970004336019
32.5	0.698970004336019
32.6	0.602059991327962
32.7	0.602059991327962
32.8	0.602059991327962
32.9	0.477121254719662
33	0.477121254719662
33.1	0.477121254719662
33.2	0.477121254719662
33.3	0.477121254719662
33.4	0.301029995663981
33.5	0.301029995663981
33.6	0.301029995663981
33.7	0.301029995663981
33.8	0.301029995663981
33.9	0.301029995663981
34	0.301029995663981
34.1	0.301029995663981
34.2	0.301029995663981
34.3	0.301029995663981
34.4	0.301029995663981
34.5	0.301029995663981
34.6	0.301029995663981
34.7	0.301029995663981
34.8	0.301029995663981
34.9	0.301029995663981
35	0.301029995663981
35.1	0.301029995663981
35.2	0.301029995663981
35.3	0.301029995663981
35.4	0.301029995663981
35.5	0.301029995663981
35.6	0.301029995663981
35.7	0.301029995663981
35.8	0.301029995663981
35.9	0.301029995663981
36	0.301029995663981
36.1	0.301029995663981
36.2	0.301029995663981
36.3	0.301029995663981
36.4	0.301029995663981
36.5	0.301029995663981
36.6	0.301029995663981
36.7	0.301029995663981
36.8	0.301029995663981
36.9	0.301029995663981
37	0.301029995663981
37.1	0.301029995663981
37.2	0.301029995663981
37.3	0.301029995663981
37.4	0.301029995663981
37.5	0.301029995663981
37.6	0.301029995663981
37.7	0.301029995663981
37.8	0.301029995663981
37.9	0.301029995663981
38	0.301029995663981
38.1	0.301029995663981
38.2	0.301029995663981
38.3	0.301029995663981
38.4	0.301029995663981
38.5	0.301029995663981
38.6	0.477121254719662
38.7	0.477121254719662
38.8	0.477121254719662
38.9	0.477121254719662
39	0.477121254719662
39.1	0.477121254719662
39.2	0.477121254719662
39.3	0.477121254719662
39.4	0.477121254719662
39.5	0.477121254719662
39.6	0.477121254719662
39.7	0.477121254719662
39.8	0.477121254719662
39.9	0.477121254719662
40	0.477121254719662
40.1	0.477121254719662
40.2	0.477121254719662
40.3	0.477121254719662
40.4	0.602059991327962
40.5	0.602059991327962
40.6	0.602059991327962
40.7	0.602059991327962
40.8	0.602059991327962
40.9	0.477121254719662
41	0.477121254719662
41.1	0.477121254719662
41.2	0.477121254719662
41.3	0.477121254719662
41.4	0.477121254719662
41.5	0.477121254719662
41.6	0.477121254719662
41.7	0.477121254719662
41.8	0.477121254719662
41.9	0.477121254719662
42	0.477121254719662
42.1	0.477121254719662
42.2	0.477121254719662
42.3	0.477121254719662
42.4	0.301029995663981
42.5	0.301029995663981
42.6	0.301029995663981
42.7	0.301029995663981
42.8	0.301029995663981
42.9	0.301029995663981
43	0.301029995663981
43.1	0.301029995663981
43.2	0.301029995663981
43.3	0.301029995663981
43.4	0.301029995663981
43.5	0.301029995663981
43.6	0.301029995663981
43.7	0.301029995663981
43.8	0.301029995663981
43.9	0.301029995663981
44	0.301029995663981
44.1	0.301029995663981
44.2	0.301029995663981
44.3	0.301029995663981
44.4	0.301029995663981
44.5	0.301029995663981
44.6	0.301029995663981
44.7	0.301029995663981
44.8	0.301029995663981
44.9	0.301029995663981
45	0.301029995663981
45.1	0
45.2	0
45.3	0
45.4	0
45.5	0
45.6	0
45.7	0
45.8	0
45.9	0
46	0
46.1	0
46.2	0.301029995663981
46.3	0.301029995663981
46.4	0
46.5	0
46.6	0
46.7	0
46.8	0
46.9	0
47	0
47.1	0
47.2	0
47.3	0
47.4	0
47.5	0
47.6	0
47.7	0
47.8	0
47.9	0
48	0
48.1	0
48.2	0
48.3	0
48.4	0
48.5	0
48.6	0
48.7	0
48.8	0
48.9	0
49	0
49.1	0
49.2	0
49.3	0
49.4	0
49.5	0
49.6	0
49.7	0
49.8	0
49.9	0
50	0
50.1	0
50.2	0
50.3	0
50.4	0
50.5	0
50.6	0
50.7	0
50.8	0
50.9	0.301029995663981
51	0.301029995663981
51.1	0.301029995663981
51.2	0.301029995663981
51.3	0.301029995663981
51.4	0.301029995663981
51.5	0.301029995663981
51.6	0.301029995663981
51.7	0.301029995663981
51.8	0.301029995663981
