Age Altitude
0 1180
0 1200
0 1880
0 1340
0 480
0 1140
0 530
0 2280
0 2040
0 1190
0 820
0 560
0 2900
0 2690
0 960
0 2030
0 4320
0 3950
0 4120
0 4020
0 3070
0 890
0 820
0 1230
0 3240
0 3810
0 2200
0 1130
0 810
0 840
1 1000
1 1200
1 1880
1 1310
1 430
1 1110
1 530
1 2260
1 2020
1 1180
1 800
1 550
1 2840
1 2660
1 950
1 1990
1 4280
1 3950
1 4120
1 4020
1 3040
1 800
1 740
1 1210
1 3140
1 3730
1 2180
1 960
1 790
1 810
2 830
2 1200
2 1840
2 1290
2 390
2 1080
2 530
2 2230
2 2000
2 1170
2 790
2 550
2 2780
2 2640
2 950
2 1950
2 4280
2 3950
2 4120
2 4020
2 3040
2 710
2 660
2 1180
2 3050
2 3660
2 2160
2 790
2 760
2 790
3 830
3 1180
3 1690
3 1260
3 360
3 1060
3 520
3 2210
3 1980
3 1150
3 760
3 540
3 2730
3 2610
3 940
3 1910
3 4280
3 3950
3 4120
3 4020
3 3010
3 620
3 570
3 1160
3 2950
3 3580
3 2160
3 620
3 750
3 770
4 830
4 1140
4 1540
4 1130
4 320
4 1040
4 500
4 2190
4 1960
4 1140
4 750
4 540
4 2670
4 2580
4 930
4 1870
4 4230
4 3950
4 4120
4 4020
4 3010
4 530
4 490
4 1130
4 2850
4 3470
4 2130
4 450
4 730
4 760
5 830
5 1080
5 1390
5 990
5 280
5 1010
5 480
5 2170
5 1940
5 1130
5 730
5 530
5 2610
5 2560
5 920
5 1830
5 4230
5 3950
5 4120
5 4020
5 2980
5 440
5 410
5 1110
5 2750
5 3390
5 2110
5 320
5 710
5 740
6 830
6 1020
6 1240
6 860
6 240
6 980
6 450
6 2140
6 1920
6 1120
6 710
6 530
6 2550
6 2530
6 910
6 1830
6 4230
6 3950
6 4120
6 4020
6 2980
6 360
6 330
6 1080
6 2660
6 3280
6 2110
6 170
6 700
6 720
7 830
7 960
7 1090
7 780
7 200
7 960
7 420
7 2140
7 1920
7 1110
7 690
7 520
7 2490
7 2500
7 900
7 1830
7 4190
7 3400
7 4120
7 4020
7 2950
7 270
7 250
7 1060
7 2560
7 3200
7 2090
7 160
7 680
7 710
8 830
8 850
8 940
8 710
8 160
8 930
8 380
8 2120
8 1900
8 1090
8 670
8 520
8 2440
8 2450
8 880
8 1830
8 4190
8 2840
8 4120
8 4020
8 2950
8 180
8 160
8 1030
8 2460
8 3090
8 1870
8 150
8 660
8 690
9 830
9 740
9 850
9 630
9 120
9 910
9 330
9 2100
9 1880
9 1070
9 650
9 510
9 2380
9 2390
9 870
9 1830
9 4190
9 2290
9 4120
9 4020
9 2920
9 90
9 80
9 1010
9 2370
9 3010
9 1650
9 140
9 650
9 670
10 830
10 640
10 750
10 560
10 90
10 890
10 280
10 2070
10 1860
10 1020
10 630
10 500
10 2320
10 2370
10 860
10 1830
10 4150
10 1740
10 4120
10 4020
10 2920
10 -20
10 -20
10 980
10 2270
10 2550
10 1430
10 120
10 680
10 710
11 810
11 530
11 710
11 480
11 50
11 860
11 230
11 2050
11 1840
11 980
11 620
11 500
11 2260
11 2310
11 840
11 1830
11 4150
11 1740
11 4200
11 4020
11 2610
11 -20
11 -20
11 960
11 2170
11 2100
11 1210
11 110
11 720
11 740
12 800
12 420
12 680
12 420
12 0
12 830
12 190
12 2030
12 1820
12 940
12 590
12 490
12 2200
12 2290
12 840
12 1830
12 4100
12 1700
12 4280
12 4020
12 2360
12 20
12 20
12 930
12 2070
12 1640
12 990
12 100
12 720
12 740
13 790
13 420
13 640
13 340
13 -50
13 810
13 190
13 2030
13 1820
13 900
13 570
13 490
13 2150
13 2230
13 820
13 1830
13 4100
13 1700
13 4370
13 4020
13 2060
13 -20
13 -20
13 910
13 1980
13 1490
13 950
13 90
13 720
13 740
14 770
14 420
14 600
14 270
14 -50
14 790
14 190
14 2010
14 1800
14 870
14 560
14 480
14 2090
14 2210
14 810
14 1830
14 4060
14 1660
14 4450
14 4020
14 1780
14 -20
14 -20
14 890
14 1880
14 1370
14 880
14 80
14 720
14 740
15 740
15 420
15 560
15 250
15 -50
15 750
15 190
15 1980
15 1770
15 830
15 530
15 480
15 2060
15 2150
15 790
15 1830
15 4060
15 1660
15 4490
15 4020
15 1500
15 -20
15 -20
15 860
15 1780
15 1300
15 840
15 70
15 720
15 740
16 730
16 420
16 530
16 250
16 -50
16 730
16 190
16 1960
16 1750
16 820
16 520
16 470
16 2060
16 2150
16 790
16 1830
16 4020
16 1620
16 4490
16 3460
16 1470
16 20
16 20
16 840
16 1680
16 1300
16 770
16 60
16 720
16 710
17 720
17 420
17 490
17 250
17 -50
17 710
17 190
17 1940
17 1730
17 810
17 500
17 460
17 2060
17 2130
17 780
17 1830
17 3970
17 1620
17 4490
17 2860
17 1420
17 40
17 30
17 810
17 1590
17 1260
17 730
17 60
17 720
17 690
18 710
18 400
18 450
18 240
18 -50
18 680
18 170
18 1940
18 1730
18 800
18 480
18 460
18 2060
18 2130
18 780
18 1830
18 3930
18 1580
18 4490
18 2480
18 1400
18 50
18 50
18 790
18 1490
18 1260
18 680
18 60
18 720
18 660
19 700
19 370
19 390
19 240
19 -50
19 650
19 160
19 1920
19 1710
19 790
19 460
19 450
19 2060
19 2070
19 770
19 1830
19 3890
19 1580
19 4490
19 1990
19 1380
19 70
19 70
19 760
19 1390
19 1220
19 620
19 60
19 720
19 640
20 680
20 350
20 360
20 240
20 -50
20 630
20 150
20 1890
20 1690
20 770
20 440
20 450
20 2060
20 2040
20 760
20 1830
20 3840
20 1540
20 4490
20 1560
20 1330
20 90
20 80
20 740
20 1300
20 1220
20 570
20 60
20 720
20 640
21 670
21 320
21 320
21 230
21 -50
21 600
21 140
21 1870
21 1670
21 760
21 420
21 430
21 2060
21 1990
21 740
21 1830
21 3800
21 1540
21 4490
21 1170
21 1310
21 110
21 100
21 710
21 1200
21 1140
21 510
21 60
21 720
21 640
22 660
22 300
22 260
22 230
22 -50
22 580
22 130
22 1850
22 1650
22 750
22 400
22 410
22 2030
22 1960
22 730
22 1830
22 3760
22 1500
22 4490
22 970
22 1290
22 120
22 110
22 690
22 1100
22 1070
22 440
22 60
22 720
22 640
23 650
23 280
23 230
23 230
23 -50
23 550
23 120
23 1820
23 1630
23 740
23 390
23 410
23 2030
23 1910
23 710
23 1830
23 3720
23 1460
23 4490
23 920
23 1270
23 140
23 130
23 660
23 1000
23 990
23 370
23 60
23 720
23 640
24 630
24 250
24 190
24 210
24 -50
24 520
24 110
24 1800
24 1610
24 730
24 360
24 400
24 2030
24 1880
24 700
24 1830
24 3670
24 1420
24 4490
24 880
24 1250
24 160
24 150
24 660
24 1040
24 950
24 310
24 60
24 720
24 640
25 600
25 230
25 170
25 210
25 -50
25 500
25 100
25 1780
25 1590
25 710
25 340
25 400
25 2030
25 1830
25 680
25 1830
25 3630
25 1380
25 4490
25 880
25 1200
25 160
25 150
25 660
25 1040
25 950
25 260
25 60
25 720
25 640
26 580
26 200
26 150
26 210
26 -50
26 480
26 90
26 1780
26 1590
26 700
26 330
26 390
26 2030
26 1800
26 670
26 1830
26 3590
26 1340
26 4490
26 880
26 1150
26 160
26 150
26 660
26 1070
26 990
26 260
26 60
26 720
26 640
27 550
27 180
27 130
27 200
27 -50
27 440
27 80
27 1760
27 1570
27 690
27 300
27 390
27 2030
27 1780
27 660
27 1830
27 3540
27 1260
27 4490
27 880
27 1110
27 160
27 150
27 660
27 1070
27 990
27 260
27 60
27 720
27 640
28 530
28 160
28 110
28 200
28 -50
28 420
28 70
28 1760
28 1570
28 680
28 290
28 380
28 2030
28 1780
28 660
28 1830
28 3500
28 1220
28 4490
28 880
28 1060
28 170
28 160
28 660
28 1100
28 1030
28 260
28 60
28 720
28 640
29 530
29 130
29 90
29 200
29 -50
29 400
29 60
29 1730
29 1550
29 670
29 270
29 380
29 2030
29 1780
29 670
29 1830
29 3460
29 1180
29 4490
29 880
29 1040
29 210
29 200
29 660
29 1100
29 1030
29 260
29 60
29 720
29 640
30 530
30 110
30 80
30 190
30 -50
30 380
30 50
30 1730
30 1550
30 650
30 250
30 370
30 2030
30 1780
30 670
30 1830
30 3410
30 1110
30 4490
30 880
30 980
30 210
30 200
30 660
30 1130
30 1070
30 260
30 60
30 720
30 640
31 530
31 80
31 60
31 190
31 -50
31 340
31 40
31 1710
31 1530
31 640
31 230
31 360
31 2000
31 1780
31 670
31 1790
31 3370
31 1070
31 4490
31 880
31 950
31 210
31 200
31 660
31 1130
31 1070
31 260
31 60
31 720
31 640
32 530
32 60
32 30
32 190
32 -50
32 320
32 30
32 1710
32 1530
32 630
32 210
32 360
32 2000
32 1750
32 660
32 1750
32 3330
32 1030
32 4490
32 840
32 930
32 210
32 200
32 660
32 1170
32 1100
32 260
32 60
32 720
32 640
33 530
33 40
33 30
33 170
33 -50
33 300
33 20
33 1690
33 1510
33 620
33 190
33 350
33 2000
33 1690
33 640
33 1710
33 3280
33 950
33 4490
33 770
33 920
33 210
33 200
33 660
33 1170
33 1100
33 260
33 60
33 720
33 640
34 530
34 10
34 20
34 170
34 -50
34 270
34 10
34 1690
34 1510
34 610
34 170
34 350
34 2000
34 1670
34 630
34 1660
34 3240
34 910
34 4490
34 690
34 890
34 210
34 200
34 660
34 1200
34 1140
34 260
34 60
34 720
34 640
35 530
35 -10
35 30
35 160
35 -50
35 240
35 -10
35 1660
35 1490
35 600
35 160
35 330
35 2000
35 1610
35 610
35 1620
35 3200
35 870
35 4490
35 610
35 810
35 210
35 200
35 660
35 1200
35 1140
35 260
35 60
35 720
35 640
36 530
36 -10
36 30
36 160
36 -50
36 220
36 -10
36 1660
36 1490
36 580
36 130
36 310
36 2000
36 1510
36 580
36 1580
36 3110
36 790
36 4490
36 520
36 710
36 210
36 200
36 660
36 1230
36 1100
36 260
36 60
36 720
36 640
37 530
37 -10
37 40
37 150
37 -50
37 190
37 -10
37 1640
37 1470
37 570
37 110
37 300
37 2000
37 1400
37 540
37 1540
37 3070
37 750
37 4490
37 520
37 710
37 210
37 200
37 660
37 1230
37 1100
37 260
37 60
37 720
37 640
38 530
38 -10
38 40
38 150
38 -50
38 170
38 -10
38 1640
38 1470
38 570
38 100
38 290
38 1970
38 1290
38 500
38 1500
38 3020
38 710
38 4490
38 520
38 680
38 210
38 200
38 660
38 1260
38 1070
38 260
38 60
38 720
38 640
39 530
39 -10
39 40
39 130
39 -50
39 140
39 -10
39 1620
39 1450
39 560
39 70
39 290
39 1970
39 1180
39 460
39 1460
39 2980
39 630
39 4330
39 520
39 640
39 210
39 200
39 660
39 1260
39 1070
39 260
39 60
39 720
39 640
40 530
40 -10
40 40
40 130
40 -50
40 110
40 -10
40 1620
40 1450
40 550
40 60
40 280
40 1940
40 1080
40 420
40 1420
40 2940
40 590
40 4160
40 520
40 640
40 210
40 200
40 660
40 1300
40 1030
40 260
40 60
40 720
40 640
41 510
41 -10
41 40
41 130
41 -50
41 90
41 -10
41 1600
41 1430
41 540
41 40
41 270
41 1860
41 970
41 380
41 1380
41 2890
41 550
41 4000
41 520
41 610
41 210
41 200
41 660
41 1300
41 1030
41 260
41 60
41 720
41 640
42 480
42 -10
42 40
42 120
42 -50
42 90
42 -10
42 1530
42 1370
42 520
42 20
42 270
42 1770
42 860
42 350
42 1340
42 2850
42 470
42 3830
42 520
42 580
42 210
42 200
42 660
42 1330
42 990
42 260
42 60
42 720
42 640
43 460
43 -10
43 40
43 120
43 -50
43 90
43 -10
43 1460
43 1310
43 510
43 20
43 260
43 1680
43 750
43 310
43 1300
43 2810
43 430
43 3630
43 520
43 580
43 210
43 200
43 660
43 1330
43 990
43 260
43 60
43 720
43 640
44 440
44 -10
44 40
44 120
44 -50
44 90
44 -10
44 1390
44 1240
44 500
44 10
44 260
44 1600
44 730
44 300
44 1260
44 2760
44 400
44 3460
44 520
44 550
44 210
44 200
44 660
44 1360
44 950
44 260
44 60
44 720
44 640
45 410
45 -10
45 40
45 110
45 -50
45 90
45 -10
45 1320
45 1180
45 490
45 10
45 250
45 1510
45 670
45 280
45 1220
45 2720
45 400
45 3300
45 520
45 520
45 210
45 200
45 660
45 1360
45 950
45 260
45 60
45 720
45 640
46 390
46 -10
46 40
46 110
46 -50
46 80
46 -10
46 1350
46 1200
46 480
46 10
46 250
46 1420
46 650
46 270
46 1180
46 2680
46 400
46 3090
46 520
46 520
46 210
46 200
46 660
46 1390
46 910
46 260
46 60
46 720
46 640
47 370
47 -10
47 40
47 110
47 -50
47 70
47 -10
47 1370
47 1220
47 440
47 30
47 240
47 1330
47 590
47 250
47 1180
47 2640
47 400
47 2930
47 520
47 490
47 210
47 200
47 660
47 1390
47 910
47 260
47 60
47 720
47 640
48 340
48 -10
48 40
48 90
48 -50
48 60
48 -10
48 1390
48 1240
48 390
48 90
48 240
48 1250
48 560
48 240
48 1180
48 2590
48 400
48 2760
48 520
48 460
48 210
48 200
48 660
48 1430
48 880
48 260
48 60
48 720
48 640
49 320
49 -10
49 40
49 90
49 -50
49 50
49 -10
49 1410
49 1260
49 350
49 150
49 230
49 1160
49 510
49 220
49 1160
49 2550
49 400
49 2550
49 520
49 460
49 210
49 200
49 650
49 1430
49 880
49 260
49 60
49 720
49 640
50 300
50 -10
50 40
50 90
50 -50
50 30
50 -10
50 1440
50 1290
50 300
50 200
50 220
50 1070
50 480
50 210
50 1160
50 2510
50 400
50 2390
50 520
50 430
50 210
50 200
50 650
50 1460
50 840
50 260
50 60
50 720
50 640
51 270
51 -10
51 40
51 80
51 -50
51 30
51 -10
51 1460
51 1310
51 250
51 170
51 210
51 990
51 460
51 200
51 1160
51 2460
51 400
51 2220
51 520
51 400
51 210
51 200
51 650
51 1460
51 840
51 260
51 60
51 720
51 640
52 260
52 -10
52 40
52 80
52 -50
52 20
52 -10
52 1480
52 1330
52 200
52 140
52 190
52 900
52 430
52 190
52 1160
52 2420
52 400
52 2020
52 520
52 400
52 210
52 200
52 640
52 1490
52 800
52 260
52 60
52 720
52 640
53 250
53 -10
53 40
53 80
53 -50
53 20
53 -10
53 1500
53 1350
53 150
53 110
53 170
53 810
53 400
53 180
53 1140
53 2380
53 400
53 1850
53 520
53 370
53 210
53 200
53 640
53 1490
53 800
53 260
53 60
53 720
53 640
54 240
54 -10
54 40
54 60
54 -50
54 10
54 -10
54 1530
54 1370
54 110
54 70
54 160
54 720
54 380
54 170
54 1140
54 2330
54 400
54 1690
54 520
54 340
54 210
54 200
54 640
54 1520
54 760
54 260
54 60
54 720
54 640
55 220
55 -10
55 40
55 60
55 -50
55 10
55 -10
55 1530
55 1370
55 60
55 40
55 140
55 640
55 350
55 160
55 1140
55 2200
55 400
55 1480
55 520
55 340
55 210
55 200
55 630
55 1520
55 760
55 260
55 60
55 720
55 640
56 210
56 -10
56 40
56 60
56 -50
56 -10
56 -10
56 1500
56 1350
56 10
56 10
56 120
56 610
56 320
56 150
56 1140
56 2120
56 400
56 1320
56 520
56 340
56 210
56 200
56 630
56 1560
56 720
56 260
56 60
56 710
56 640
57 200
57 -10
57 40
57 30
57 -50
57 -10
57 -10
57 1480
57 1330
57 -40
57 10
57 110
57 580
57 300
57 130
57 1120
57 1990
57 400
57 1150
57 520
57 310
57 200
57 190
57 630
57 1560
57 720
57 260
57 60
57 700
57 640
58 190
58 -10
58 40
58 30
58 -50
58 -10
58 -10
58 1460
58 1310
58 -40
58 10
58 90
58 550
58 270
58 120
58 1120
58 1860
58 400
58 950
58 520
58 280
58 180
58 160
58 620
58 1560
58 690
58 260
58 60
58 690
58 640
59 180
59 -10
59 30
59 30
59 -50
59 -10
59 -10
59 1440
59 1290
59 -40
59 10
59 70
59 520
59 240
59 100
59 1120
59 1730
59 400
59 780
59 520
59 250
59 150
59 140
59 620
59 1560
59 690
59 260
59 60
59 680
59 640
60 170
60 -10
60 30
60 10
60 -50
60 -10
60 -10
60 1410
60 1260
60 -40
60 10
60 60
60 490
60 220
60 80
60 1120
60 1640
60 360
60 620
60 440
60 210
60 120
60 110
60 620
60 1560
60 650
60 260
60 60
60 670
60 640
61 140
61 -10
61 20
61 10
61 -50
61 -10
61 -10
61 1390
61 1240
61 -40
61 10
61 40
61 460
61 190
61 10
61 1120
61 1510
61 280
61 410
61 400
61 180
61 100
61 90
61 600
61 1490
61 650
61 260
61 60
61 650
61 640
62 110
62 -10
62 20
62 10
62 -50
62 -10
62 -10
62 1370
62 1220
62 -40
62 10
62 10
62 440
62 160
62 -60
62 1120
62 1380
62 240
62 210
62 200
62 150
62 70
62 70
62 600
62 1430
62 610
62 260
62 60
62 640
62 640
63 70
63 -10
63 10
63 0
63 -50
63 -10
63 -10
63 1350
63 1200
63 -40
63 10
63 -10
63 410
63 110
63 -60
63 1120
63 1250
63 -40
63 -10
63 -10
63 90
63 40
63 40
63 600
63 1360
63 610
63 260
63 60
63 630
63 640
64 40
64 -10
64 10
64 0
64 -50
64 -10
64 -10
64 1320
64 1180
64 -40
64 10
64 -10
64 380
64 10
64 -60
64 1120
64 1170
64 -40
64 -10
64 -10
64 -20
64 -20
64 -20
64 590
64 1300
64 570
64 260
64 60
64 620
64 640
65 -10
65 -10
65 -20
65 -20
65 -50
65 -10
65 -10
65 1300
65 1160
65 10
65 -10
65 -10
65 350
65 -50
65 -60
65 1120
65 1040
65 -40
65 -10
65 -10
65 -20
65 -20
65 -20
65 590
65 1230
65 570
65 260
65 60
65 600
65 620
66 -10
66 -10
66 -20
66 -30
66 -50
66 -10
66 -10
66 1280
66 1140
66 40
66 -10
66 -10
66 320
66 -50
66 -60
66 1120
66 910
66 -40
66 -10
66 -10
66 -20
66 -20
66 -20
66 590
66 1170
66 570
66 260
66 60
66 590
66 610
67 -10
67 -10
67 -20
67 -30
67 -50
67 -10
67 -10
67 1250
67 1120
67 60
67 -10
67 -10
67 290
67 -50
67 -60
67 1120
67 780
67 -40
67 -10
67 -10
67 -20
67 -20
67 -20
67 580
67 1170
67 570
67 260
67 60
67 580
67 600
68 -10
68 -10
68 -20
68 -30
68 -50
68 -10
68 -10
68 1230
68 1100
68 60
68 -10
68 -10
68 260
68 -50
68 -60
68 1120
68 690
68 -40
68 -10
68 -10
68 -20
68 -20
68 -20
68 580
68 1170
68 570
68 260
68 60
68 570
68 590
69 -10
69 -10
69 -20
69 -30
69 -50
69 -10
69 -10
69 1210
69 1080
69 60
69 -10
69 -10
69 230
69 -50
69 -60
69 1120
69 560
69 80
69 80
69 80
69 -20
69 -20
69 -20
69 580
69 1170
69 570
69 260
69 60
69 550
69 570
70 -10
70 -10
70 -20
70 -30
70 -50
70 -10
70 -10
70 1190
70 1060
70 60
70 -10
70 -10
70 200
70 -50
70 -60
70 1120
70 430
70 80
70 80
70 80
70 60
70 30
70 20
70 570
70 1170
70 570
70 260
70 60
70 550
70 560
71 -10
71 -10
71 -20
71 -30
71 -50
71 -10
71 -10
71 1030
71 920
71 120
71 -10
71 -10
71 170
71 -20
71 -50
71 1120
71 430
71 80
71 80
71 80
71 60
71 30
71 20
71 570
71 1170
71 570
71 260
71 60
71 530
71 550
72 -10
72 -10
72 -20
72 -30
72 -50
72 -10
72 -10
72 870
72 780
72 180
72 -10
72 -10
72 140
72 60
72 80
72 1120
72 430
72 80
72 80
72 80
72 60
72 30
72 20
72 570
72 1170
72 570
72 260
72 60
72 520
72 540
73 -10
73 -10
73 -20
73 -30
73 -50
73 -10
73 -10
73 710
73 630
73 240
73 -10
73 -10
73 120
73 110
73 70
73 1120
73 430
73 80
73 80
73 80
73 60
73 30
73 20
73 550
73 1170
73 570
73 260
73 60
73 500
73 520
74 -10
74 -10
74 -20
74 -30
74 -50
74 -10
74 -10
74 550
74 490
74 240
74 -10
74 -10
74 90
74 110
74 60
74 1120
74 430
74 80
74 80
74 80
74 60
74 30
74 20
74 550
74 1170
74 570
74 260
74 60
74 500
74 510
75 -10
75 -10
75 -20
75 -30
75 -50
75 -10
75 -10
75 390
75 350
75 300
75 -10
75 -10
75 60
75 80
75 50
75 1120
75 430
75 80
75 80
75 80
75 60
75 30
75 20
75 550
75 1170
75 570
75 260
75 60
75 480
75 490
76 -10
76 -10
76 -20
76 -30
76 -50
76 -10
76 -10
76 230
76 200
76 300
76 -10
76 -10
76 30
76 50
76 40
76 1120
76 430
76 80
76 80
76 80
76 60
76 30
76 20
76 540
76 1170
76 570
76 260
76 60
76 470
76 490
77 -10
77 -10
77 -20
77 -30
77 -50
77 -10
77 -10
77 230
77 200
77 300
77 -10
77 -10
77 30
77 50
77 40
77 1120
77 430
77 80
77 80
77 80
77 60
77 30
77 20
77 540
77 1170
77 570
77 260
77 60
77 460
77 470
78 -10
78 -10
78 -20
78 -30
78 -50
78 -10
78 -10
78 230
78 200
78 300
78 -10
78 -10
78 30
78 50
78 40
78 1120
78 430
78 80
78 80
78 80
78 60
78 30
78 20
78 540
78 1170
78 570
78 260
78 60
78 450
78 460
79 -10
79 -10
79 -20
79 -30
79 -50
79 -10
79 -10
79 230
79 200
79 300
79 -10
79 -10
79 30
79 50
79 40
79 1120
79 430
79 80
79 80
79 80
79 60
79 30
79 20
79 540
79 1100
79 570
79 260
79 60
79 430
79 440
