clade	species	ts	te
0	1	100.0	94.87
0	2	98.9	98.13
0	3	98.59	74.26
0	4	95.3	90.66
0	5	81.88	76.76
0	6	75.78	26.06
0	7	73.12	69.53
0	8	63.32	55.3
0	9	60.81	51.74
0	10	55.56	46.28
0	11	54.08	26.48
0	12	53.68	34.57
0	13	53.27	45.37
0	14	52.27	45.24
0	15	52.19	22.22
0	16	51.13	46.05
0	17	50.97	34.44
0	18	50.37	45.95
0	19	49.95	45.92
0	20	49.7	44.64
0	21	49.04	37.26
0	22	48.42	43.73
0	23	48.22	33.86
0	24	47.79	46.52
0	25	47.74	37.61
0	26	47.62	9.88
0	27	47.48	34.88
0	28	47.47	8.26
0	29	47.31	41.75
0	30	47.12	39.06
0	31	46.8	43.19
0	32	46.57	44.42
0	33	46.42	0.0
0	34	46.34	43.15
0	35	46.34	40.66
0	36	46.11	36.03
0	37	45.99	39.69
0	38	45.85	43.35
0	39	45.84	44.68
0	40	45.61	43.53
0	41	45.43	43.43
0	42	45.38	38.21
0	43	45.3	30.05
0	44	45.18	43.11
0	45	45.06	38.47
0	46	44.85	39.06
0	47	44.81	33.52
0	48	44.5	38.48
0	49	44.5	44.21
0	50	44.32	31.07
0	51	44.17	41.38
0	52	43.85	17.83
0	53	43.85	38.02
0	54	43.82	32.56
0	55	43.59	42.18
0	56	43.53	41.25
0	57	43.32	41.76
0	58	43.21	31.85
0	59	42.93	15.39
0	60	42.59	36.0
0	61	42.29	35.57
0	62	42.26	32.91
0	63	42.25	40.93
0	64	42.16	6.93
0	65	42.11	4.04
0	66	42.04	15.18
0	67	41.99	40.11
0	68	41.63	23.47
0	69	41.55	22.06
0	70	41.51	20.15
0	71	41.46	41.44
0	72	41.4	26.18
0	73	41.37	40.35
0	74	41.34	26.39
0	75	41.27	34.21
0	76	41.06	32.33
0	77	41.04	39.63
0	78	40.95	40.44
0	79	40.42	20.69
0	80	40.16	28.36
0	81	40.12	9.46
0	82	40.12	37.58
0	83	39.91	32.47
0	84	39.89	24.23
0	85	39.87	38.91
0	86	39.67	35.38
0	87	39.6	36.21
0	88	39.46	28.68
0	89	39.34	34.24
0	90	39.33	20.61
0	91	39.32	28.12
0	92	39.3	23.65
0	93	39.26	24.03
0	94	39.07	39.04
0	95	39.07	38.87
0	96	39.03	21.6
0	97	38.88	38.83
0	98	38.79	29.58
0	99	38.77	36.11
0	100	38.63	12.42
0	101	38.57	38.12
0	102	38.45	31.49
0	103	38.45	34.37
0	104	38.44	5.01
0	105	38.41	0.0
0	106	38.22	32.56
0	107	37.98	30.97
0	108	37.98	36.2
0	109	37.95	32.15
0	110	37.73	36.07
0	111	37.72	37.49
0	112	37.66	19.18
0	113	37.39	35.77
0	114	37.35	11.13
0	115	37.25	22.66
0	116	36.88	0.0
0	117	36.85	33.57
0	118	36.79	31.77
0	119	36.78	35.31
0	120	36.63	32.63
0	121	36.61	14.96
0	122	36.52	34.84
0	123	36.44	23.6
0	124	36.38	32.45
0	125	36.26	33.94
0	126	36.24	34.99
0	127	36.23	31.33
0	128	36.15	26.27
0	129	36.04	28.44
0	130	35.98	25.91
0	131	35.94	23.48
0	132	35.76	35.44
0	133	35.75	35.22
0	134	35.73	29.11
0	135	35.62	9.07
0	136	35.48	27.56
0	137	35.42	26.35
0	138	35.41	8.26
0	139	35.36	33.06
0	140	34.93	0.0
0	141	34.83	31.3
0	142	34.76	27.2
0	143	34.71	22.33
0	144	34.69	21.88
0	145	34.57	30.92
0	146	34.52	19.74
0	147	34.32	26.85
0	148	34.05	32.07
0	149	34.02	18.09
0	150	34.01	28.14
0	151	34.0	33.78
0	152	33.95	0.0
0	153	33.9	33.21
0	154	33.81	26.8
0	155	33.75	21.9
0	156	33.68	30.0
0	157	33.66	30.73
0	158	33.44	28.07
0	159	33.38	26.89
0	160	33.34	28.11
0	161	33.31	26.19
0	162	33.27	31.55
0	163	33.23	31.79
0	164	33.2	25.89
0	165	33.15	19.3
0	166	33.11	19.79
0	167	33.07	32.47
0	168	33.02	23.52
0	169	32.97	18.35
0	170	32.95	28.97
0	171	32.75	29.78
0	172	32.72	26.77
0	173	32.68	15.63
0	174	32.5	29.43
0	175	32.42	28.35
0	176	32.41	14.58
0	177	32.4	0.0
0	178	32.37	16.09
0	179	32.37	19.19
0	180	32.3	21.6
0	181	32.27	30.47
0	182	32.27	29.3
0	183	32.05	18.89
0	184	32.04	26.77
0	185	31.92	30.01
0	186	31.85	28.36
0	187	31.76	0.0
0	188	31.72	19.43
0	189	31.7	26.02
0	190	31.66	0.0
0	191	31.64	2.5
0	192	31.63	31.05
0	193	31.62	29.29
0	194	31.56	29.79
0	195	31.56	0.0
0	196	31.52	19.46
0	197	31.44	22.5
0	198	31.44	24.28
0	199	31.41	30.61
0	200	31.32	9.24
0	201	31.23	29.83
0	202	31.18	21.58
0	203	31.11	30.65
0	204	31.08	20.83
0	205	31.07	11.85
0	206	30.96	30.2
0	207	30.96	28.17
0	208	30.93	14.78
0	209	30.82	9.68
0	210	30.82	14.55
0	211	30.8	29.81
0	212	30.75	29.07
0	213	30.74	27.3
0	214	30.61	25.17
0	215	30.58	30.08
0	216	30.57	23.82
0	217	30.54	20.94
0	218	30.52	28.57
0	219	30.49	19.05
0	220	30.45	29.93
0	221	30.44	26.31
0	222	30.3	0.0
0	223	30.21	23.42
0	224	30.17	28.86
0	225	29.9	23.73
0	226	29.87	11.82
0	227	29.86	26.69
0	228	29.85	25.27
0	229	29.8	18.55
0	230	29.71	28.02
0	231	29.71	27.91
0	232	29.67	29.16
0	233	29.67	0.83
0	234	29.64	21.69
0	235	29.6	23.98
0	236	29.57	27.42
0	237	29.38	20.2
0	238	29.21	0.0
0	239	29.19	25.99
0	240	29.18	21.28
0	241	29.09	27.49
0	242	29.04	22.77
0	243	28.78	20.85
0	244	28.74	11.37
0	245	28.65	19.59
0	246	28.6	13.62
0	247	28.48	27.03
0	248	28.24	23.53
0	249	28.03	14.66
0	250	28.01	9.33
0	251	27.98	0.0
0	252	27.97	0.14
0	253	27.96	18.11
0	254	27.94	14.32
0	255	27.88	13.41
0	256	27.87	27.35
0	257	27.68	15.65
0	258	27.65	16.28
0	259	27.61	15.07
0	260	27.59	22.81
0	261	27.57	18.05
0	262	27.54	23.15
0	263	27.47	23.53
0	264	27.38	11.04
0	265	27.25	20.82
0	266	27.21	2.51
0	267	27.19	25.15
0	268	27.16	0.0
0	269	27.1	23.54
0	270	27.09	23.76
0	271	27.08	0.0
0	272	26.94	0.0
0	273	26.92	13.92
0	274	26.91	24.39
0	275	26.88	0.0
0	276	26.6	25.12
0	277	26.58	22.32
0	278	26.57	24.72
0	279	26.56	13.07
0	280	26.55	10.01
0	281	26.54	19.34
0	282	26.53	0.0
0	283	26.49	24.85
0	284	26.47	24.56
0	285	26.46	26.09
0	286	26.38	17.97
0	287	26.35	3.58
0	288	26.32	26.04
0	289	26.31	25.73
0	290	26.3	12.62
0	291	26.28	25.46
0	292	26.09	21.34
0	293	26.08	18.03
0	294	26.08	24.21
0	295	25.93	20.27
0	296	25.9	20.18
0	297	25.75	9.31
0	298	25.74	10.65
0	299	25.72	14.23
0	300	25.58	22.0
0	301	25.54	22.49
0	302	25.51	22.21
0	303	25.48	22.1
0	304	25.44	20.44
0	305	25.43	18.99
0	306	25.43	11.51
0	307	25.37	23.1
0	308	25.19	18.11
0	309	25.18	0.58
0	310	25.09	25.03
0	311	25.09	18.64
0	312	25.05	21.36
0	313	25.0	24.94
0	314	24.92	0.0
0	315	24.91	16.4
0	316	24.88	12.75
0	317	24.8	23.65
0	318	24.76	20.77
0	319	24.72	22.78
0	320	24.67	16.7
0	321	24.65	17.77
0	322	24.65	21.13
0	323	24.58	14.04
0	324	24.47	20.06
0	325	24.44	21.98
0	326	24.29	21.19
0	327	24.28	23.5
0	328	24.15	17.68
0	329	24.12	12.06
0	330	24.03	22.81
0	331	24.0	12.88
0	332	23.98	0.0
0	333	23.96	13.7
0	334	23.92	23.47
0	335	23.86	19.31
0	336	23.83	0.34
0	337	23.75	12.28
0	338	23.67	14.59
0	339	23.64	16.94
0	340	23.54	15.39
0	341	23.54	13.38
0	342	23.53	20.73
0	343	23.52	18.35
0	344	23.4	21.23
0	345	23.39	23.2
0	346	23.35	11.36
0	347	23.35	22.74
0	348	23.34	0.0
0	349	23.33	20.64
0	350	23.28	14.37
0	351	23.21	17.64
0	352	23.21	18.19
0	353	23.18	0.0
0	354	23.13	13.15
0	355	23.11	19.67
0	356	23.11	18.9
0	357	23.11	13.65
0	358	23.08	4.99
0	359	23.07	12.06
0	360	22.95	15.82
0	361	22.91	18.55
0	362	22.87	18.4
0	363	22.85	12.35
0	364	22.84	19.35
0	365	22.67	16.87
0	366	22.66	21.9
0	367	22.65	20.07
0	368	22.61	18.87
0	369	22.57	19.52
0	370	22.51	14.43
0	371	22.42	5.41
0	372	22.37	6.1
0	373	22.36	22.11
0	374	22.33	21.59
0	375	22.27	11.2
0	376	22.27	20.23
0	377	22.25	5.99
0	378	22.19	11.34
0	379	22.19	14.17
0	380	22.16	19.34
0	381	22.16	15.76
0	382	22.14	0.0
0	383	22.14	11.25
0	384	22.11	11.09
0	385	22.01	21.54
0	386	21.97	18.99
0	387	21.95	17.62
0	388	21.94	18.4
0	389	21.82	21.43
0	390	21.78	17.38
0	391	21.74	19.84
0	392	21.68	0.0
0	393	21.68	14.52
0	394	21.65	15.18
0	395	21.65	19.63
0	396	21.59	17.87
0	397	21.55	21.48
0	398	21.54	17.96
0	399	21.53	14.9
0	400	21.49	12.96
0	401	21.42	18.32
0	402	21.24	19.12
0	403	21.24	20.3
0	404	21.22	10.63
0	405	21.19	14.29
0	406	21.15	13.37
0	407	21.15	2.86
0	408	21.08	18.24
0	409	21.0	2.6
0	410	20.99	0.0
0	411	20.98	14.68
0	412	20.97	14.96
0	413	20.94	18.36
0	414	20.93	11.63
0	415	20.92	5.14
0	416	20.92	2.76
0	417	20.91	8.64
0	418	20.77	0.0
0	419	20.76	11.83
0	420	20.53	14.05
0	421	20.51	0.0
0	422	20.47	20.21
0	423	20.46	7.21
0	424	20.42	19.93
0	425	20.42	13.74
0	426	20.36	4.08
0	427	20.31	0.13
0	428	20.3	7.65
0	429	20.26	11.72
0	430	20.15	7.03
0	431	20.14	17.4
0	432	20.12	7.37
0	433	20.08	11.65
0	434	20.06	16.1
0	435	20.06	12.66
0	436	20.05	16.88
0	437	20.0	14.04
0	438	19.92	0.0
0	439	19.89	11.07
0	440	19.88	17.23
0	441	19.87	0.0
0	442	19.85	1.44
0	443	19.82	17.73
0	444	19.8	18.61
0	445	19.78	15.51
0	446	19.74	9.33
0	447	19.73	0.0
0	448	19.6	12.0
0	449	19.57	4.98
0	450	19.54	1.76
0	451	19.47	0.0
0	452	19.44	15.72
0	453	19.42	4.61
0	454	19.34	10.29
0	455	19.34	18.32
0	456	19.34	15.9
0	457	19.3	6.69
0	458	19.28	16.03
0	459	19.22	18.27
0	460	19.16	16.68
0	461	19.09	9.75
0	462	19.06	17.62
0	463	18.98	10.43
0	464	18.97	10.94
0	465	18.95	5.11
0	466	18.94	13.54
0	467	18.93	12.47
0	468	18.89	12.03
0	469	18.89	16.55
0	470	18.88	6.91
0	471	18.87	9.72
0	472	18.8	2.53
0	473	18.78	9.85
0	474	18.72	10.71
0	475	18.68	13.49
0	476	18.63	8.66
0	477	18.63	15.46
0	478	18.63	4.31
0	479	18.63	9.36
0	480	18.59	16.09
0	481	18.56	9.82
0	482	18.56	8.0
0	483	18.53	2.22
0	484	18.5	4.1
0	485	18.46	0.0
0	486	18.46	4.44
0	487	18.45	12.92
0	488	18.39	4.73
0	489	18.39	6.94
0	490	18.37	11.64
0	491	18.37	0.0
0	492	18.37	9.76
0	493	18.31	13.25
0	494	18.27	17.9
0	495	18.23	16.6
0	496	18.22	12.25
0	497	18.21	10.68
0	498	18.14	12.01
0	499	18.13	8.66
0	500	18.1	15.2
0	501	18.1	2.67
0	502	18.05	18.03
0	503	18.02	0.0
0	504	17.94	5.23
0	505	17.94	3.86
0	506	17.88	12.26
0	507	17.75	11.52
0	508	17.7	12.96
0	509	17.7	13.09
0	510	17.68	7.02
0	511	17.65	6.88
0	512	17.55	10.62
0	513	17.54	9.61
0	514	17.52	15.0
0	515	17.52	11.77
0	516	17.46	14.26
0	517	17.46	2.1
0	518	17.43	17.28
0	519	17.43	15.61
0	520	17.42	13.28
0	521	17.41	7.48
0	522	17.38	12.98
0	523	17.35	10.67
0	524	17.34	0.0
0	525	17.34	0.0
0	526	17.3	10.49
0	527	17.3	15.89
0	528	17.29	10.34
0	529	17.17	16.43
0	530	17.17	8.13
0	531	17.14	8.37
0	532	17.13	0.0
0	533	17.1	16.01
0	534	17.09	14.48
0	535	16.94	13.58
0	536	16.91	0.0
0	537	16.88	16.79
0	538	16.8	12.29
0	539	16.77	15.04
0	540	16.76	14.04
0	541	16.75	15.04
0	542	16.68	8.09
0	543	16.65	13.99
0	544	16.65	15.35
0	545	16.55	8.33
0	546	16.52	4.35
0	547	16.51	7.71
0	548	16.47	8.3
0	549	16.47	12.78
0	550	16.42	14.97
0	551	16.39	1.37
0	552	16.32	13.75
0	553	16.3	13.17
0	554	16.24	12.9
0	555	16.18	13.74
0	556	16.17	0.0
0	557	16.15	0.0
0	558	16.13	0.0
0	559	16.05	0.0
0	560	16.04	0.4
0	561	15.97	0.0
0	562	15.96	15.43
0	563	15.94	2.5
0	564	15.94	0.0
0	565	15.87	0.0
0	566	15.85	5.27
0	567	15.82	15.59
0	568	15.75	0.0
0	569	15.69	13.61
0	570	15.65	0.0
0	571	15.65	10.39
0	572	15.64	8.67
0	573	15.61	0.0
0	574	15.59	0.0
0	575	15.58	0.0
0	576	15.46	0.0
0	577	15.44	0.0
0	578	15.42	7.41
0	579	15.42	5.67
0	580	15.4	5.79
0	581	15.39	12.29
0	582	15.38	0.0
0	583	15.38	15.36
0	584	15.34	0.0
0	585	15.31	13.78
0	586	15.31	0.0
0	587	15.3	4.44
0	588	15.29	0.0
0	589	15.29	9.06
0	590	15.27	14.32
0	591	15.2	0.0
0	592	15.2	13.76
0	593	15.2	7.73
0	594	15.19	9.81
0	595	15.11	0.0
0	596	15.08	4.23
0	597	15.04	9.5
0	598	15.03	10.51
0	599	15.0	13.05
0	600	14.94	7.16
0	601	14.94	11.92
0	602	14.94	0.0
0	603	14.9	8.18
0	604	14.84	0.0
0	605	14.83	11.19
0	606	14.83	1.95
0	607	14.78	0.0
0	608	14.76	7.67
0	609	14.74	14.07
0	610	14.71	12.41
0	611	14.65	3.41
0	612	14.65	12.48
0	613	14.53	12.85
0	614	14.5	1.58
0	615	14.5	10.38
0	616	14.42	3.13
0	617	14.42	7.48
0	618	14.23	6.37
0	619	14.18	0.0
0	620	14.15	1.73
0	621	14.1	13.81
0	622	14.07	1.32
0	623	14.05	11.76
0	624	13.95	2.47
0	625	13.94	3.3
0	626	13.92	11.74
0	627	13.9	0.0
0	628	13.89	12.75
0	629	13.79	0.0
0	630	13.78	13.15
0	631	13.77	12.68
0	632	13.74	11.91
0	633	13.74	10.48
0	634	13.69	12.81
0	635	13.65	8.23
0	636	13.63	11.64
0	637	13.61	12.07
0	638	13.58	10.51
0	639	13.53	4.6
0	640	13.48	13.32
0	641	13.45	0.81
0	642	13.44	0.0
0	643	13.42	4.58
0	644	13.37	6.49
0	645	13.31	8.92
0	646	13.25	11.94
0	647	13.23	0.0
0	648	13.2	11.7
0	649	13.18	4.88
0	650	13.16	0.0
0	651	13.16	12.25
0	652	13.12	9.53
0	653	13.1	9.6
0	654	13.09	11.57
0	655	13.08	10.63
0	656	13.07	4.96
0	657	13.06	9.17
0	658	13.06	5.27
0	659	13.02	11.35
0	660	13.01	11.22
0	661	12.99	9.74
0	662	12.96	12.45
0	663	12.95	5.41
0	664	12.93	9.7
0	665	12.92	10.38
0	666	12.91	9.55
0	667	12.9	6.78
0	668	12.88	11.67
0	669	12.87	0.0
0	670	12.83	9.37
0	671	12.77	7.2
0	672	12.76	0.0
0	673	12.73	0.0
0	674	12.71	0.0
0	675	12.7	6.56
0	676	12.69	11.52
0	677	12.66	9.95
0	678	12.61	8.99
0	679	12.59	0.0
0	680	12.58	8.94
0	681	12.57	7.29
0	682	12.52	12.4
0	683	12.49	10.93
0	684	12.46	9.72
0	685	12.45	6.26
0	686	12.43	6.62
0	687	12.41	0.0
0	688	12.4	7.41
0	689	12.35	11.93
0	690	12.32	6.72
0	691	12.31	0.0
0	692	12.31	8.58
0	693	12.3	0.0
0	694	12.27	10.51
0	695	12.27	0.0
0	696	12.27	12.11
0	697	12.26	0.0
0	698	12.26	0.0
0	699	12.26	0.0
0	700	12.25	0.0
0	701	12.23	5.35
0	702	12.2	3.88
0	703	12.11	3.44
0	704	12.11	11.72
0	705	12.09	0.0
0	706	12.09	5.45
0	707	12.08	5.02
0	708	12.08	0.0
0	709	12.08	5.36
0	710	12.06	11.35
0	711	12.05	0.0
0	712	12.0	6.03
0	713	12.0	9.02
0	714	11.99	0.0
0	715	11.93	11.71
0	716	11.88	0.3
0	717	11.84	4.29
0	718	11.83	4.57
0	719	11.81	11.49
0	720	11.8	6.43
0	721	11.79	9.17
0	722	11.77	0.02
0	723	11.77	0.0
0	724	11.75	11.28
0	725	11.74	1.15
0	726	11.74	7.89
0	727	11.68	6.84
0	728	11.68	4.29
0	729	11.62	3.36
0	730	11.61	8.93
0	731	11.57	7.86
0	732	11.57	5.41
0	733	11.56	7.44
0	734	11.55	4.59
0	735	11.54	0.0
0	736	11.51	0.0
0	737	11.51	3.88
0	738	11.38	0.0
0	739	11.36	9.89
0	740	11.35	0.0
0	741	11.35	9.2
0	742	11.35	0.0
0	743	11.33	4.86
0	744	11.32	10.05
0	745	11.3	0.0
0	746	11.3	6.7
0	747	11.29	0.0
0	748	11.27	3.12
0	749	11.23	1.28
0	750	11.22	0.0
0	751	11.21	9.58
0	752	11.2	7.79
0	753	11.2	6.71
0	754	11.16	0.0
0	755	11.15	3.43
0	756	11.14	8.03
0	757	11.14	0.0
0	758	11.11	9.12
0	759	11.1	10.32
0	760	11.07	11.01
0	761	11.02	8.19
0	762	11.01	0.0
0	763	11.01	0.0
0	764	10.99	6.06
0	765	10.96	7.08
0	766	10.96	0.0
0	767	10.9	8.17
0	768	10.84	0.0
0	769	10.73	6.14
0	770	10.73	7.09
0	771	10.72	0.54
0	772	10.71	6.27
0	773	10.71	0.0
0	774	10.7	0.0
0	775	10.66	0.0
0	776	10.66	8.07
0	777	10.66	0.0
0	778	10.66	3.82
0	779	10.63	10.43
0	780	10.62	0.0
0	781	10.59	0.0
0	782	10.58	7.67
0	783	10.58	3.52
0	784	10.58	7.15
0	785	10.56	10.44
0	786	10.54	5.06
0	787	10.54	6.76
0	788	10.53	8.97
0	789	10.53	0.0
0	790	10.5	10.09
0	791	10.49	6.52
0	792	10.46	10.18
0	793	10.46	4.11
0	794	10.46	5.44
0	795	10.43	2.4
0	796	10.36	10.2
0	797	10.36	1.0
0	798	10.34	0.0
0	799	10.33	0.0
0	800	10.28	6.25
0	801	10.24	0.18
0	802	10.15	5.17
0	803	10.14	0.0
0	804	10.14	7.42
0	805	10.12	9.23
0	806	10.12	0.0
0	807	10.1	9.09
0	808	10.08	7.78
0	809	10.07	0.0
0	810	10.06	0.0
0	811	10.05	0.0
0	812	10.05	5.52
0	813	10.03	8.14
0	814	10.0	0.62
0	815	10.0	0.0
0	816	9.99	6.89
0	817	9.95	5.1
0	818	9.94	0.0
0	819	9.92	6.96
0	820	9.9	7.6
0	821	9.89	5.75
0	822	9.86	0.0
0	823	9.86	2.61
0	824	9.85	9.78
0	825	9.85	0.0
0	826	9.83	7.48
0	827	9.82	0.0
0	828	9.82	0.0
0	829	9.81	8.77
0	830	9.81	0.0
0	831	9.8	9.23
0	832	9.8	1.59
0	833	9.78	0.0
0	834	9.75	9.37
0	835	9.71	0.0
0	836	9.68	7.7
0	837	9.67	4.83
0	838	9.66	5.35
0	839	9.65	2.61
0	840	9.65	0.0
0	841	9.56	0.0
0	842	9.56	6.54
0	843	9.55	0.74
0	844	9.52	9.38
0	845	9.52	5.99
0	846	9.51	7.77
0	847	9.5	0.0
0	848	9.5	0.0
0	849	9.49	9.21
0	850	9.45	3.99
0	851	9.45	0.0
0	852	9.44	0.0
0	853	9.43	2.26
0	854	9.42	0.0
0	855	9.4	7.44
0	856	9.39	0.23
0	857	9.39	1.66
0	858	9.39	0.0
0	859	9.39	4.47
0	860	9.37	9.17
0	861	9.36	8.48
0	862	9.36	0.0
0	863	9.33	8.19
0	864	9.31	4.05
0	865	9.28	0.0
0	866	9.25	7.7
0	867	9.25	0.0
0	868	9.2	0.0
0	869	9.18	0.0
0	870	9.17	6.34
0	871	9.16	2.66
0	872	9.16	6.25
0	873	9.13	0.0
0	874	9.12	9.05
0	875	9.1	5.0
0	876	9.08	8.78
0	877	9.05	6.25
0	878	9.05	5.38
0	879	9.04	4.21
0	880	9.04	0.0
0	881	9.01	0.0
0	882	9.01	0.11
0	883	9.0	0.0
0	884	9.0	8.28
0	885	9.0	0.0
0	886	9.0	5.05
0	887	8.98	3.24
0	888	8.97	6.28
0	889	8.97	0.0
0	890	8.91	6.39
0	891	8.91	0.68
0	892	8.9	0.0
0	893	8.89	8.88
0	894	8.89	0.0
0	895	8.88	0.0
0	896	8.84	8.44
0	897	8.84	0.0
0	898	8.8	0.0
0	899	8.8	0.0
0	900	8.79	6.77
0	901	8.78	0.0
0	902	8.76	1.87
0	903	8.74	1.81
0	904	8.74	8.16
0	905	8.7	0.0
0	906	8.65	0.0
0	907	8.64	0.0
0	908	8.64	0.0
0	909	8.62	0.0
0	910	8.61	2.88
0	911	8.61	0.0
0	912	8.59	1.27
0	913	8.59	6.54
0	914	8.58	0.0
0	915	8.57	5.74
0	916	8.57	0.0
0	917	8.54	0.0
0	918	8.54	8.14
0	919	8.51	0.0
0	920	8.49	4.45
0	921	8.46	3.05
0	922	8.41	7.51
0	923	8.4	7.58
0	924	8.4	0.0
0	925	8.39	4.96
0	926	8.38	1.69
0	927	8.36	2.19
0	928	8.35	7.68
0	929	8.34	6.32
0	930	8.32	0.0
0	931	8.32	4.84
0	932	8.31	3.76
0	933	8.31	0.0
0	934	8.28	0.0
0	935	8.26	0.0
0	936	8.2	0.0
0	937	8.16	2.26
0	938	8.14	3.42
0	939	8.13	7.4
0	940	8.11	0.0
0	941	8.11	0.0
0	942	8.08	0.0
0	943	8.07	0.0
0	944	8.05	0.0
0	945	8.05	2.28
0	946	8.04	0.0
0	947	7.95	0.0
0	948	7.94	5.33
0	949	7.92	7.54
0	950	7.92	0.0
0	951	7.9	6.72
0	952	7.9	7.78
0	953	7.89	0.0
0	954	7.88	5.91
0	955	7.87	0.0
0	956	7.86	0.0
0	957	7.85	0.0
0	958	7.85	7.31
0	959	7.84	6.19
0	960	7.84	0.0
0	961	7.84	3.23
0	962	7.8	7.66
0	963	7.8	7.41
0	964	7.77	3.78
0	965	7.74	0.91
0	966	7.73	0.0
0	967	7.71	0.0
0	968	7.6	4.64
0	969	7.58	2.92
0	970	7.57	7.01
0	971	7.53	0.0
0	972	7.53	6.44
0	973	7.51	0.71
0	974	7.51	7.08
0	975	7.5	6.2
0	976	7.48	0.0
0	977	7.47	5.85
0	978	7.47	7.15
0	979	7.45	1.78
0	980	7.45	5.04
0	981	7.43	4.62
0	982	7.43	5.38
0	983	7.43	7.13
0	984	7.43	1.52
0	985	7.41	5.19
0	986	7.39	1.4
0	987	7.39	4.59
0	988	7.36	0.85
0	989	7.35	3.9
0	990	7.32	7.02
0	991	7.32	0.0
0	992	7.28	0.0
0	993	7.27	0.0
0	994	7.26	5.6
0	995	7.23	5.9
0	996	7.19	1.33
0	997	7.18	5.29
0	998	7.17	0.0
0	999	7.16	2.46
0	1000	7.16	3.15
0	1001	7.11	0.0
0	1002	7.09	3.84
0	1003	7.07	6.37
0	1004	7.05	5.01
0	1005	7.05	0.0
0	1006	7.03	2.94
0	1007	7.03	0.0
0	1008	7.03	0.0
0	1009	7.01	0.0
0	1010	7.0	6.61
0	1011	6.99	4.61
0	1012	6.99	3.33
0	1013	6.97	5.8
0	1014	6.96	3.12
0	1015	6.95	6.72
0	1016	6.95	5.19
0	1017	6.95	2.01
0	1018	6.93	1.55
0	1019	6.92	4.43
0	1020	6.92	1.87
0	1021	6.9	0.0
0	1022	6.88	4.76
0	1023	6.84	2.08
0	1024	6.83	0.0
0	1025	6.8	4.5
0	1026	6.8	0.0
0	1027	6.79	0.0
0	1028	6.79	1.93
0	1029	6.79	0.0
0	1030	6.79	0.0
0	1031	6.77	5.62
0	1032	6.77	0.0
0	1033	6.77	1.55
0	1034	6.75	0.0
0	1035	6.73	0.0
0	1036	6.72	0.0
0	1037	6.69	0.0
0	1038	6.68	0.0
0	1039	6.67	0.0
0	1040	6.67	0.0
0	1041	6.66	0.0
0	1042	6.64	3.0
0	1043	6.64	0.71
0	1044	6.62	1.14
0	1045	6.61	0.58
0	1046	6.6	4.71
0	1047	6.59	1.63
0	1048	6.58	4.44
0	1049	6.57	0.37
0	1050	6.57	4.99
0	1051	6.54	0.55
0	1052	6.53	0.0
0	1053	6.52	0.0
0	1054	6.52	0.0
0	1055	6.52	6.48
0	1056	6.49	0.0
0	1057	6.49	0.0
0	1058	6.49	5.03
0	1059	6.48	0.0
0	1060	6.48	5.9
0	1061	6.47	0.0
0	1062	6.46	0.0
0	1063	6.45	0.0
0	1064	6.45	0.0
0	1065	6.43	2.55
0	1066	6.41	0.0
0	1067	6.4	6.07
0	1068	6.39	0.0
0	1069	6.37	0.0
0	1070	6.37	0.0
0	1071	6.34	0.0
0	1072	6.31	0.0
0	1073	6.27	0.0
0	1074	6.26	0.0
0	1075	6.26	0.0
0	1076	6.25	0.0
0	1077	6.25	4.23
0	1078	6.24	0.0
0	1079	6.23	0.0
0	1080	6.21	5.31
0	1081	6.21	0.0
0	1082	6.19	0.0
0	1083	6.19	0.99
0	1084	6.18	0.0
0	1085	6.18	5.98
0	1086	6.16	0.0
0	1087	6.15	0.0
0	1088	6.15	6.1
0	1089	6.12	0.0
0	1090	6.12	5.98
0	1091	6.11	0.0
0	1092	6.1	4.71
0	1093	6.1	1.08
0	1094	6.08	0.0
0	1095	6.06	0.0
0	1096	6.06	5.42
0	1097	6.05	5.75
0	1098	6.01	0.0
0	1099	6.01	1.91
0	1100	5.91	5.09
0	1101	5.9	0.97
0	1102	5.88	0.0
0	1103	5.88	0.0
0	1104	5.88	0.0
0	1105	5.85	0.0
0	1106	5.85	0.0
0	1107	5.85	0.0
0	1108	5.82	0.0
0	1109	5.81	0.0
0	1110	5.8	0.0
0	1111	5.8	3.54
0	1112	5.77	2.43
0	1113	5.74	0.0
0	1114	5.73	0.0
0	1115	5.73	2.09
0	1116	5.73	2.5
0	1117	5.72	0.0
0	1118	5.72	0.0
0	1119	5.7	0.0
0	1120	5.7	0.0
0	1121	5.7	0.0
0	1122	5.69	5.18
0	1123	5.66	3.85
0	1124	5.65	4.22
0	1125	5.63	1.83
0	1126	5.62	0.0
0	1127	5.61	0.39
0	1128	5.6	2.0
0	1129	5.6	0.0
0	1130	5.6	0.0
0	1131	5.59	5.47
0	1132	5.55	0.0
0	1133	5.53	4.03
0	1134	5.51	4.57
0	1135	5.5	0.0
0	1136	5.5	0.0
0	1137	5.5	0.0
0	1138	5.49	4.62
0	1139	5.48	0.0
0	1140	5.48	4.82
0	1141	5.43	0.0
0	1142	5.42	4.1
0	1143	5.41	0.0
0	1144	5.39	0.14
0	1145	5.39	0.0
0	1146	5.36	0.52
0	1147	5.35	0.0
0	1148	5.34	5.33
0	1149	5.34	0.0
0	1150	5.34	0.0
0	1151	5.32	0.75
0	1152	5.28	0.0
0	1153	5.21	4.03
0	1154	5.2	0.0
0	1155	5.2	0.02
0	1156	5.19	0.0
0	1157	5.15	5.06
0	1158	5.14	0.0
0	1159	5.13	2.72
0	1160	5.12	5.04
0	1161	5.12	3.02
0	1162	5.12	2.95
0	1163	5.11	0.0
0	1164	5.1	0.0
0	1165	5.09	0.0
0	1166	5.07	1.36
0	1167	5.06	0.0
0	1168	5.06	0.0
0	1169	5.06	4.05
0	1170	5.05	1.91
0	1171	5.03	0.0
0	1172	5.01	0.74
0	1173	5.01	1.94
0	1174	4.98	0.0
0	1175	4.97	0.0
0	1176	4.93	0.0
0	1177	4.92	0.0
0	1178	4.92	0.0
0	1179	4.91	0.0
0	1180	4.9	0.0
0	1181	4.9	0.0
0	1182	4.89	2.26
0	1183	4.88	0.0
0	1184	4.87	0.0
0	1185	4.85	4.72
0	1186	4.85	0.0
0	1187	4.82	2.8
0	1188	4.82	0.0
0	1189	4.78	3.29
0	1190	4.74	0.0
0	1191	4.72	0.0
0	1192	4.71	3.97
0	1193	4.7	0.0
0	1194	4.68	0.0
0	1195	4.65	0.0
0	1196	4.64	3.9
0	1197	4.64	0.0
0	1198	4.63	0.0
0	1199	4.62	0.0
0	1200	4.59	0.0
0	1201	4.59	3.61
0	1202	4.58	0.0
0	1203	4.58	0.0
0	1204	4.58	0.0
0	1205	4.57	0.0
0	1206	4.56	0.0
0	1207	4.56	0.93
0	1208	4.56	3.52
0	1209	4.56	0.0
0	1210	4.55	0.0
0	1211	4.55	0.0
0	1212	4.55	0.0
0	1213	4.54	0.0
0	1214	4.54	0.38
0	1215	4.53	0.0
0	1216	4.52	0.0
0	1217	4.52	0.0
0	1218	4.51	0.0
0	1219	4.5	0.0
0	1220	4.5	0.0
0	1221	4.5	0.0
0	1222	4.5	3.94
0	1223	4.5	0.0
0	1224	4.49	0.0
0	1225	4.49	1.92
0	1226	4.48	0.0
0	1227	4.48	4.32
0	1228	4.47	2.01
0	1229	4.47	0.0
0	1230	4.46	4.44
0	1231	4.46	0.0
0	1232	4.46	2.56
0	1233	4.45	0.0
0	1234	4.43	0.55
0	1235	4.4	0.96
0	1236	4.39	0.0
0	1237	4.37	0.0
0	1238	4.33	0.68
0	1239	4.31	0.0
0	1240	4.3	3.74
0	1241	4.29	0.0
0	1242	4.28	0.0
0	1243	4.28	0.0
0	1244	4.28	0.0
0	1245	4.28	0.0
0	1246	4.27	0.0
0	1247	4.26	0.0
0	1248	4.26	0.0
0	1249	4.24	0.0
0	1250	4.24	0.0
0	1251	4.23	0.0
0	1252	4.23	0.0
0	1253	4.23	0.0
0	1254	4.22	0.0
0	1255	4.22	1.85
0	1256	4.22	2.65
0	1257	4.16	0.0
0	1258	4.16	0.0
0	1259	4.1	3.23
0	1260	4.09	1.39
0	1261	4.09	0.0
0	1262	4.08	0.0
0	1263	4.05	0.0
0	1264	4.05	1.49
0	1265	4.05	2.14
0	1266	4.04	3.93
0	1267	4.02	0.0
0	1268	4.02	0.0
0	1269	4.01	0.0
0	1270	4.01	0.0
0	1271	4.0	0.0
0	1272	3.99	2.43
0	1273	3.96	1.96
0	1274	3.96	0.0
0	1275	3.96	3.71
0	1276	3.95	0.0
0	1277	3.92	0.0
0	1278	3.87	0.0
0	1279	3.84	2.22
0	1280	3.83	0.0
0	1281	3.83	0.3
0	1282	3.81	0.0
0	1283	3.81	0.0
0	1284	3.8	0.0
0	1285	3.78	3.51
0	1286	3.77	0.0
0	1287	3.77	0.0
0	1288	3.76	2.51
0	1289	3.73	0.0
0	1290	3.72	0.0
0	1291	3.72	0.85
0	1292	3.71	0.0
0	1293	3.7	1.56
0	1294	3.68	0.0
0	1295	3.68	0.53
0	1296	3.66	0.0
0	1297	3.65	0.0
0	1298	3.64	0.0
0	1299	3.62	0.0
0	1300	3.61	0.0
0	1301	3.6	0.0
0	1302	3.6	1.09
0	1303	3.59	0.0
0	1304	3.59	0.0
0	1305	3.58	0.0
0	1306	3.57	0.0
0	1307	3.57	0.0
0	1308	3.56	0.0
0	1309	3.55	0.0
0	1310	3.54	0.0
0	1311	3.53	0.0
0	1312	3.49	0.49
0	1313	3.48	0.0
0	1314	3.48	0.0
0	1315	3.45	0.0
0	1316	3.45	0.0
0	1317	3.45	0.0
0	1318	3.45	0.0
0	1319	3.42	0.0
0	1320	3.41	0.0
0	1321	3.41	0.0
0	1322	3.4	0.0
0	1323	3.39	0.0
0	1324	3.38	0.0
0	1325	3.34	0.0
0	1326	3.34	0.0
0	1327	3.33	0.0
0	1328	3.31	0.0
0	1329	3.3	0.0
0	1330	3.3	0.0
0	1331	3.25	1.0
0	1332	3.25	0.0
0	1333	3.23	0.0
0	1334	3.23	0.44
0	1335	3.22	0.0
0	1336	3.21	0.0
0	1337	3.2	0.0
0	1338	3.2	0.0
0	1339	3.19	0.0
0	1340	3.19	0.0
0	1341	3.18	0.0
0	1342	3.17	0.0
0	1343	3.16	0.0
0	1344	3.16	0.0
0	1345	3.15	0.0
0	1346	3.14	0.0
0	1347	3.14	0.0
0	1348	3.13	0.0
0	1349	3.13	2.84
0	1350	3.12	0.0
0	1351	3.09	0.0
0	1352	3.07	1.11
0	1353	3.06	1.4
0	1354	3.04	0.0
0	1355	3.03	0.0
0	1356	3.0	0.0
0	1357	2.98	2.22
0	1358	2.98	0.0
0	1359	2.97	0.0
0	1360	2.96	1.38
0	1361	2.93	0.98
0	1362	2.93	0.17
0	1363	2.92	0.0
0	1364	2.9	0.0
0	1365	2.88	0.0
0	1366	2.87	0.0
0	1367	2.85	0.0
0	1368	2.84	0.06
0	1369	2.84	0.0
0	1370	2.83	0.0
0	1371	2.83	0.0
0	1372	2.82	0.0
0	1373	2.82	2.2
0	1374	2.82	0.0
0	1375	2.81	0.0
0	1376	2.8	0.0
0	1377	2.8	0.0
0	1378	2.79	0.0
0	1379	2.75	0.0
0	1380	2.74	0.0
0	1381	2.71	0.0
0	1382	2.71	0.0
0	1383	2.68	0.06
0	1384	2.67	0.0
0	1385	2.64	0.0
0	1386	2.63	0.0
0	1387	2.63	0.0
0	1388	2.63	0.0
0	1389	2.61	0.0
0	1390	2.6	0.0
0	1391	2.58	1.11
0	1392	2.57	1.51
0	1393	2.55	0.0
0	1394	2.55	0.75
0	1395	2.54	1.02
0	1396	2.5	0.0
0	1397	2.5	2.31
0	1398	2.48	0.0
0	1399	2.47	1.19
0	1400	2.47	1.49
0	1401	2.47	0.0
0	1402	2.45	0.0
0	1403	2.45	1.01
0	1404	2.42	0.0
0	1405	2.42	0.0
0	1406	2.39	0.0
0	1407	2.39	0.0
0	1408	2.38	0.0
0	1409	2.37	0.0
0	1410	2.37	0.86
0	1411	2.32	0.45
0	1412	2.31	0.0
0	1413	2.31	0.0
0	1414	2.27	1.78
0	1415	2.27	0.0
0	1416	2.25	0.0
0	1417	2.24	0.0
0	1418	2.23	0.0
0	1419	2.21	0.0
0	1420	2.19	0.0
0	1421	2.16	0.77
0	1422	2.16	0.0
0	1423	2.14	0.0
0	1424	2.14	0.0
0	1425	2.11	0.0
0	1426	2.1	0.0
0	1427	2.09	1.37
0	1428	2.09	0.0
0	1429	2.08	0.0
0	1430	2.08	0.0
0	1431	2.08	0.0
0	1432	2.08	0.0
0	1433	2.07	0.0
0	1434	2.07	0.0
0	1435	2.02	0.0
0	1436	2.02	0.0
0	1437	2.02	0.0
0	1438	2.02	0.0
0	1439	2.01	0.0
0	1440	2.0	0.0
0	1441	1.99	0.0
0	1442	1.94	0.0
0	1443	1.93	0.0
0	1444	1.93	0.0
0	1445	1.89	0.0
0	1446	1.84	0.0
0	1447	1.82	0.0
0	1448	1.8	0.0
0	1449	1.8	0.0
0	1450	1.8	0.0
0	1451	1.79	0.79
0	1452	1.79	1.53
0	1453	1.79	0.0
0	1454	1.79	0.0
0	1455	1.79	0.0
0	1456	1.78	0.0
0	1457	1.77	0.0
0	1458	1.77	0.0
0	1459	1.77	0.48
0	1460	1.74	1.32
0	1461	1.73	0.0
0	1462	1.68	0.74
0	1463	1.68	0.0
0	1464	1.68	0.0
0	1465	1.67	0.0
0	1466	1.67	0.0
0	1467	1.65	0.0
0	1468	1.65	0.0
0	1469	1.64	0.0
0	1470	1.63	0.0
0	1471	1.62	0.0
0	1472	1.62	0.0
0	1473	1.61	0.0
0	1474	1.6	1.06
0	1475	1.57	0.0
0	1476	1.57	0.0
0	1477	1.57	0.0
0	1478	1.56	0.0
0	1479	1.55	0.03
0	1480	1.55	0.0
0	1481	1.53	0.64
0	1482	1.51	0.67
0	1483	1.5	0.84
0	1484	1.5	0.0
0	1485	1.47	0.75
0	1486	1.45	0.0
0	1487	1.43	0.0
0	1488	1.42	0.0
0	1489	1.41	0.0
0	1490	1.4	0.0
0	1491	1.4	0.0
0	1492	1.4	1.35
0	1493	1.39	0.0
0	1494	1.37	0.27
0	1495	1.37	0.0
0	1496	1.34	0.0
0	1497	1.33	0.0
0	1498	1.31	0.0
0	1499	1.3	0.0
0	1500	1.3	0.0
0	1501	1.3	0.0
0	1502	1.29	0.0
0	1503	1.29	0.0
0	1504	1.27	0.92
0	1505	1.26	0.0
0	1506	1.26	0.37
0	1507	1.25	0.0
0	1508	1.25	0.0
0	1509	1.24	0.0
0	1510	1.24	0.0
0	1511	1.23	0.17
0	1512	1.22	0.0
0	1513	1.22	0.87
0	1514	1.18	0.0
0	1515	1.18	0.0
0	1516	1.13	0.0
0	1517	1.13	0.0
0	1518	1.11	0.0
0	1519	1.11	0.0
0	1520	1.11	0.42
0	1521	1.1	0.0
0	1522	1.1	0.0
0	1523	1.1	0.29
0	1524	1.07	0.0
0	1525	1.07	0.0
0	1526	1.06	0.0
0	1527	1.03	0.0
0	1528	1.01	0.0
0	1529	1.01	0.0
0	1530	1.0	0.0
0	1531	0.99	0.0
0	1532	0.97	0.0
0	1533	0.94	0.0
0	1534	0.94	0.0
0	1535	0.92	0.0
0	1536	0.91	0.0
0	1537	0.91	0.0
0	1538	0.9	0.0
0	1539	0.9	0.0
0	1540	0.89	0.0
0	1541	0.88	0.0
0	1542	0.88	0.0
0	1543	0.88	0.06
0	1544	0.87	0.0
0	1545	0.84	0.0
0	1546	0.81	0.01
0	1547	0.8	0.0
0	1548	0.79	0.0
0	1549	0.79	0.0
0	1550	0.78	0.24
0	1551	0.78	0.0
0	1552	0.76	0.0
0	1553	0.76	0.0
0	1554	0.74	0.0
0	1555	0.74	0.0
0	1556	0.74	0.0
0	1557	0.73	0.0
0	1558	0.71	0.0
0	1559	0.71	0.0
0	1560	0.71	0.0
0	1561	0.69	0.0
0	1562	0.69	0.0
0	1563	0.69	0.0
0	1564	0.67	0.0
0	1565	0.67	0.56
0	1566	0.66	0.0
0	1567	0.65	0.0
0	1568	0.64	0.0
0	1569	0.64	0.0
0	1570	0.64	0.0
0	1571	0.63	0.0
0	1572	0.63	0.0
0	1573	0.58	0.0
0	1574	0.57	0.23
0	1575	0.55	0.0
0	1576	0.54	0.5
0	1577	0.53	0.0
0	1578	0.51	0.0
0	1579	0.48	0.0
0	1580	0.46	0.0
0	1581	0.46	0.0
0	1582	0.45	0.0
0	1583	0.44	0.0
0	1584	0.42	0.0
0	1585	0.41	0.11
0	1586	0.38	0.0
0	1587	0.34	0.0
0	1588	0.34	0.0
0	1589	0.33	0.0
0	1590	0.33	0.0
0	1591	0.31	0.0
0	1592	0.31	0.0
0	1593	0.3	0.0
0	1594	0.29	0.0
0	1595	0.28	0.0
0	1596	0.26	0.0
0	1597	0.26	0.0
0	1598	0.26	0.0
0	1599	0.25	0.0
0	1600	0.25	0.0
0	1601	0.24	0.0
0	1602	0.22	0.0
0	1603	0.22	0.0
0	1604	0.22	0.0
0	1605	0.22	0.0
0	1606	0.22	0.0
0	1607	0.2	0.0
0	1608	0.19	0.0
0	1609	0.18	0.0
0	1610	0.18	0.0
0	1611	0.17	0.0
0	1612	0.16	0.0
0	1613	0.16	0.0
0	1614	0.13	0.0
0	1615	0.12	0.0
0	1616	0.12	0.0
0	1617	0.12	0.0
0	1618	0.12	0.0
0	1619	0.11	0.0
0	1620	0.11	0.0
0	1621	0.11	0.0
0	1622	0.1	0.0
0	1623	0.1	0.0
0	1624	0.1	0.0
0	1625	0.07	0.0
0	1626	0.06	0.0
0	1627	0.04	0.0
0	1628	0.04	0.0
0	1629	0.03	0.0
0	1630	0.02	0.0
