clade	species	ts	te
0	1	100.0	91.04
0	2	97.23	92.01
0	3	93.04	90.2
0	4	91.37	70.61
0	5	89.96	69.97
0	6	89.57	87.86
0	7	88.0	80.04
0	8	83.92	83.48
0	9	82.99	74.43
0	10	81.21	79.65
0	11	78.57	71.74
0	12	76.62	68.91
0	13	75.7	68.64
0	14	73.32	72.22
0	15	72.81	60.35
0	16	69.78	65.83
0	17	69.26	63.22
0	18	67.96	50.95
0	19	66.3	60.47
0	20	66.11	61.91
0	21	65.6	58.27
0	22	65.59	26.12
0	23	65.44	58.96
0	24	65.11	60.69
0	25	64.63	53.37
0	26	64.24	46.63
0	27	63.92	56.45
0	28	63.74	63.58
0	29	63.19	62.09
0	30	63.07	30.61
0	31	62.66	61.32
0	32	62.23	62.11
0	33	62.04	25.88
0	34	61.68	58.55
0	35	61.62	31.88
0	36	60.36	58.68
0	37	60.21	47.52
0	38	58.62	53.1
0	39	58.29	50.45
0	40	58.14	50.17
0	41	57.4	51.72
0	42	55.64	46.63
0	43	55.5	44.37
0	44	55.05	50.46
0	45	54.77	46.38
0	46	53.32	50.84
0	47	52.89	43.92
0	48	52.83	27.94
0	49	52.77	44.61
0	50	52.33	45.98
0	51	52.23	40.22
0	52	52.21	49.27
0	53	51.81	31.78
0	54	51.59	43.98
0	55	50.74	40.37
0	56	50.72	46.25
0	57	50.54	0.0
0	58	49.91	43.41
0	59	49.86	43.96
0	60	49.84	43.42
0	61	49.76	48.85
0	62	49.56	47.27
0	63	49.13	43.88
0	64	49.05	39.62
0	65	48.82	39.82
0	66	48.39	37.28
0	67	48.0	44.84
0	68	47.85	35.45
0	69	47.66	44.77
0	70	47.45	28.88
0	71	47.31	34.95
0	72	47.25	46.45
0	73	46.99	46.91
0	74	46.83	15.17
0	75	46.72	40.89
0	76	46.41	30.85
0	77	46.39	42.76
0	78	46.32	18.83
0	79	45.96	2.2
0	80	45.84	24.54
0	81	45.77	20.6
0	82	45.7	44.71
0	83	45.6	39.72
0	84	45.46	37.87
0	85	45.05	19.84
0	86	45.04	30.93
0	87	45.03	35.06
0	88	44.87	38.53
0	89	44.71	15.29
0	90	44.62	39.75
0	91	44.62	38.29
0	92	44.59	4.83
0	93	44.17	43.71
0	94	44.12	32.69
0	95	43.62	42.6
0	96	43.48	27.92
0	97	42.92	42.5
0	98	42.83	39.39
0	99	42.72	39.72
0	100	42.53	37.91
0	101	42.47	16.28
0	102	42.32	27.68
0	103	42.16	39.49
0	104	42.15	30.73
0	105	41.97	33.59
0	106	41.94	37.16
0	107	41.93	36.93
0	108	41.81	35.56
0	109	41.66	32.68
0	110	41.32	37.67
0	111	41.25	39.17
0	112	41.19	31.76
0	113	40.75	37.18
0	114	40.68	28.95
0	115	40.49	37.75
0	116	40.35	40.24
0	117	40.23	29.71
0	118	40.0	27.7
0	119	39.98	30.73
0	120	39.92	32.1
0	121	39.77	17.08
0	122	39.64	33.79
0	123	39.61	35.83
0	124	39.48	27.73
0	125	39.47	38.03
0	126	39.45	38.87
0	127	39.42	32.43
0	128	39.36	35.87
0	129	39.35	36.38
0	130	39.31	19.21
0	131	39.21	22.37
0	132	39.08	34.89
0	133	38.97	12.08
0	134	38.75	30.49
0	135	38.28	33.57
0	136	38.22	33.81
0	137	38.2	37.19
0	138	38.13	36.86
0	139	38.03	26.15
0	140	37.87	29.08
0	141	37.87	34.13
0	142	37.84	32.42
0	143	37.75	35.48
0	144	37.67	17.04
0	145	37.67	30.87
0	146	37.52	28.03
0	147	37.48	24.91
0	148	37.45	36.46
0	149	37.16	31.59
0	150	37.1	15.76
0	151	37.04	29.91
0	152	37.01	36.38
0	153	36.95	19.14
0	154	36.89	2.33
0	155	36.84	29.55
0	156	36.76	27.89
0	157	36.75	31.5
0	158	36.68	34.2
0	159	36.63	3.94
0	160	36.62	31.94
0	161	36.53	36.52
0	162	36.5	31.27
0	163	36.41	31.98
0	164	36.27	25.83
0	165	36.19	30.34
0	166	36.09	30.76
0	167	36.01	7.42
0	168	35.96	34.61
0	169	35.89	33.07
0	170	35.89	31.97
0	171	35.74	35.46
0	172	35.6	33.43
0	173	35.43	35.05
0	174	35.42	20.98
0	175	35.31	34.23
0	176	35.26	15.64
0	177	35.09	29.01
0	178	35.03	28.25
0	179	35.01	17.15
0	180	34.87	31.54
0	181	34.86	27.06
0	182	34.85	7.53
0	183	34.8	30.61
0	184	34.76	17.74
0	185	34.69	26.35
0	186	34.68	19.58
0	187	34.68	17.52
0	188	34.68	32.68
0	189	34.67	13.72
0	190	34.62	31.88
0	191	34.51	33.61
0	192	34.48	9.95
0	193	34.24	28.48
0	194	34.13	33.77
0	195	33.98	11.63
0	196	33.97	23.38
0	197	33.88	30.22
0	198	33.8	0.0
0	199	33.65	30.92
0	200	33.65	4.21
0	201	33.46	28.59
0	202	33.45	31.84
0	203	33.4	31.79
0	204	33.32	27.11
0	205	33.31	0.0
0	206	33.3	11.68
0	207	33.3	26.98
0	208	33.23	28.05
0	209	33.19	27.85
0	210	33.15	30.21
0	211	33.08	28.42
0	212	33.05	28.16
0	213	33.0	30.51
0	214	33.0	26.02
0	215	32.91	23.59
0	216	32.83	19.85
0	217	32.7	32.2
0	218	32.56	27.7
0	219	32.55	27.93
0	220	32.02	12.05
0	221	31.87	0.0
0	222	31.7	29.69
0	223	31.69	27.43
0	224	31.64	10.07
0	225	31.6	17.59
0	226	31.5	28.62
0	227	31.5	20.76
0	228	31.41	0.0
0	229	31.39	12.51
0	230	31.38	27.42
0	231	31.33	30.03
0	232	31.31	25.38
0	233	31.31	27.17
0	234	31.23	28.85
0	235	31.22	10.18
0	236	31.03	30.34
0	237	31.01	26.5
0	238	30.96	29.36
0	239	30.94	30.85
0	240	30.83	24.12
0	241	30.82	17.42
0	242	30.8	23.22
0	243	30.73	4.13
0	244	30.62	23.32
0	245	30.46	29.51
0	246	30.3	28.29
0	247	30.27	0.0
0	248	30.23	0.0
0	249	30.22	27.04
0	250	30.08	0.0
0	251	30.03	28.84
0	252	29.91	20.47
0	253	29.83	18.36
0	254	29.68	20.94
0	255	29.67	22.39
0	256	29.67	0.0
0	257	29.63	19.08
0	258	29.55	15.28
0	259	29.54	15.35
0	260	29.49	25.31
0	261	29.4	29.23
0	262	29.36	27.29
0	263	29.35	7.17
0	264	29.32	28.66
0	265	29.25	25.09
0	266	29.2	27.8
0	267	29.17	13.67
0	268	29.16	28.96
0	269	29.15	21.04
0	270	29.08	20.03
0	271	29.05	25.78
0	272	29.02	13.27
0	273	29.01	14.71
0	274	29.0	25.19
0	275	29.0	26.64
0	276	28.97	28.93
0	277	28.94	20.23
0	278	28.84	27.85
0	279	28.8	26.83
0	280	28.74	28.52
0	281	28.73	27.03
0	282	28.7	26.02
0	283	28.69	15.95
0	284	28.52	8.37
0	285	28.51	26.23
0	286	28.49	17.11
0	287	28.49	25.21
0	288	28.46	10.75
0	289	28.44	6.65
0	290	28.42	25.17
0	291	28.27	17.86
0	292	28.17	25.16
0	293	27.73	21.97
0	294	27.71	20.33
0	295	27.7	24.78
0	296	27.69	20.84
0	297	27.63	0.06
0	298	27.43	23.93
0	299	27.41	7.32
0	300	27.38	20.98
0	301	27.2	21.11
0	302	27.18	19.43
0	303	27.13	25.01
0	304	27.06	24.15
0	305	27.05	22.02
0	306	26.95	18.61
0	307	26.92	22.74
0	308	26.91	16.07
0	309	26.86	19.6
0	310	26.72	24.34
0	311	26.71	23.54
0	312	26.68	18.06
0	313	26.64	14.86
0	314	26.61	19.51
0	315	26.55	25.34
0	316	26.52	25.16
0	317	26.51	22.41
0	318	26.48	18.95
0	319	26.46	13.13
0	320	26.43	14.16
0	321	26.41	0.0
0	322	26.31	0.0
0	323	26.23	0.0
0	324	26.08	11.43
0	325	26.04	21.78
0	326	25.97	25.11
0	327	25.95	25.69
0	328	25.87	22.14
0	329	25.77	23.54
0	330	25.71	17.04
0	331	25.56	18.72
0	332	25.54	0.0
0	333	25.53	23.68
0	334	25.47	21.77
0	335	25.45	22.38
0	336	25.45	17.76
0	337	25.43	11.0
0	338	25.36	6.76
0	339	25.32	21.07
0	340	25.27	24.01
0	341	25.27	19.94
0	342	25.1	0.0
0	343	25.0	18.49
0	344	24.98	7.32
0	345	24.97	0.0
0	346	24.92	24.02
0	347	24.91	17.98
0	348	24.86	12.4
0	349	24.85	22.32
0	350	24.76	4.47
0	351	24.76	5.19
0	352	24.75	22.82
0	353	24.74	14.14
0	354	24.73	0.0
0	355	24.72	20.77
0	356	24.72	0.0
0	357	24.71	7.67
0	358	24.7	0.49
0	359	24.63	21.84
0	360	24.62	23.9
0	361	24.57	17.07
0	362	24.38	0.0
0	363	24.33	12.81
0	364	24.31	4.56
0	365	24.23	20.23
0	366	24.19	21.12
0	367	24.16	15.4
0	368	24.16	6.65
0	369	24.11	19.08
0	370	24.08	0.0
0	371	24.02	17.15
0	372	23.98	16.23
0	373	23.95	22.2
0	374	23.92	21.33
0	375	23.79	2.61
0	376	23.79	12.99
0	377	23.75	22.94
0	378	23.75	13.39
0	379	23.75	22.01
0	380	23.73	15.18
0	381	23.69	17.01
0	382	23.64	18.16
0	383	23.63	0.0
0	384	23.62	16.13
0	385	23.53	19.32
0	386	23.49	20.43
0	387	23.46	2.85
0	388	23.41	7.96
0	389	23.41	17.5
0	390	23.38	17.72
0	391	23.31	18.6
0	392	23.29	11.88
0	393	23.28	22.37
0	394	23.26	15.97
0	395	23.26	21.22
0	396	23.26	12.23
0	397	23.21	5.77
0	398	23.15	22.8
0	399	23.14	21.61
0	400	23.13	21.77
0	401	23.09	19.17
0	402	22.99	0.0
0	403	22.98	18.29
0	404	22.94	7.95
0	405	22.93	22.32
0	406	22.9	19.81
0	407	22.88	0.0
0	408	22.83	12.08
0	409	22.72	21.19
0	410	22.72	16.53
0	411	22.56	18.26
0	412	22.54	13.55
0	413	22.49	22.18
0	414	22.46	20.07
0	415	22.41	4.0
0	416	22.37	19.82
0	417	22.35	19.55
0	418	22.33	6.71
0	419	22.33	1.77
0	420	22.32	17.98
0	421	22.24	20.03
0	422	22.19	11.73
0	423	22.18	2.66
0	424	22.17	16.42
0	425	22.14	17.64
0	426	22.11	16.09
0	427	22.11	10.27
0	428	22.0	20.47
0	429	22.0	15.35
0	430	21.95	9.93
0	431	21.92	5.36
0	432	21.82	15.15
0	433	21.79	9.4
0	434	21.76	0.0
0	435	21.71	17.04
0	436	21.67	13.74
0	437	21.66	6.51
0	438	21.64	19.89
0	439	21.61	0.97
0	440	21.57	19.15
0	441	21.52	18.49
0	442	21.48	20.59
0	443	21.48	5.58
0	444	21.47	16.48
0	445	21.47	19.6
0	446	21.47	19.17
0	447	21.45	18.36
0	448	21.38	17.04
0	449	21.38	3.78
0	450	21.36	18.24
0	451	21.36	20.53
0	452	21.34	0.0
0	453	21.31	6.95
0	454	21.24	0.0
0	455	21.24	20.5
0	456	21.22	21.04
0	457	21.11	17.1
0	458	21.04	17.02
0	459	21.03	19.73
0	460	20.95	0.0
0	461	20.89	16.11
0	462	20.88	20.87
0	463	20.86	20.79
0	464	20.85	0.0
0	465	20.85	4.5
0	466	20.83	16.27
0	467	20.82	14.31
0	468	20.81	16.96
0	469	20.8	16.26
0	470	20.8	17.34
0	471	20.79	12.56
0	472	20.74	7.48
0	473	20.73	13.56
0	474	20.73	0.0
0	475	20.72	7.2
0	476	20.63	17.36
0	477	20.62	14.28
0	478	20.6	15.12
0	479	20.58	13.46
0	480	20.57	18.17
0	481	20.51	19.66
0	482	20.46	14.96
0	483	20.43	14.2
0	484	20.39	18.71
0	485	20.35	0.0
0	486	20.33	17.71
0	487	20.28	12.34
0	488	20.26	0.0
0	489	20.23	14.13
0	490	20.13	13.13
0	491	20.11	18.38
0	492	20.06	19.93
0	493	20.06	11.96
0	494	20.02	13.45
0	495	20.01	1.63
0	496	20.0	10.39
0	497	19.9	4.78
0	498	19.87	18.47
0	499	19.87	14.25
0	500	19.86	19.18
0	501	19.84	17.18
0	502	19.78	0.0
0	503	19.75	7.45
0	504	19.71	2.48
0	505	19.65	0.0
0	506	19.64	0.0
0	507	19.64	11.6
0	508	19.63	18.05
0	509	19.63	11.36
0	510	19.61	10.02
0	511	19.58	0.0
0	512	19.52	17.34
0	513	19.48	5.97
0	514	19.42	17.95
0	515	19.38	2.98
0	516	19.38	11.36
0	517	19.37	17.86
0	518	19.35	1.26
0	519	19.34	18.81
0	520	19.31	3.81
0	521	19.24	17.27
0	522	19.16	13.38
0	523	19.16	10.71
0	524	19.14	3.02
0	525	19.1	17.09
0	526	19.07	14.35
0	527	19.03	6.03
0	528	19.02	11.53
0	529	19.0	14.02
0	530	18.99	1.67
0	531	18.91	8.55
0	532	18.91	15.23
0	533	18.87	15.46
0	534	18.86	0.0
0	535	18.84	17.66
0	536	18.78	14.92
0	537	18.72	12.06
0	538	18.71	12.42
0	539	18.6	10.85
0	540	18.59	18.0
0	541	18.58	0.0
0	542	18.54	10.72
0	543	18.51	15.55
0	544	18.5	17.72
0	545	18.49	2.75
0	546	18.4	17.73
0	547	18.31	16.21
0	548	18.25	6.32
0	549	18.19	14.51
0	550	18.16	17.07
0	551	18.13	11.04
0	552	18.12	11.7
0	553	18.1	13.36
0	554	18.08	15.26
0	555	18.07	15.01
0	556	17.97	8.96
0	557	17.95	16.02
0	558	17.91	7.85
0	559	17.88	14.33
0	560	17.87	0.0
0	561	17.86	0.0
0	562	17.83	0.0
0	563	17.79	2.31
0	564	17.78	13.51
0	565	17.74	16.72
0	566	17.71	0.0
0	567	17.71	14.09
0	568	17.7	10.72
0	569	17.66	0.0
0	570	17.66	16.58
0	571	17.64	12.59
0	572	17.63	0.0
0	573	17.63	0.0
0	574	17.63	0.0
0	575	17.62	9.29
0	576	17.61	8.64
0	577	17.6	6.11
0	578	17.55	10.78
0	579	17.52	13.84
0	580	17.5	11.88
0	581	17.5	0.0
0	582	17.46	0.3
0	583	17.45	0.0
0	584	17.4	15.71
0	585	17.38	0.0
0	586	17.37	2.98
0	587	17.36	2.54
0	588	17.35	14.26
0	589	17.33	3.24
0	590	17.31	5.39
0	591	17.24	0.0
0	592	17.18	15.43
0	593	17.17	10.23
0	594	17.14	12.83
0	595	17.12	2.22
0	596	17.12	16.65
0	597	17.03	13.65
0	598	17.0	0.0
0	599	16.98	8.02
0	600	16.96	12.36
0	601	16.96	16.49
0	602	16.87	0.0
0	603	16.85	5.55
0	604	16.84	13.64
0	605	16.83	2.0
0	606	16.82	0.0
0	607	16.8	8.38
0	608	16.8	16.14
0	609	16.79	10.5
0	610	16.73	8.0
0	611	16.73	10.81
0	612	16.7	0.0
0	613	16.69	15.71
0	614	16.69	4.27
0	615	16.65	12.52
0	616	16.63	9.68
0	617	16.62	13.76
0	618	16.59	11.76
0	619	16.54	8.04
0	620	16.51	0.0
0	621	16.4	15.83
0	622	16.37	11.5
0	623	16.31	0.0
0	624	16.28	0.0
0	625	16.27	1.27
0	626	16.27	5.91
0	627	16.26	10.81
0	628	16.26	15.95
0	629	16.2	14.23
0	630	16.18	3.23
0	631	16.17	3.16
0	632	16.14	4.98
0	633	16.11	10.59
0	634	16.1	0.0
0	635	16.1	2.25
0	636	16.09	6.55
0	637	16.08	8.13
0	638	16.07	3.59
0	639	16.02	0.0
0	640	16.01	10.56
0	641	16.0	8.4
0	642	15.97	9.94
0	643	15.92	9.59
0	644	15.92	15.88
0	645	15.88	15.76
0	646	15.87	0.0
0	647	15.83	14.99
0	648	15.79	0.0
0	649	15.78	10.97
0	650	15.66	0.0
0	651	15.66	0.0
0	652	15.66	7.66
0	653	15.64	4.44
0	654	15.58	12.59
0	655	15.53	14.67
0	656	15.46	2.33
0	657	15.45	6.64
0	658	15.44	0.0
0	659	15.42	10.63
0	660	15.41	15.17
0	661	15.36	11.09
0	662	15.36	0.0
0	663	15.28	10.09
0	664	15.26	14.43
0	665	15.25	11.13
0	666	15.17	0.17
0	667	15.17	0.0
0	668	15.11	14.23
0	669	15.08	0.0
0	670	15.06	0.0
0	671	15.06	12.84
0	672	15.05	0.0
0	673	15.04	12.79
0	674	15.02	4.8
0	675	15.01	0.0
0	676	14.97	0.51
0	677	14.95	9.7
0	678	14.91	4.28
0	679	14.88	0.0
0	680	14.85	14.81
0	681	14.85	5.09
0	682	14.84	5.56
0	683	14.75	0.0
0	684	14.75	11.9
0	685	14.74	3.49
0	686	14.72	13.09
0	687	14.71	13.12
0	688	14.66	13.59
0	689	14.65	1.65
0	690	14.64	11.77
0	691	14.63	14.1
0	692	14.62	0.0
0	693	14.55	14.03
0	694	14.55	5.64
0	695	14.52	0.0
0	696	14.4	11.49
0	697	14.39	13.93
0	698	14.39	10.27
0	699	14.37	0.0
0	700	14.33	12.29
0	701	14.33	8.47
0	702	14.32	9.12
0	703	14.31	12.86
0	704	14.3	5.91
0	705	14.27	13.67
0	706	14.27	12.59
0	707	14.25	9.28
0	708	14.23	9.49
0	709	14.22	13.78
0	710	14.2	11.06
0	711	14.2	0.0
0	712	14.19	0.0
0	713	14.17	0.0
0	714	14.16	8.34
0	715	14.14	10.13
0	716	14.11	13.89
0	717	14.07	11.11
0	718	14.06	0.0
0	719	14.0	10.57
0	720	14.0	10.31
0	721	13.99	11.86
0	722	13.97	11.7
0	723	13.92	13.32
0	724	13.91	9.32
0	725	13.89	6.56
0	726	13.89	0.0
0	727	13.88	7.55
0	728	13.86	11.55
0	729	13.85	0.0
0	730	13.84	13.78
0	731	13.83	7.7
0	732	13.81	12.7
0	733	13.8	8.54
0	734	13.78	2.7
0	735	13.77	2.31
0	736	13.77	9.19
0	737	13.77	1.69
0	738	13.76	12.68
0	739	13.74	8.13
0	740	13.74	12.75
0	741	13.72	12.2
0	742	13.71	0.0
0	743	13.69	0.0
0	744	13.68	9.89
0	745	13.68	3.8
0	746	13.59	2.66
0	747	13.58	1.86
0	748	13.55	3.93
0	749	13.53	0.0
0	750	13.53	0.0
0	751	13.51	7.45
0	752	13.5	0.0
0	753	13.49	3.03
0	754	13.47	7.82
0	755	13.47	6.42
0	756	13.44	0.0
0	757	13.42	0.0
0	758	13.4	0.0
0	759	13.4	4.61
0	760	13.39	0.0
0	761	13.39	2.59
0	762	13.37	0.0
0	763	13.34	6.85
0	764	13.31	0.0
0	765	13.25	2.03
0	766	13.23	11.8
0	767	13.22	1.93
0	768	13.22	12.16
0	769	13.22	5.06
0	770	13.19	11.25
0	771	13.18	13.14
0	772	13.13	11.82
0	773	13.11	7.58
0	774	13.1	3.62
0	775	13.08	10.47
0	776	13.06	10.96
0	777	13.04	4.37
0	778	13.04	5.57
0	779	12.99	10.0
0	780	12.99	5.67
0	781	12.98	0.0
0	782	12.97	8.46
0	783	12.97	2.6
0	784	12.93	10.09
0	785	12.92	11.17
0	786	12.91	11.22
0	787	12.9	5.62
0	788	12.89	0.0
0	789	12.84	0.0
0	790	12.81	3.59
0	791	12.8	11.61
0	792	12.79	0.11
0	793	12.79	4.57
0	794	12.73	0.0
0	795	12.67	11.3
0	796	12.66	7.75
0	797	12.65	10.95
0	798	12.65	5.26
0	799	12.62	10.74
0	800	12.6	5.85
0	801	12.59	3.36
0	802	12.58	2.7
0	803	12.57	12.49
0	804	12.56	7.02
0	805	12.52	3.16
0	806	12.51	11.17
0	807	12.51	6.73
0	808	12.49	9.47
0	809	12.47	5.82
0	810	12.45	12.38
0	811	12.45	7.39
0	812	12.37	2.57
0	813	12.37	0.0
0	814	12.36	0.0
0	815	12.35	8.15
0	816	12.34	4.91
0	817	12.31	0.0
0	818	12.3	3.22
0	819	12.3	3.51
0	820	12.27	4.94
0	821	12.26	4.8
0	822	12.24	8.62
0	823	12.21	4.75
0	824	12.21	4.67
0	825	12.16	10.41
0	826	12.15	0.0
0	827	12.14	0.52
0	828	12.12	11.88
0	829	12.12	4.25
0	830	12.1	11.56
0	831	12.1	3.07
0	832	12.1	11.27
0	833	12.07	11.4
0	834	12.07	0.0
0	835	12.06	0.0
0	836	12.06	6.12
0	837	12.06	0.0
0	838	12.05	0.0
0	839	12.03	10.85
0	840	12.01	9.25
0	841	12.0	0.0
0	842	11.99	2.94
0	843	11.97	9.12
0	844	11.97	8.34
0	845	11.94	3.54
0	846	11.94	0.0
0	847	11.93	5.09
0	848	11.93	8.31
0	849	11.93	6.84
0	850	11.91	9.53
0	851	11.91	9.88
0	852	11.89	9.71
0	853	11.89	0.0
0	854	11.88	6.56
0	855	11.86	0.0
0	856	11.84	0.0
0	857	11.83	6.55
0	858	11.81	4.64
0	859	11.8	10.04
0	860	11.79	9.73
0	861	11.78	0.0
0	862	11.77	0.0
0	863	11.75	9.57
0	864	11.75	2.98
0	865	11.74	0.0
0	866	11.74	10.01
0	867	11.7	10.18
0	868	11.66	4.19
0	869	11.65	0.95
0	870	11.6	2.37
0	871	11.53	9.93
0	872	11.5	8.86
0	873	11.48	8.79
0	874	11.48	9.59
0	875	11.47	0.34
0	876	11.45	9.59
0	877	11.45	1.6
0	878	11.41	6.29
0	879	11.38	6.68
0	880	11.38	5.56
0	881	11.37	9.46
0	882	11.36	0.0
0	883	11.35	7.62
0	884	11.33	0.0
0	885	11.33	7.64
0	886	11.31	6.36
0	887	11.31	11.16
0	888	11.3	6.89
0	889	11.29	7.06
0	890	11.29	2.36
0	891	11.28	0.0
0	892	11.25	9.73
0	893	11.23	8.05
0	894	11.22	2.13
0	895	11.21	0.0
0	896	11.21	0.0
0	897	11.2	10.68
0	898	11.19	7.47
0	899	11.19	1.01
0	900	11.18	0.0
0	901	11.16	9.78
0	902	11.14	10.47
0	903	11.13	3.5
0	904	11.13	8.84
0	905	11.13	5.98
0	906	11.09	4.16
0	907	11.05	10.72
0	908	11.04	0.56
0	909	11.03	1.69
0	910	11.02	8.16
0	911	11.02	10.54
0	912	11.01	4.36
0	913	11.01	0.0
0	914	11.0	0.28
0	915	10.99	5.91
0	916	10.99	10.48
0	917	10.97	0.0
0	918	10.97	5.69
0	919	10.93	0.0
0	920	10.93	10.18
0	921	10.93	0.0
0	922	10.92	10.79
0	923	10.92	7.04
0	924	10.88	0.0
0	925	10.88	0.89
0	926	10.85	9.31
0	927	10.84	0.0
0	928	10.84	9.01
0	929	10.81	9.23
0	930	10.8	9.0
0	931	10.79	7.24
0	932	10.79	4.66
0	933	10.79	0.0
0	934	10.77	1.23
0	935	10.75	8.1
0	936	10.74	0.0
0	937	10.74	0.0
0	938	10.73	6.68
0	939	10.69	7.65
0	940	10.68	1.73
0	941	10.66	0.0
0	942	10.61	7.68
0	943	10.6	6.82
0	944	10.59	0.0
0	945	10.58	0.0
0	946	10.58	0.0
0	947	10.57	8.16
0	948	10.56	8.92
0	949	10.55	1.53
0	950	10.54	1.26
0	951	10.52	3.97
0	952	10.49	7.25
0	953	10.48	0.0
0	954	10.46	8.81
0	955	10.46	5.43
0	956	10.45	1.98
0	957	10.43	8.01
0	958	10.39	8.05
0	959	10.38	2.75
0	960	10.37	0.6
0	961	10.37	0.0
0	962	10.36	0.0
0	963	10.35	7.04
0	964	10.35	8.44
0	965	10.31	4.25
0	966	10.28	0.0
0	967	10.26	9.95
0	968	10.24	5.66
0	969	10.21	8.54
0	970	10.2	9.52
0	971	10.2	0.0
0	972	10.16	4.38
0	973	10.15	0.0
0	974	10.15	7.42
0	975	10.14	0.0
0	976	10.14	0.0
0	977	10.11	4.13
0	978	10.11	3.73
0	979	10.11	5.0
0	980	10.07	0.0
0	981	10.06	0.29
0	982	10.05	0.0
0	983	10.04	8.16
0	984	10.04	7.03
0	985	10.03	9.25
0	986	10.02	4.67
0	987	10.01	6.03
0	988	10.01	0.0
0	989	9.96	6.35
0	990	9.93	9.2
0	991	9.91	1.25
0	992	9.9	0.0
0	993	9.89	0.0
0	994	9.89	0.0
0	995	9.86	0.0
0	996	9.84	0.0
0	997	9.82	0.0
0	998	9.79	0.0
0	999	9.78	0.0
0	1000	9.76	8.42
0	1001	9.76	1.91
0	1002	9.75	0.66
0	1003	9.74	0.6
0	1004	9.73	0.0
0	1005	9.72	2.55
0	1006	9.71	7.61
0	1007	9.7	7.72
0	1008	9.68	3.29
0	1009	9.67	9.02
0	1010	9.66	7.46
0	1011	9.66	7.51
0	1012	9.65	8.28
0	1013	9.65	0.0
0	1014	9.61	0.0
0	1015	9.59	3.7
0	1016	9.58	5.43
0	1017	9.54	0.0
0	1018	9.53	7.23
0	1019	9.52	1.82
0	1020	9.5	8.35
0	1021	9.47	4.35
0	1022	9.46	0.0
0	1023	9.44	2.37
0	1024	9.42	8.46
0	1025	9.41	0.0
0	1026	9.4	0.0
0	1027	9.37	2.15
0	1028	9.37	0.0
0	1029	9.35	4.81
0	1030	9.33	4.06
0	1031	9.32	0.98
0	1032	9.31	3.11
0	1033	9.31	8.18
0	1034	9.31	0.0
0	1035	9.3	6.68
0	1036	9.27	7.28
0	1037	9.27	5.2
0	1038	9.25	4.56
0	1039	9.24	3.49
0	1040	9.21	5.14
0	1041	9.2	0.0
0	1042	9.2	0.0
0	1043	9.18	5.73
0	1044	9.17	0.45
0	1045	9.16	0.22
0	1046	9.16	2.46
0	1047	9.15	0.24
0	1048	9.14	0.0
0	1049	9.13	2.89
0	1050	9.07	0.0
0	1051	9.06	7.06
0	1052	9.06	5.98
0	1053	9.03	0.0
0	1054	9.02	8.68
0	1055	9.01	4.64
0	1056	8.99	6.46
0	1057	8.96	1.93
0	1058	8.96	0.54
0	1059	8.95	4.9
0	1060	8.93	6.97
0	1061	8.9	7.49
0	1062	8.88	0.0
0	1063	8.87	0.0
0	1064	8.86	0.0
0	1065	8.85	0.0
0	1066	8.84	6.45
0	1067	8.82	8.06
0	1068	8.82	0.0
0	1069	8.8	1.09
0	1070	8.8	0.0
0	1071	8.78	7.79
0	1072	8.78	0.0
0	1073	8.75	4.92
0	1074	8.75	1.43
0	1075	8.73	0.0
0	1076	8.73	0.0
0	1077	8.73	0.0
0	1078	8.73	0.0
0	1079	8.72	2.29
0	1080	8.72	0.0
0	1081	8.72	4.24
0	1082	8.71	0.0
0	1083	8.68	0.0
0	1084	8.62	0.0
0	1085	8.6	5.9
0	1086	8.57	1.63
0	1087	8.56	1.07
0	1088	8.55	2.0
0	1089	8.53	0.0
0	1090	8.53	5.96
0	1091	8.51	0.0
0	1092	8.5	7.36
0	1093	8.47	4.39
0	1094	8.46	6.72
0	1095	8.45	4.61
0	1096	8.44	5.54
0	1097	8.4	3.66
0	1098	8.4	0.0
0	1099	8.39	3.32
0	1100	8.38	0.0
0	1101	8.37	0.0
0	1102	8.37	3.09
0	1103	8.36	6.15
0	1104	8.34	0.0
0	1105	8.33	6.15
0	1106	8.3	0.0
0	1107	8.29	2.61
0	1108	8.29	0.0
0	1109	8.28	7.95
0	1110	8.28	6.93
0	1111	8.26	7.45
0	1112	8.22	4.69
0	1113	8.21	0.0
0	1114	8.2	8.17
0	1115	8.18	6.31
0	1116	8.17	5.85
0	1117	8.16	7.94
0	1118	8.16	0.0
0	1119	8.15	5.69
0	1120	8.12	6.84
0	1121	8.11	0.0
0	1122	8.09	7.96
0	1123	8.05	0.0
0	1124	8.02	4.85
0	1125	7.97	0.0
0	1126	7.96	0.0
0	1127	7.94	7.71
0	1128	7.93	0.0
0	1129	7.93	5.05
0	1130	7.93	1.61
0	1131	7.92	0.98
0	1132	7.89	0.0
0	1133	7.89	7.43
0	1134	7.89	3.84
0	1135	7.88	0.0
0	1136	7.87	5.53
0	1137	7.86	7.75
0	1138	7.86	4.88
0	1139	7.85	0.0
0	1140	7.85	1.05
0	1141	7.83	4.93
0	1142	7.83	1.57
0	1143	7.8	0.0
0	1144	7.79	6.32
0	1145	7.76	0.0
0	1146	7.75	6.77
0	1147	7.73	3.32
0	1148	7.7	0.0
0	1149	7.69	0.0
0	1150	7.68	4.98
0	1151	7.68	5.88
0	1152	7.68	0.0
0	1153	7.67	2.63
0	1154	7.67	0.0
0	1155	7.66	5.48
0	1156	7.65	0.0
0	1157	7.64	0.0
0	1158	7.64	5.87
0	1159	7.63	0.0
0	1160	7.63	5.74
0	1161	7.62	2.46
0	1162	7.61	0.0
0	1163	7.61	0.0
0	1164	7.59	2.46
0	1165	7.58	5.04
0	1166	7.55	3.66
0	1167	7.55	0.0
0	1168	7.54	6.19
0	1169	7.52	0.0
0	1170	7.5	0.0
0	1171	7.48	0.0
0	1172	7.46	7.1
0	1173	7.44	2.79
0	1174	7.42	0.0
0	1175	7.42	2.47
0	1176	7.4	0.0
0	1177	7.4	6.65
0	1178	7.4	7.1
0	1179	7.4	0.0
0	1180	7.38	0.0
0	1181	7.36	7.33
0	1182	7.34	0.0
0	1183	7.33	0.0
0	1184	7.33	1.19
0	1185	7.32	0.0
0	1186	7.31	0.0
0	1187	7.31	4.78
0	1188	7.28	0.0
0	1189	7.26	3.02
0	1190	7.26	0.0
0	1191	7.25	0.0
0	1192	7.24	0.0
0	1193	7.23	2.47
0	1194	7.23	0.0
0	1195	7.22	2.27
0	1196	7.21	0.0
0	1197	7.2	1.05
0	1198	7.16	0.0
0	1199	7.15	0.0
0	1200	7.14	2.72
0	1201	7.11	6.68
0	1202	7.1	6.24
0	1203	7.08	0.0
0	1204	7.06	0.0
0	1205	7.06	3.26
0	1206	7.04	0.0
0	1207	7.04	0.0
0	1208	7.03	2.92
0	1209	7.03	0.0
0	1210	7.0	0.0
0	1211	7.0	2.76
0	1212	7.0	0.0
0	1213	7.0	3.59
0	1214	7.0	6.4
0	1215	6.96	0.0
0	1216	6.94	2.76
0	1217	6.92	6.81
0	1218	6.91	0.79
0	1219	6.91	0.0
0	1220	6.87	1.05
0	1221	6.85	0.0
0	1222	6.84	4.62
0	1223	6.83	0.0
0	1224	6.82	5.44
0	1225	6.81	0.0
0	1226	6.76	4.7
0	1227	6.76	4.05
0	1228	6.76	4.63
0	1229	6.75	0.0
0	1230	6.72	0.0
0	1231	6.71	3.31
0	1232	6.7	4.7
0	1233	6.69	0.22
0	1234	6.68	0.0
0	1235	6.67	1.37
0	1236	6.67	0.0
0	1237	6.66	0.0
0	1238	6.66	0.73
0	1239	6.65	2.64
0	1240	6.64	3.46
0	1241	6.63	0.0
0	1242	6.62	0.0
0	1243	6.6	0.0
0	1244	6.59	0.0
0	1245	6.59	5.69
0	1246	6.59	3.97
0	1247	6.58	0.0
0	1248	6.57	3.19
0	1249	6.56	0.0
0	1250	6.54	0.0
0	1251	6.53	0.0
0	1252	6.53	0.0
0	1253	6.52	0.0
0	1254	6.51	0.0
0	1255	6.51	0.0
0	1256	6.5	2.31
0	1257	6.48	3.88
0	1258	6.48	1.82
0	1259	6.48	0.9
0	1260	6.45	0.0
0	1261	6.42	0.0
0	1262	6.4	2.25
0	1263	6.38	0.0
0	1264	6.38	1.48
0	1265	6.38	1.41
0	1266	6.37	4.21
0	1267	6.37	0.0
0	1268	6.35	5.88
0	1269	6.35	0.0
0	1270	6.34	0.0
0	1271	6.33	1.93
0	1272	6.33	0.0
0	1273	6.31	1.95
0	1274	6.29	0.0
0	1275	6.27	0.0
0	1276	6.26	0.0
0	1277	6.21	1.62
0	1278	6.16	5.09
0	1279	6.15	0.0
0	1280	6.15	0.0
0	1281	6.14	1.14
0	1282	6.14	0.0
0	1283	6.12	0.0
0	1284	6.12	2.35
0	1285	6.12	5.85
0	1286	6.11	5.38
0	1287	6.11	4.31
0	1288	6.1	5.68
0	1289	6.09	0.0
0	1290	6.08	6.02
0	1291	6.07	3.15
0	1292	6.06	0.0
0	1293	6.05	3.15
0	1294	6.04	5.57
0	1295	6.02	0.29
0	1296	6.02	3.08
0	1297	6.02	0.0
0	1298	5.99	2.37
0	1299	5.98	4.06
0	1300	5.98	4.07
0	1301	5.97	3.57
0	1302	5.97	5.68
0	1303	5.94	0.0
0	1304	5.94	0.0
0	1305	5.93	0.0
0	1306	5.92	1.2
0	1307	5.92	0.0
0	1308	5.91	0.0
0	1309	5.9	0.0
0	1310	5.89	3.19
0	1311	5.88	0.0
0	1312	5.87	5.3
0	1313	5.85	0.0
0	1314	5.84	1.8
0	1315	5.83	2.38
0	1316	5.82	3.12
0	1317	5.81	0.0
0	1318	5.81	0.0
0	1319	5.81	0.0
0	1320	5.79	3.67
0	1321	5.77	2.27
0	1322	5.77	5.14
0	1323	5.74	2.61
0	1324	5.74	5.41
0	1325	5.72	1.13
0	1326	5.71	4.71
0	1327	5.68	2.62
0	1328	5.67	1.27
0	1329	5.67	3.68
0	1330	5.65	0.0
0	1331	5.65	0.0
0	1332	5.64	0.0
0	1333	5.63	0.0
0	1334	5.63	0.0
0	1335	5.61	2.36
0	1336	5.6	4.81
0	1337	5.59	0.0
0	1338	5.58	1.98
0	1339	5.58	0.0
0	1340	5.57	3.98
0	1341	5.56	0.0
0	1342	5.56	2.21
0	1343	5.56	0.18
0	1344	5.55	0.0
0	1345	5.53	5.22
0	1346	5.51	0.0
0	1347	5.5	0.0
0	1348	5.49	0.0
0	1349	5.48	0.0
0	1350	5.46	0.18
0	1351	5.46	0.0
0	1352	5.45	3.57
0	1353	5.45	0.0
0	1354	5.44	0.0
0	1355	5.43	0.0
0	1356	5.43	0.0
0	1357	5.42	0.0
0	1358	5.39	4.29
0	1359	5.37	0.0
0	1360	5.37	0.0
0	1361	5.37	0.23
0	1362	5.35	0.0
0	1363	5.33	0.0
0	1364	5.33	0.0
0	1365	5.32	3.37
0	1366	5.31	3.72
0	1367	5.3	5.24
0	1368	5.28	5.06
0	1369	5.26	0.0
0	1370	5.25	3.19
0	1371	5.24	0.0
0	1372	5.24	2.2
0	1373	5.2	4.83
0	1374	5.2	4.28
0	1375	5.19	0.0
0	1376	5.17	0.0
0	1377	5.17	0.0
0	1378	5.17	5.12
0	1379	5.15	0.0
0	1380	5.13	0.0
0	1381	5.12	0.0
0	1382	5.12	4.96
0	1383	5.11	0.93
0	1384	5.11	2.42
0	1385	5.09	3.77
0	1386	5.08	0.0
0	1387	5.08	0.0
0	1388	5.08	0.0
0	1389	5.08	0.0
0	1390	5.07	0.0
0	1391	5.06	0.0
0	1392	5.04	0.0
0	1393	5.03	0.0
0	1394	5.02	0.12
0	1395	5.02	0.0
0	1396	5.01	0.0
0	1397	5.0	0.0
0	1398	4.99	0.0
0	1399	4.98	0.0
0	1400	4.98	0.0
0	1401	4.97	0.0
0	1402	4.96	3.28
0	1403	4.96	0.0
0	1404	4.95	0.0
0	1405	4.94	0.0
0	1406	4.94	2.04
0	1407	4.92	4.67
0	1408	4.9	0.0
0	1409	4.88	0.0
0	1410	4.85	0.0
0	1411	4.84	0.0
0	1412	4.84	3.7
0	1413	4.82	3.18
0	1414	4.8	0.0
0	1415	4.8	2.02
0	1416	4.79	0.0
0	1417	4.78	4.72
0	1418	4.77	3.05
0	1419	4.76	4.43
0	1420	4.76	0.0
0	1421	4.75	0.78
0	1422	4.75	0.0
0	1423	4.73	0.35
0	1424	4.71	0.0
0	1425	4.71	0.0
0	1426	4.71	3.06
0	1427	4.7	0.0
0	1428	4.7	0.0
0	1429	4.69	4.55
0	1430	4.69	0.0
0	1431	4.67	1.89
0	1432	4.67	0.0
0	1433	4.66	0.0
0	1434	4.64	0.0
0	1435	4.63	0.0
0	1436	4.62	4.61
0	1437	4.62	2.13
0	1438	4.62	0.0
0	1439	4.62	2.7
0	1440	4.62	0.0
0	1441	4.55	4.29
0	1442	4.55	2.38
0	1443	4.53	0.0
0	1444	4.53	0.0
0	1445	4.51	0.0
0	1446	4.47	3.26
0	1447	4.47	1.43
0	1448	4.46	0.81
0	1449	4.46	0.0
0	1450	4.46	0.0
0	1451	4.45	3.86
0	1452	4.44	2.19
0	1453	4.42	0.0
0	1454	4.41	1.54
0	1455	4.41	2.71
0	1456	4.39	0.0
0	1457	4.39	3.86
0	1458	4.38	0.0
0	1459	4.37	0.0
0	1460	4.37	2.44
0	1461	4.37	1.07
0	1462	4.36	0.0
0	1463	4.35	0.0
0	1464	4.34	0.0
0	1465	4.33	3.57
0	1466	4.31	0.0
0	1467	4.31	0.0
0	1468	4.3	3.13
0	1469	4.29	2.86
0	1470	4.29	1.01
0	1471	4.29	2.54
0	1472	4.27	1.27
0	1473	4.27	0.0
0	1474	4.27	0.0
0	1475	4.27	3.18
0	1476	4.26	3.42
0	1477	4.26	0.0
0	1478	4.22	0.0
0	1479	4.21	3.81
0	1480	4.2	0.0
0	1481	4.18	4.01
0	1482	4.18	0.0
0	1483	4.17	0.0
0	1484	4.17	0.87
0	1485	4.17	1.17
0	1486	4.16	1.45
0	1487	4.15	0.0
0	1488	4.15	0.0
0	1489	4.15	0.0
0	1490	4.14	0.0
0	1491	4.09	3.1
0	1492	4.08	3.74
0	1493	4.08	0.0
0	1494	4.08	0.0
0	1495	4.07	0.0
0	1496	4.07	0.0
0	1497	4.06	0.0
0	1498	4.06	2.6
0	1499	4.05	1.89
0	1500	4.05	0.0
0	1501	4.04	0.0
0	1502	4.03	2.35
0	1503	4.02	0.96
0	1504	4.01	0.0
0	1505	4.0	1.81
0	1506	3.99	3.2
0	1507	3.98	2.38
0	1508	3.98	0.0
0	1509	3.97	0.0
0	1510	3.96	0.0
0	1511	3.95	0.0
0	1512	3.93	0.0
0	1513	3.93	0.0
0	1514	3.92	2.89
0	1515	3.91	0.0
0	1516	3.89	2.64
0	1517	3.89	0.0
0	1518	3.89	0.96
0	1519	3.89	2.56
0	1520	3.89	2.18
0	1521	3.87	0.0
0	1522	3.86	0.0
0	1523	3.86	0.0
0	1524	3.86	0.0
0	1525	3.86	0.0
0	1526	3.85	0.0
0	1527	3.83	0.0
0	1528	3.82	0.0
0	1529	3.82	0.0
0	1530	3.81	0.0
0	1531	3.8	0.0
0	1532	3.78	0.0
0	1533	3.78	0.0
0	1534	3.78	0.68
0	1535	3.77	0.0
0	1536	3.77	0.0
0	1537	3.77	0.0
0	1538	3.77	2.65
0	1539	3.76	0.0
0	1540	3.76	0.0
0	1541	3.74	2.95
0	1542	3.73	0.34
0	1543	3.73	0.0
0	1544	3.69	0.47
0	1545	3.68	1.96
0	1546	3.68	0.0
0	1547	3.66	2.64
0	1548	3.65	0.0
0	1549	3.63	0.0
0	1550	3.62	1.84
0	1551	3.62	0.0
0	1552	3.6	0.0
0	1553	3.58	1.9
0	1554	3.58	0.0
0	1555	3.55	1.29
0	1556	3.55	0.0
0	1557	3.53	0.0
0	1558	3.53	0.0
0	1559	3.53	0.0
0	1560	3.51	0.0
0	1561	3.5	0.0
0	1562	3.49	0.0
0	1563	3.49	2.48
0	1564	3.48	3.44
0	1565	3.48	0.0
0	1566	3.48	0.0
0	1567	3.44	0.0
0	1568	3.42	0.0
0	1569	3.41	0.0
0	1570	3.4	0.0
0	1571	3.4	0.0
0	1572	3.39	0.0
0	1573	3.35	0.0
0	1574	3.35	0.0
0	1575	3.33	0.0
0	1576	3.32	0.0
0	1577	3.31	1.27
0	1578	3.28	0.0
0	1579	3.26	0.0
0	1580	3.25	2.26
0	1581	3.24	1.86
0	1582	3.24	0.0
0	1583	3.24	0.0
0	1584	3.24	2.47
0	1585	3.23	0.88
0	1586	3.23	1.92
0	1587	3.22	0.0
0	1588	3.22	0.0
0	1589	3.21	0.68
0	1590	3.2	3.02
0	1591	3.18	0.0
0	1592	3.18	0.0
0	1593	3.17	2.06
0	1594	3.16	0.0
0	1595	3.16	0.0
0	1596	3.16	0.0
0	1597	3.15	1.59
0	1598	3.14	0.51
0	1599	3.12	0.0
0	1600	3.12	0.0
0	1601	3.12	0.0
0	1602	3.11	0.0
0	1603	3.09	0.0
0	1604	3.08	0.0
0	1605	3.07	0.0
0	1606	3.07	0.0
0	1607	3.06	0.0
0	1608	3.05	0.0
0	1609	3.05	0.0
0	1610	3.04	1.19
0	1611	3.03	0.0
0	1612	3.02	0.0
0	1613	3.02	0.42
0	1614	3.02	2.21
0	1615	2.99	0.0
0	1616	2.98	0.0
0	1617	2.97	0.0
0	1618	2.97	0.0
0	1619	2.95	0.0
0	1620	2.94	0.0
0	1621	2.93	0.0
0	1622	2.93	0.0
0	1623	2.92	0.0
0	1624	2.91	0.0
0	1625	2.91	0.0
0	1626	2.9	0.0
0	1627	2.9	0.0
0	1628	2.88	0.0
0	1629	2.88	1.19
0	1630	2.88	0.0
0	1631	2.86	0.0
0	1632	2.86	0.0
0	1633	2.85	2.43
0	1634	2.85	0.0
0	1635	2.85	0.0
0	1636	2.84	0.0
0	1637	2.83	0.0
0	1638	2.83	0.04
0	1639	2.79	0.0
0	1640	2.78	0.88
0	1641	2.77	0.0
0	1642	2.77	0.0
0	1643	2.77	0.16
0	1644	2.77	0.0
0	1645	2.76	0.0
0	1646	2.74	0.0
0	1647	2.74	0.0
0	1648	2.74	2.33
0	1649	2.73	0.0
0	1650	2.68	0.0
0	1651	2.68	0.0
0	1652	2.67	0.0
0	1653	2.67	0.0
0	1654	2.67	0.0
0	1655	2.66	0.0
0	1656	2.63	0.0
0	1657	2.63	1.98
0	1658	2.6	0.0
0	1659	2.58	0.0
0	1660	2.57	0.0
0	1661	2.57	0.0
0	1662	2.56	0.0
0	1663	2.56	0.0
0	1664	2.54	0.0
0	1665	2.54	0.0
0	1666	2.54	0.75
0	1667	2.53	0.0
0	1668	2.53	0.0
0	1669	2.52	0.0
0	1670	2.52	0.0
0	1671	2.51	2.1
0	1672	2.5	0.0
0	1673	2.5	0.0
0	1674	2.48	0.0
0	1675	2.48	0.0
0	1676	2.47	0.0
0	1677	2.46	0.0
0	1678	2.44	0.0
0	1679	2.44	0.0
0	1680	2.42	0.34
0	1681	2.42	0.0
0	1682	2.39	0.85
0	1683	2.37	0.0
0	1684	2.36	2.1
0	1685	2.36	0.05
0	1686	2.36	0.0
0	1687	2.35	0.0
0	1688	2.35	0.0
0	1689	2.33	0.0
0	1690	2.33	0.0
0	1691	2.32	0.0
0	1692	2.32	0.0
0	1693	2.3	1.07
0	1694	2.28	0.0
0	1695	2.25	0.0
0	1696	2.25	1.01
0	1697	2.25	0.0
0	1698	2.24	0.0
0	1699	2.23	0.9
0	1700	2.22	0.24
0	1701	2.22	0.0
0	1702	2.2	0.0
0	1703	2.2	1.76
0	1704	2.19	0.0
0	1705	2.18	0.0
0	1706	2.17	0.0
0	1707	2.17	0.0
0	1708	2.17	0.0
0	1709	2.16	0.86
0	1710	2.16	0.0
0	1711	2.16	0.0
0	1712	2.15	0.0
0	1713	2.14	0.0
0	1714	2.13	0.0
0	1715	2.11	0.0
0	1716	2.11	0.0
0	1717	2.11	1.1
0	1718	2.1	0.0
0	1719	2.07	0.0
0	1720	2.07	0.0
0	1721	2.07	0.0
0	1722	2.07	0.0
0	1723	2.06	0.0
0	1724	2.06	0.0
0	1725	2.05	0.0
0	1726	2.04	0.0
0	1727	2.04	0.0
0	1728	2.04	0.0
0	1729	2.03	0.0
0	1730	2.02	0.0
0	1731	2.02	0.0
0	1732	2.02	0.0
0	1733	2.01	0.0
0	1734	2.01	0.0
0	1735	1.99	0.96
0	1736	1.99	0.0
0	1737	1.98	0.0
0	1738	1.97	0.0
0	1739	1.97	0.0
0	1740	1.94	0.0
0	1741	1.93	0.0
0	1742	1.93	0.26
0	1743	1.92	0.0
0	1744	1.89	0.0
0	1745	1.87	0.0
0	1746	1.85	0.0
0	1747	1.84	0.0
0	1748	1.84	1.18
0	1749	1.83	0.0
0	1750	1.82	0.0
0	1751	1.81	0.0
0	1752	1.79	0.0
0	1753	1.79	0.0
0	1754	1.78	0.0
0	1755	1.78	0.0
0	1756	1.77	0.0
0	1757	1.76	0.0
0	1758	1.72	1.62
0	1759	1.72	0.0
0	1760	1.71	0.51
0	1761	1.71	0.56
0	1762	1.71	0.0
0	1763	1.71	0.89
0	1764	1.71	0.0
0	1765	1.7	0.0
0	1766	1.7	0.0
0	1767	1.7	0.0
0	1768	1.66	0.0
0	1769	1.66	0.0
0	1770	1.65	1.14
0	1771	1.64	0.0
0	1772	1.64	0.0
0	1773	1.61	1.57
0	1774	1.61	0.0
0	1775	1.61	0.0
0	1776	1.59	0.0
0	1777	1.58	0.0
0	1778	1.57	0.0
0	1779	1.57	0.0
0	1780	1.56	0.0
0	1781	1.55	0.0
0	1782	1.54	0.0
0	1783	1.54	0.0
0	1784	1.53	0.25
0	1785	1.53	0.0
0	1786	1.53	0.0
0	1787	1.52	0.42
0	1788	1.52	0.0
0	1789	1.52	0.0
0	1790	1.51	0.0
0	1791	1.51	0.0
0	1792	1.5	0.0
0	1793	1.5	0.0
0	1794	1.49	0.57
0	1795	1.48	0.0
0	1796	1.48	0.0
0	1797	1.48	0.0
0	1798	1.45	0.0
0	1799	1.45	0.0
0	1800	1.45	0.0
0	1801	1.44	0.0
0	1802	1.43	0.0
0	1803	1.43	0.0
0	1804	1.42	0.0
0	1805	1.42	0.0
0	1806	1.42	1.02
0	1807	1.41	0.0
0	1808	1.41	0.0
0	1809	1.39	0.0
0	1810	1.38	0.0
0	1811	1.37	0.0
0	1812	1.37	0.0
0	1813	1.37	0.0
0	1814	1.36	0.0
0	1815	1.36	0.87
0	1816	1.36	0.0
0	1817	1.35	0.0
0	1818	1.34	0.0
0	1819	1.34	0.0
0	1820	1.34	0.0
0	1821	1.33	0.0
0	1822	1.32	1.04
0	1823	1.31	0.0
0	1824	1.31	0.0
0	1825	1.31	0.0
0	1826	1.3	0.0
0	1827	1.28	0.0
0	1828	1.28	0.0
0	1829	1.28	0.0
0	1830	1.28	0.0
0	1831	1.26	0.0
0	1832	1.26	0.0
0	1833	1.25	0.0
0	1834	1.25	0.0
0	1835	1.23	0.0
0	1836	1.23	0.0
0	1837	1.22	0.0
0	1838	1.22	0.0
0	1839	1.22	0.0
0	1840	1.21	0.0
0	1841	1.19	0.0
0	1842	1.19	0.0
0	1843	1.18	0.0
0	1844	1.16	0.0
0	1845	1.14	0.0
0	1846	1.13	0.0
0	1847	1.12	0.0
0	1848	1.12	0.0
0	1849	1.1	0.0
0	1850	1.1	0.0
0	1851	1.1	0.0
0	1852	1.09	0.0
0	1853	1.09	0.0
0	1854	1.08	0.7
0	1855	1.08	0.0
0	1856	1.04	0.0
0	1857	1.04	0.0
0	1858	1.02	0.0
0	1859	1.0	0.0
0	1860	1.0	0.0
0	1861	1.0	0.0
0	1862	1.0	0.0
0	1863	0.99	0.0
0	1864	0.99	0.0
0	1865	0.98	0.0
0	1866	0.97	0.0
0	1867	0.97	0.0
0	1868	0.94	0.0
0	1869	0.93	0.0
0	1870	0.9	0.0
0	1871	0.89	0.0
0	1872	0.88	0.0
0	1873	0.87	0.0
0	1874	0.84	0.0
0	1875	0.84	0.0
0	1876	0.83	0.0
0	1877	0.82	0.0
0	1878	0.81	0.0
0	1879	0.81	0.0
0	1880	0.78	0.0
0	1881	0.77	0.0
0	1882	0.73	0.0
0	1883	0.73	0.0
0	1884	0.73	0.0
0	1885	0.71	0.0
0	1886	0.7	0.0
0	1887	0.7	0.0
0	1888	0.69	0.0
0	1889	0.69	0.0
0	1890	0.67	0.0
0	1891	0.67	0.0
0	1892	0.66	0.0
0	1893	0.63	0.0
0	1894	0.62	0.0
0	1895	0.61	0.0
0	1896	0.61	0.0
0	1897	0.6	0.0
0	1898	0.59	0.0
0	1899	0.59	0.0
0	1900	0.58	0.0
0	1901	0.58	0.0
0	1902	0.58	0.0
0	1903	0.58	0.0
0	1904	0.57	0.0
0	1905	0.57	0.0
0	1906	0.57	0.0
0	1907	0.56	0.0
0	1908	0.53	0.0
0	1909	0.53	0.0
0	1910	0.52	0.0
0	1911	0.52	0.0
0	1912	0.49	0.0
0	1913	0.49	0.0
0	1914	0.47	0.0
0	1915	0.46	0.0
0	1916	0.45	0.0
0	1917	0.43	0.0
0	1918	0.41	0.0
0	1919	0.41	0.0
0	1920	0.4	0.03
0	1921	0.39	0.0
0	1922	0.38	0.0
0	1923	0.38	0.0
0	1924	0.38	0.0
0	1925	0.37	0.0
0	1926	0.36	0.0
0	1927	0.35	0.0
0	1928	0.35	0.0
0	1929	0.33	0.0
0	1930	0.31	0.0
0	1931	0.31	0.0
0	1932	0.3	0.0
0	1933	0.3	0.0
0	1934	0.3	0.0
0	1935	0.29	0.0
0	1936	0.29	0.0
0	1937	0.28	0.0
0	1938	0.27	0.0
0	1939	0.26	0.0
0	1940	0.25	0.0
0	1941	0.25	0.0
0	1942	0.24	0.0
0	1943	0.24	0.0
0	1944	0.23	0.0
0	1945	0.23	0.0
0	1946	0.22	0.0
0	1947	0.21	0.0
0	1948	0.2	0.0
0	1949	0.2	0.0
0	1950	0.2	0.0
0	1951	0.17	0.0
0	1952	0.16	0.0
0	1953	0.16	0.0
0	1954	0.15	0.0
0	1955	0.14	0.0
0	1956	0.13	0.0
0	1957	0.12	0.0
0	1958	0.11	0.0
0	1959	0.11	0.0
0	1960	0.11	0.0
0	1961	0.1	0.0
0	1962	0.08	0.0
0	1963	0.07	0.0
0	1964	0.07	0.0
0	1965	0.07	0.0
0	1966	0.05	0.0
0	1967	0.05	0.0
0	1968	0.04	0.0
0	1969	0.03	0.0
0	1970	0.02	0.0
0	1971	0.02	0.0
