clade	species	ts	te
0	1	100.0	92.09
0	2	99.41	91.36
0	3	99.38	51.55
0	4	95.73	82.57
0	5	95.23	87.47
0	6	95.19	90.64
0	7	93.86	93.67
0	8	93.51	81.47
0	9	92.93	91.63
0	10	90.98	88.66
0	11	90.93	85.86
0	12	90.0	74.09
0	13	89.1	85.24
0	14	87.31	81.18
0	15	86.42	60.66
0	16	85.9	84.91
0	17	84.07	81.59
0	18	77.61	45.58
0	19	76.61	73.91
0	20	76.31	75.79
0	21	75.75	74.43
0	22	75.42	67.44
0	23	74.06	63.93
0	24	73.29	67.82
0	25	72.19	68.93
0	26	71.46	65.79
0	27	70.32	62.53
0	28	70.06	64.02
0	29	70.01	53.88
0	30	69.63	46.25
0	31	69.18	68.03
0	32	67.93	59.34
0	33	67.38	66.36
0	34	65.99	64.65
0	35	64.68	52.47
0	36	64.3	57.11
0	37	64.14	44.51
0	38	59.01	24.93
0	39	58.19	47.55
0	40	57.91	47.72
0	41	57.87	50.6
0	42	57.86	54.61
0	43	57.67	50.33
0	44	57.56	47.85
0	45	57.0	35.18
0	46	56.49	42.81
0	47	55.78	47.75
0	48	54.2	52.56
0	49	53.89	47.48
0	50	52.8	30.69
0	51	51.42	50.85
0	52	51.07	49.92
0	53	50.65	49.91
0	54	50.2	39.26
0	55	49.62	32.6
0	56	49.08	43.09
0	57	48.48	36.13
0	58	48.17	38.07
0	59	48.05	37.94
0	60	47.7	17.53
0	61	46.73	33.36
0	62	46.23	28.29
0	63	46.09	35.99
0	64	45.75	40.97
0	65	45.52	32.95
0	66	45.31	27.01
0	67	45.1	38.5
0	68	44.1	16.11
0	69	44.06	41.13
0	70	43.6	39.57
0	71	43.34	28.61
0	72	42.88	42.04
0	73	42.88	0.0
0	74	42.65	40.68
0	75	42.64	33.59
0	76	42.59	38.99
0	77	42.55	40.37
0	78	42.46	30.34
0	79	42.43	37.69
0	80	42.37	18.31
0	81	41.85	35.38
0	82	41.68	20.79
0	83	41.63	33.03
0	84	41.28	40.88
0	85	41.12	35.91
0	86	40.72	32.14
0	87	40.6	36.45
0	88	40.05	25.47
0	89	39.85	10.57
0	90	39.78	39.74
0	91	39.75	38.63
0	92	39.75	35.76
0	93	39.72	24.0
0	94	39.68	31.56
0	95	39.49	36.62
0	96	39.28	3.61
0	97	39.27	25.64
0	98	39.25	33.27
0	99	39.21	12.18
0	100	39.05	36.65
0	101	38.75	37.67
0	102	38.62	3.12
0	103	38.33	32.14
0	104	38.28	23.97
0	105	38.19	34.55
0	106	38.14	35.36
0	107	37.91	32.03
0	108	37.87	35.06
0	109	37.87	4.45
0	110	37.87	30.14
0	111	37.47	26.37
0	112	36.92	35.0
0	113	36.64	32.55
0	114	36.51	24.99
0	115	36.48	30.41
0	116	36.44	24.93
0	117	36.31	17.78
0	118	36.29	29.29
0	119	35.82	29.04
0	120	35.78	19.53
0	121	35.71	27.28
0	122	35.66	21.34
0	123	35.55	31.48
0	124	35.52	8.35
0	125	35.44	33.59
0	126	35.29	26.28
0	127	35.21	29.47
0	128	35.09	23.69
0	129	34.88	33.92
0	130	34.73	30.27
0	131	34.49	26.65
0	132	34.48	17.12
0	133	34.07	25.97
0	134	33.97	22.25
0	135	33.93	13.96
0	136	33.81	30.74
0	137	33.69	0.0
0	138	33.51	24.03
0	139	33.5	32.38
0	140	33.49	23.1
0	141	33.47	0.0
0	142	33.45	11.26
0	143	33.38	11.96
0	144	33.25	13.56
0	145	33.2	29.98
0	146	33.19	22.63
0	147	33.19	0.21
0	148	33.05	31.27
0	149	33.01	23.9
0	150	32.95	29.85
0	151	32.95	13.15
0	152	32.9	31.38
0	153	32.9	28.87
0	154	32.82	29.42
0	155	32.76	27.5
0	156	32.75	23.39
0	157	32.73	19.88
0	158	32.62	0.0
0	159	32.59	0.0
0	160	32.52	16.55
0	161	32.24	0.0
0	162	32.19	5.43
0	163	32.12	0.0
0	164	31.98	19.69
0	165	31.92	22.78
0	166	31.91	13.72
0	167	31.88	0.0
0	168	31.79	9.07
0	169	31.75	26.22
0	170	31.62	26.51
0	171	31.57	5.58
0	172	31.57	26.96
0	173	31.52	30.76
0	174	31.52	24.14
0	175	31.45	29.26
0	176	31.44	24.19
0	177	31.41	19.88
0	178	31.34	23.77
0	179	31.08	29.71
0	180	31.08	26.75
0	181	31.05	0.53
0	182	30.94	30.24
0	183	30.92	11.85
0	184	30.82	25.26
0	185	30.82	30.1
0	186	30.79	25.96
0	187	30.78	29.0
0	188	30.74	18.56
0	189	30.68	9.54
0	190	30.66	18.36
0	191	30.57	24.53
0	192	30.5	11.61
0	193	30.44	17.75
0	194	30.42	22.83
0	195	30.36	29.81
0	196	30.32	23.73
0	197	30.19	29.9
0	198	30.16	25.66
0	199	30.13	8.23
0	200	30.11	19.2
0	201	29.97	7.52
0	202	29.85	22.67
0	203	29.8	0.0
0	204	29.77	21.76
0	205	29.56	29.5
0	206	29.41	29.11
0	207	29.13	28.48
0	208	29.09	16.16
0	209	29.0	27.32
0	210	28.98	23.66
0	211	28.91	28.01
0	212	28.8	14.84
0	213	28.73	12.47
0	214	28.68	19.14
0	215	28.62	24.65
0	216	28.59	23.5
0	217	28.59	27.13
0	218	28.49	22.35
0	219	28.33	19.17
0	220	28.14	27.83
0	221	28.12	26.67
0	222	28.12	26.45
0	223	27.96	27.35
0	224	27.95	19.99
0	225	27.92	22.13
0	226	27.91	17.98
0	227	27.85	20.91
0	228	27.73	24.39
0	229	27.67	14.22
0	230	27.64	19.64
0	231	27.61	23.86
0	232	27.58	4.3
0	233	27.57	21.62
0	234	27.46	24.95
0	235	27.45	20.7
0	236	27.32	22.01
0	237	27.29	25.62
0	238	27.27	8.98
0	239	27.26	18.6
0	240	27.14	6.23
0	241	27.12	19.26
0	242	27.06	15.34
0	243	27.04	26.55
0	244	26.95	26.36
0	245	26.93	25.43
0	246	26.9	16.56
0	247	26.86	15.7
0	248	26.85	24.82
0	249	26.76	24.5
0	250	26.65	17.47
0	251	26.63	20.99
0	252	26.6	24.97
0	253	26.56	20.44
0	254	26.48	14.81
0	255	26.36	7.3
0	256	26.34	22.76
0	257	26.25	21.68
0	258	26.24	25.48
0	259	26.23	12.94
0	260	26.22	0.0
0	261	26.21	21.09
0	262	26.2	19.49
0	263	26.19	21.52
0	264	26.18	21.9
0	265	26.13	25.18
0	266	26.05	22.39
0	267	26.03	19.26
0	268	26.0	23.86
0	269	25.93	20.76
0	270	25.88	22.83
0	271	25.82	19.34
0	272	25.81	22.63
0	273	25.63	14.03
0	274	25.63	21.89
0	275	25.61	0.0
0	276	25.48	21.53
0	277	25.45	5.05
0	278	25.41	20.23
0	279	25.25	23.45
0	280	25.22	0.0
0	281	25.16	23.59
0	282	25.13	15.97
0	283	25.11	18.05
0	284	25.02	22.18
0	285	24.95	10.42
0	286	24.92	13.27
0	287	24.82	12.82
0	288	24.78	6.07
0	289	24.73	13.24
0	290	24.65	9.73
0	291	24.65	1.53
0	292	24.59	19.4
0	293	24.57	23.29
0	294	24.53	7.79
0	295	24.52	2.65
0	296	24.49	23.33
0	297	24.3	16.15
0	298	24.28	9.53
0	299	24.24	13.56
0	300	24.17	0.0
0	301	24.14	14.57
0	302	24.05	17.95
0	303	23.93	23.66
0	304	23.84	19.1
0	305	23.84	7.45
0	306	23.83	20.94
0	307	23.77	11.75
0	308	23.71	0.0
0	309	23.6	21.25
0	310	23.58	15.24
0	311	23.58	1.86
0	312	23.56	8.15
0	313	23.53	20.77
0	314	23.53	20.12
0	315	23.49	20.58
0	316	23.46	22.29
0	317	23.4	22.43
0	318	23.24	16.33
0	319	23.13	21.28
0	320	22.97	15.68
0	321	22.89	11.75
0	322	22.87	0.0
0	323	22.84	0.0
0	324	22.77	9.65
0	325	22.75	0.0
0	326	22.75	18.78
0	327	22.73	5.86
0	328	22.73	6.43
0	329	22.72	5.73
0	330	22.66	6.9
0	331	22.56	11.03
0	332	22.46	0.0
0	333	22.42	21.04
0	334	22.34	19.95
0	335	22.31	21.12
0	336	22.3	19.45
0	337	22.3	20.74
0	338	22.23	20.06
0	339	22.19	21.07
0	340	22.16	4.97
0	341	22.15	12.37
0	342	22.13	21.94
0	343	22.07	20.89
0	344	22.05	17.07
0	345	22.04	0.0
0	346	22.03	21.82
0	347	21.98	16.61
0	348	21.93	15.45
0	349	21.93	10.08
0	350	21.82	2.08
0	351	21.81	14.04
0	352	21.77	9.62
0	353	21.76	18.81
0	354	21.76	15.46
0	355	21.68	15.24
0	356	21.61	13.72
0	357	21.55	15.42
0	358	21.53	0.0
0	359	21.45	13.75
0	360	21.45	0.0
0	361	21.42	19.19
0	362	21.37	0.0
0	363	21.25	18.49
0	364	21.22	9.66
0	365	21.21	0.0
0	366	21.2	17.03
0	367	21.17	6.16
0	368	21.14	0.0
0	369	21.11	19.06
0	370	21.03	17.05
0	371	21.02	0.0
0	372	20.97	14.56
0	373	20.81	18.99
0	374	20.72	0.0
0	375	20.67	16.69
0	376	20.66	7.28
0	377	20.59	16.36
0	378	20.52	15.76
0	379	20.51	15.15
0	380	20.49	17.67
0	381	20.46	6.24
0	382	20.45	0.0
0	383	20.45	17.07
0	384	20.4	11.3
0	385	20.38	10.3
0	386	20.36	18.23
0	387	20.33	0.0
0	388	20.29	10.89
0	389	20.27	15.92
0	390	20.27	0.0
0	391	20.25	14.19
0	392	20.19	19.98
0	393	20.18	0.88
0	394	20.15	10.23
0	395	20.11	18.69
0	396	20.09	8.17
0	397	20.07	18.14
0	398	19.94	11.56
0	399	19.93	18.61
0	400	19.91	0.0
0	401	19.9	17.3
0	402	19.87	16.34
0	403	19.84	11.57
0	404	19.78	19.69
0	405	19.76	15.72
0	406	19.76	14.08
0	407	19.71	2.5
0	408	19.71	7.74
0	409	19.63	2.25
0	410	19.63	0.0
0	411	19.62	14.61
0	412	19.55	11.05
0	413	19.46	0.0
0	414	19.46	16.67
0	415	19.35	17.28
0	416	19.27	17.53
0	417	19.2	12.89
0	418	19.15	10.38
0	419	19.14	17.56
0	420	19.12	13.23
0	421	19.11	18.31
0	422	19.02	0.0
0	423	18.99	18.53
0	424	18.97	2.36
0	425	18.95	11.96
0	426	18.95	18.71
0	427	18.9	9.64
0	428	18.9	0.0
0	429	18.89	16.42
0	430	18.84	2.05
0	431	18.82	0.0
0	432	18.78	16.61
0	433	18.78	12.15
0	434	18.75	12.51
0	435	18.74	0.0
0	436	18.71	15.45
0	437	18.68	9.13
0	438	18.65	15.42
0	439	18.63	6.98
0	440	18.61	13.55
0	441	18.57	13.83
0	442	18.57	13.37
0	443	18.55	13.45
0	444	18.51	0.0
0	445	18.45	5.71
0	446	18.43	13.09
0	447	18.42	0.0
0	448	18.42	17.54
0	449	18.37	3.46
0	450	18.35	18.19
0	451	18.33	2.98
0	452	18.27	10.94
0	453	18.25	14.25
0	454	18.22	5.27
0	455	18.21	0.0
0	456	18.17	5.69
0	457	18.16	10.95
0	458	18.15	14.27
0	459	18.14	0.0
0	460	18.1	8.15
0	461	18.08	14.26
0	462	18.03	14.51
0	463	17.99	17.66
0	464	17.98	3.21
0	465	17.94	4.28
0	466	17.9	9.65
0	467	17.88	13.57
0	468	17.85	12.87
0	469	17.83	0.0
0	470	17.8	9.4
0	471	17.79	15.93
0	472	17.77	14.9
0	473	17.76	11.86
0	474	17.76	14.61
0	475	17.67	0.0
0	476	17.64	14.21
0	477	17.62	12.9
0	478	17.6	16.4
0	479	17.58	16.13
0	480	17.56	0.0
0	481	17.56	0.0
0	482	17.55	16.66
0	483	17.54	9.5
0	484	17.53	7.98
0	485	17.48	15.07
0	486	17.46	9.63
0	487	17.44	0.0
0	488	17.4	4.52
0	489	17.36	6.61
0	490	17.33	15.19
0	491	17.31	9.15
0	492	17.29	16.5
0	493	17.24	14.37
0	494	17.2	10.82
0	495	17.12	2.09
0	496	17.08	10.98
0	497	17.07	15.55
0	498	17.02	7.57
0	499	16.99	16.02
0	500	16.98	0.0
0	501	16.91	14.72
0	502	16.88	15.73
0	503	16.88	3.38
0	504	16.84	16.43
0	505	16.81	0.0
0	506	16.8	0.0
0	507	16.78	0.0
0	508	16.75	4.57
0	509	16.74	0.0
0	510	16.73	1.51
0	511	16.68	0.0
0	512	16.62	6.1
0	513	16.57	10.4
0	514	16.47	3.6
0	515	16.44	0.0
0	516	16.44	11.3
0	517	16.4	0.0
0	518	16.4	12.22
0	519	16.39	11.61
0	520	16.34	10.91
0	521	16.29	10.83
0	522	16.22	0.16
0	523	16.18	0.0
0	524	16.18	14.06
0	525	16.11	0.0
0	526	16.1	0.0
0	527	16.07	15.79
0	528	16.06	2.19
0	529	16.02	0.0
0	530	15.98	11.74
0	531	15.94	0.37
0	532	15.89	1.7
0	533	15.88	12.15
0	534	15.88	4.01
0	535	15.87	3.4
0	536	15.84	15.77
0	537	15.81	11.04
0	538	15.79	12.12
0	539	15.76	12.45
0	540	15.76	0.0
0	541	15.76	9.98
0	542	15.73	12.26
0	543	15.7	8.97
0	544	15.62	15.41
0	545	15.61	14.51
0	546	15.61	12.74
0	547	15.57	0.0
0	548	15.55	5.56
0	549	15.52	12.79
0	550	15.49	0.0
0	551	15.44	10.33
0	552	15.41	7.27
0	553	15.37	0.0
0	554	15.36	9.78
0	555	15.32	0.0
0	556	15.31	8.96
0	557	15.3	2.72
0	558	15.28	11.2
0	559	15.28	15.11
0	560	15.27	2.91
0	561	15.21	0.0
0	562	15.21	0.0
0	563	15.17	10.53
0	564	15.15	0.0
0	565	15.14	8.86
0	566	15.13	7.7
0	567	15.13	9.5
0	568	15.13	7.98
0	569	15.08	14.34
0	570	15.07	8.17
0	571	15.06	0.0
0	572	15.03	3.88
0	573	15.02	0.94
0	574	15.01	13.12
0	575	14.97	0.0
0	576	14.97	5.14
0	577	14.95	0.0
0	578	14.94	13.57
0	579	14.92	13.99
0	580	14.85	11.94
0	581	14.84	0.0
0	582	14.84	0.6
0	583	14.84	0.0
0	584	14.82	6.84
0	585	14.82	0.0
0	586	14.78	0.0
0	587	14.78	7.89
0	588	14.75	9.85
0	589	14.72	0.0
0	590	14.71	7.07
0	591	14.65	14.18
0	592	14.65	10.92
0	593	14.63	12.99
0	594	14.63	9.05
0	595	14.61	8.99
0	596	14.54	14.53
0	597	14.53	1.99
0	598	14.53	0.0
0	599	14.53	12.72
0	600	14.49	0.0
0	601	14.48	0.0
0	602	14.42	4.39
0	603	14.41	3.04
0	604	14.38	13.65
0	605	14.37	10.22
0	606	14.34	8.46
0	607	14.3	5.1
0	608	14.29	0.0
0	609	14.24	14.01
0	610	14.24	9.25
0	611	14.22	10.03
0	612	14.21	9.19
0	613	14.19	10.2
0	614	14.16	0.0
0	615	14.15	0.0
0	616	14.15	12.81
0	617	14.15	8.84
0	618	14.12	9.97
0	619	14.08	6.78
0	620	14.07	10.63
0	621	14.06	7.6
0	622	14.05	8.5
0	623	14.01	12.6
0	624	13.97	10.52
0	625	13.96	8.91
0	626	13.95	1.37
0	627	13.88	0.0
0	628	13.87	5.74
0	629	13.85	4.48
0	630	13.81	9.52
0	631	13.78	8.16
0	632	13.74	6.54
0	633	13.72	5.2
0	634	13.71	5.24
0	635	13.71	12.92
0	636	13.67	7.56
0	637	13.64	13.52
0	638	13.6	0.0
0	639	13.55	0.0
0	640	13.53	0.0
0	641	13.5	9.08
0	642	13.49	0.0
0	643	13.46	0.0
0	644	13.44	5.83
0	645	13.4	3.23
0	646	13.38	8.2
0	647	13.37	7.0
0	648	13.36	0.0
0	649	13.28	3.49
0	650	13.24	4.31
0	651	13.24	11.32
0	652	13.21	3.48
0	653	13.19	12.73
0	654	13.18	7.54
0	655	13.17	0.0
0	656	13.15	0.0
0	657	13.14	2.07
0	658	13.12	0.0
0	659	13.11	2.38
0	660	13.1	0.0
0	661	13.09	3.79
0	662	13.09	12.06
0	663	13.07	0.0
0	664	13.07	8.9
0	665	13.05	12.15
0	666	13.02	13.0
0	667	13.0	0.0
0	668	12.98	8.91
0	669	12.97	0.0
0	670	12.95	0.21
0	671	12.93	7.67
0	672	12.92	0.0
0	673	12.92	9.59
0	674	12.89	0.0
0	675	12.89	9.45
0	676	12.87	11.88
0	677	12.85	10.59
0	678	12.84	9.63
0	679	12.78	0.0
0	680	12.78	0.0
0	681	12.76	0.0
0	682	12.73	11.17
0	683	12.72	6.31
0	684	12.69	0.0
0	685	12.67	0.0
0	686	12.66	0.61
0	687	12.62	11.03
0	688	12.58	0.0
0	689	12.55	0.0
0	690	12.55	11.87
0	691	12.52	0.74
0	692	12.51	0.0
0	693	12.5	3.13
0	694	12.5	6.12
0	695	12.49	5.71
0	696	12.48	0.0
0	697	12.45	11.29
0	698	12.44	10.15
0	699	12.41	0.0
0	700	12.41	3.11
0	701	12.37	5.73
0	702	12.37	11.65
0	703	12.36	8.85
0	704	12.36	11.51
0	705	12.35	1.12
0	706	12.35	10.77
0	707	12.27	11.91
0	708	12.26	9.68
0	709	12.23	7.85
0	710	12.23	9.94
0	711	12.22	5.05
0	712	12.17	10.69
0	713	12.14	0.85
0	714	12.14	9.17
0	715	12.09	3.28
0	716	12.08	0.0
0	717	11.99	5.21
0	718	11.96	11.87
0	719	11.84	10.04
0	720	11.83	5.77
0	721	11.82	8.75
0	722	11.8	11.79
0	723	11.74	11.68
0	724	11.71	5.78
0	725	11.71	10.28
0	726	11.69	10.26
0	727	11.69	4.82
0	728	11.68	0.0
0	729	11.65	11.42
0	730	11.64	0.0
0	731	11.63	0.0
0	732	11.56	0.0
0	733	11.55	8.84
0	734	11.52	8.82
0	735	11.52	1.36
0	736	11.5	0.0
0	737	11.5	5.99
0	738	11.49	11.46
0	739	11.49	3.59
0	740	11.49	4.85
0	741	11.46	6.51
0	742	11.46	5.91
0	743	11.44	0.86
0	744	11.37	0.0
0	745	11.37	0.0
0	746	11.36	3.81
0	747	11.35	5.0
0	748	11.34	10.38
0	749	11.33	0.0
0	750	11.32	0.0
0	751	11.21	0.0
0	752	11.21	0.0
0	753	11.2	10.85
0	754	11.18	7.44
0	755	11.17	6.11
0	756	11.16	7.0
0	757	11.14	8.89
0	758	11.14	7.55
0	759	11.14	3.55
0	760	11.12	5.45
0	761	11.11	9.2
0	762	11.1	5.76
0	763	11.08	1.62
0	764	11.04	10.86
0	765	11.04	8.26
0	766	11.01	8.95
0	767	10.97	8.98
0	768	10.94	0.0
0	769	10.94	0.0
0	770	10.94	5.24
0	771	10.93	0.0
0	772	10.89	0.0
0	773	10.87	0.0
0	774	10.86	0.0
0	775	10.85	2.08
0	776	10.83	2.32
0	777	10.82	7.02
0	778	10.8	5.64
0	779	10.74	9.82
0	780	10.73	6.43
0	781	10.72	9.79
0	782	10.68	9.14
0	783	10.66	0.0
0	784	10.65	0.0
0	785	10.63	0.0
0	786	10.62	2.4
0	787	10.61	0.0
0	788	10.6	0.0
0	789	10.6	0.41
0	790	10.59	7.68
0	791	10.59	0.0
0	792	10.58	0.0
0	793	10.57	4.23
0	794	10.54	9.19
0	795	10.49	0.0
0	796	10.45	3.68
0	797	10.34	5.03
0	798	10.33	8.3
0	799	10.33	9.12
0	800	10.31	9.17
0	801	10.28	0.0
0	802	10.28	9.39
0	803	10.24	0.0
0	804	10.21	2.59
0	805	10.2	8.08
0	806	10.17	5.76
0	807	10.14	7.13
0	808	10.12	2.45
0	809	10.12	9.21
0	810	10.09	2.05
0	811	10.08	8.71
0	812	10.08	8.83
0	813	10.05	0.0
0	814	10.01	7.3
0	815	10.01	0.0
0	816	9.99	6.42
0	817	9.99	9.93
0	818	9.98	0.0
0	819	9.97	8.06
0	820	9.95	1.09
0	821	9.95	9.28
0	822	9.93	0.0
0	823	9.93	0.0
0	824	9.93	5.27
0	825	9.93	8.41
0	826	9.83	0.0
0	827	9.83	3.95
0	828	9.82	3.11
0	829	9.82	0.0
0	830	9.79	0.0
0	831	9.72	3.28
0	832	9.72	0.0
0	833	9.71	5.16
0	834	9.69	9.01
0	835	9.68	0.0
0	836	9.68	1.8
0	837	9.68	0.0
0	838	9.67	3.5
0	839	9.66	8.09
0	840	9.65	0.52
0	841	9.63	8.39
0	842	9.62	0.0
0	843	9.62	0.0
0	844	9.61	9.51
0	845	9.61	7.46
0	846	9.54	0.0
0	847	9.54	0.0
0	848	9.54	6.86
0	849	9.53	7.47
0	850	9.53	0.0
0	851	9.53	0.63
0	852	9.51	7.61
0	853	9.5	9.17
0	854	9.5	0.0
0	855	9.49	0.0
0	856	9.47	9.26
0	857	9.46	0.0
0	858	9.46	5.46
0	859	9.39	0.0
0	860	9.35	4.71
0	861	9.34	9.08
0	862	9.32	0.0
0	863	9.31	9.22
0	864	9.3	6.1
0	865	9.29	7.71
0	866	9.26	2.96
0	867	9.26	0.0
0	868	9.25	0.0
0	869	9.24	7.5
0	870	9.2	9.12
0	871	9.2	8.1
0	872	9.19	0.0
0	873	9.16	4.99
0	874	9.14	0.0
0	875	9.07	8.35
0	876	9.07	3.08
0	877	9.05	7.93
0	878	9.02	4.8
0	879	9.02	0.0
0	880	9.01	8.84
0	881	9.0	0.0
0	882	8.97	0.05
0	883	8.95	2.8
0	884	8.94	0.0
0	885	8.91	6.97
0	886	8.9	0.0
0	887	8.9	0.0
0	888	8.85	5.87
0	889	8.83	1.42
0	890	8.81	5.51
0	891	8.79	8.7
0	892	8.78	5.63
0	893	8.77	6.1
0	894	8.75	0.0
0	895	8.73	0.0
0	896	8.73	0.24
0	897	8.73	6.44
0	898	8.72	0.0
0	899	8.7	4.2
0	900	8.69	0.0
0	901	8.69	5.98
0	902	8.65	0.0
0	903	8.6	0.0
0	904	8.58	2.53
0	905	8.58	0.0
0	906	8.58	5.41
0	907	8.58	0.0
0	908	8.57	0.91
0	909	8.56	4.62
0	910	8.54	7.19
0	911	8.53	2.76
0	912	8.46	0.0
0	913	8.45	7.28
0	914	8.42	0.76
0	915	8.41	0.0
0	916	8.39	0.0
0	917	8.39	0.0
0	918	8.39	8.11
0	919	8.35	0.0
0	920	8.3	0.0
0	921	8.29	4.74
0	922	8.27	5.95
0	923	8.26	7.42
0	924	8.25	2.59
0	925	8.25	0.0
0	926	8.24	3.01
0	927	8.24	6.82
0	928	8.23	6.47
0	929	8.22	0.0
0	930	8.2	0.0
0	931	8.2	0.0
0	932	8.18	0.23
0	933	8.14	0.0
0	934	8.14	4.59
0	935	8.13	0.0
0	936	8.12	4.84
0	937	8.12	0.0
0	938	8.11	4.74
0	939	8.09	5.95
0	940	8.09	7.06
0	941	8.07	5.68
0	942	8.07	0.0
0	943	8.06	3.95
0	944	8.04	0.0
0	945	8.04	0.0
0	946	8.03	0.0
0	947	8.02	0.0
0	948	8.02	3.0
0	949	7.99	0.0
0	950	7.96	1.03
0	951	7.95	3.22
0	952	7.94	2.61
0	953	7.93	0.32
0	954	7.92	0.0
0	955	7.9	3.09
0	956	7.86	0.0
0	957	7.84	0.0
0	958	7.84	0.0
0	959	7.83	0.0
0	960	7.83	5.89
0	961	7.8	4.4
0	962	7.77	1.36
0	963	7.76	0.0
0	964	7.75	0.0
0	965	7.74	0.0
0	966	7.73	0.0
0	967	7.69	0.0
0	968	7.69	0.0
0	969	7.68	0.0
0	970	7.66	0.0
0	971	7.65	3.63
0	972	7.64	4.51
0	973	7.62	2.74
0	974	7.6	3.31
0	975	7.57	0.0
0	976	7.52	0.0
0	977	7.52	0.0
0	978	7.51	3.49
0	979	7.47	4.95
0	980	7.46	0.0
0	981	7.46	6.8
0	982	7.46	4.28
0	983	7.42	4.93
0	984	7.38	0.0
0	985	7.35	0.0
0	986	7.31	2.17
0	987	7.24	5.27
0	988	7.24	0.0
0	989	7.21	0.81
0	990	7.1	0.0
0	991	7.09	0.0
0	992	7.09	3.31
0	993	7.08	0.0
0	994	7.06	6.81
0	995	7.04	0.0
0	996	7.03	5.4
0	997	7.03	0.0
0	998	7.01	4.99
0	999	7.0	3.15
0	1000	6.99	3.08
0	1001	6.99	6.8
0	1002	6.98	2.42
0	1003	6.97	2.13
0	1004	6.97	4.61
0	1005	6.97	0.18
0	1006	6.96	3.83
0	1007	6.93	0.0
0	1008	6.92	0.0
0	1009	6.91	0.0
0	1010	6.91	0.0
0	1011	6.9	6.28
0	1012	6.9	3.46
0	1013	6.89	3.67
0	1014	6.89	0.0
0	1015	6.88	2.39
0	1016	6.88	0.0
0	1017	6.84	0.0
0	1018	6.81	5.55
0	1019	6.81	4.28
0	1020	6.8	5.96
0	1021	6.8	0.0
0	1022	6.79	0.0
0	1023	6.79	0.0
0	1024	6.7	0.0
0	1025	6.68	0.0
0	1026	6.66	0.0
0	1027	6.66	5.08
0	1028	6.65	0.0
0	1029	6.6	0.0
0	1030	6.53	0.0
0	1031	6.52	5.98
0	1032	6.51	0.0
0	1033	6.49	4.38
0	1034	6.44	0.0
0	1035	6.43	0.0
0	1036	6.42	2.05
0	1037	6.41	5.44
0	1038	6.39	0.0
0	1039	6.39	1.8
0	1040	6.39	4.99
0	1041	6.38	0.0
0	1042	6.38	0.0
0	1043	6.32	0.0
0	1044	6.32	5.97
0	1045	6.3	4.74
0	1046	6.29	0.0
0	1047	6.28	0.0
0	1048	6.28	0.0
0	1049	6.27	2.77
0	1050	6.27	0.0
0	1051	6.25	0.0
0	1052	6.24	0.0
0	1053	6.24	0.0
0	1054	6.21	0.0
0	1055	6.18	4.34
0	1056	6.18	0.0
0	1057	6.17	2.82
0	1058	6.17	0.0
0	1059	6.16	0.0
0	1060	6.16	0.0
0	1061	6.16	3.5
0	1062	6.14	0.0
0	1063	6.1	0.0
0	1064	6.1	4.51
0	1065	6.06	1.43
0	1066	6.03	1.03
0	1067	6.02	5.75
0	1068	6.0	0.0
0	1069	6.0	4.23
0	1070	5.99	0.0
0	1071	5.98	0.0
0	1072	5.98	0.0
0	1073	5.98	3.78
0	1074	5.97	0.0
0	1075	5.96	0.0
0	1076	5.96	0.0
0	1077	5.95	4.17
0	1078	5.94	1.13
0	1079	5.93	0.0
0	1080	5.92	0.0
0	1081	5.88	2.02
0	1082	5.88	2.38
0	1083	5.87	0.0
0	1084	5.85	0.0
0	1085	5.83	0.0
0	1086	5.82	3.54
0	1087	5.81	2.16
0	1088	5.8	5.07
0	1089	5.79	0.0
0	1090	5.76	1.7
0	1091	5.73	2.39
0	1092	5.68	1.12
0	1093	5.66	4.73
0	1094	5.66	0.0
0	1095	5.63	3.08
0	1096	5.63	0.0
0	1097	5.6	1.1
0	1098	5.57	0.0
0	1099	5.56	0.6
0	1100	5.56	5.03
0	1101	5.54	4.23
0	1102	5.51	0.4
0	1103	5.48	0.0
0	1104	5.48	0.07
0	1105	5.46	4.86
0	1106	5.46	1.89
0	1107	5.45	0.0
0	1108	5.42	0.0
0	1109	5.42	0.0
0	1110	5.38	0.0
0	1111	5.38	1.66
0	1112	5.38	0.0
0	1113	5.37	1.21
0	1114	5.37	4.27
0	1115	5.37	0.0
0	1116	5.37	0.0
0	1117	5.37	0.0
0	1118	5.36	0.0
0	1119	5.35	0.0
0	1120	5.35	3.48
0	1121	5.33	0.0
0	1122	5.32	4.49
0	1123	5.31	0.0
0	1124	5.3	0.0
0	1125	5.27	3.81
0	1126	5.26	0.0
0	1127	5.25	3.54
0	1128	5.24	0.0
0	1129	5.24	1.6
0	1130	5.22	0.58
0	1131	5.19	0.0
0	1132	5.19	0.0
0	1133	5.18	3.4
0	1134	5.18	0.0
0	1135	5.18	0.0
0	1136	5.18	1.97
0	1137	5.16	0.0
0	1138	5.11	3.1
0	1139	5.09	0.0
0	1140	5.09	4.6
0	1141	5.08	0.0
0	1142	5.07	0.0
0	1143	5.04	0.0
0	1144	5.03	0.0
0	1145	5.02	0.0
0	1146	5.02	4.77
0	1147	5.01	0.62
0	1148	5.01	0.0
0	1149	5.0	0.0
0	1150	5.0	3.44
0	1151	4.97	0.0
0	1152	4.95	0.0
0	1153	4.95	0.0
0	1154	4.91	1.86
0	1155	4.89	0.0
0	1156	4.87	4.21
0	1157	4.87	0.0
0	1158	4.86	2.45
0	1159	4.86	0.97
0	1160	4.83	2.59
0	1161	4.79	0.0
0	1162	4.78	0.0
0	1163	4.77	0.09
0	1164	4.76	0.0
0	1165	4.73	0.0
0	1166	4.7	0.0
0	1167	4.68	0.0
0	1168	4.67	0.0
0	1169	4.66	0.0
0	1170	4.64	0.0
0	1171	4.63	4.62
0	1172	4.62	0.0
0	1173	4.6	0.0
0	1174	4.6	0.0
0	1175	4.59	0.81
0	1176	4.56	0.0
0	1177	4.55	0.0
0	1178	4.52	0.0
0	1179	4.52	0.0
0	1180	4.5	2.44
0	1181	4.49	3.33
0	1182	4.48	0.0
0	1183	4.46	0.0
0	1184	4.46	2.4
0	1185	4.46	0.0
0	1186	4.45	1.77
0	1187	4.43	0.0
0	1188	4.41	0.0
0	1189	4.41	0.0
0	1190	4.4	0.0
0	1191	4.4	0.22
0	1192	4.38	3.54
0	1193	4.35	3.62
0	1194	4.33	0.0
0	1195	4.33	0.93
0	1196	4.31	0.0
0	1197	4.3	1.7
0	1198	4.3	0.0
0	1199	4.29	0.0
0	1200	4.28	0.0
0	1201	4.27	0.0
0	1202	4.27	0.0
0	1203	4.26	3.31
0	1204	4.25	0.0
0	1205	4.24	0.0
0	1206	4.24	1.54
0	1207	4.22	0.0
0	1208	4.22	4.07
0	1209	4.18	1.75
0	1210	4.16	0.0
0	1211	4.16	2.95
0	1212	4.14	0.0
0	1213	4.13	0.0
0	1214	4.13	0.0
0	1215	4.12	0.0
0	1216	4.12	3.33
0	1217	4.11	2.06
0	1218	4.06	0.0
0	1219	4.04	0.0
0	1220	4.03	0.0
0	1221	4.03	0.0
0	1222	4.03	0.0
0	1223	4.01	0.0
0	1224	4.0	0.0
0	1225	4.0	3.17
0	1226	3.99	3.12
0	1227	3.99	0.0
0	1228	3.99	0.0
0	1229	3.98	2.01
0	1230	3.98	0.0
0	1231	3.96	0.0
0	1232	3.94	0.0
0	1233	3.93	0.0
0	1234	3.92	0.0
0	1235	3.92	0.0
0	1236	3.91	3.67
0	1237	3.89	0.0
0	1238	3.88	0.0
0	1239	3.86	0.93
0	1240	3.85	1.76
0	1241	3.85	0.0
0	1242	3.83	0.0
0	1243	3.82	0.0
0	1244	3.82	0.62
0	1245	3.79	0.0
0	1246	3.78	0.0
0	1247	3.77	2.57
0	1248	3.76	0.0
0	1249	3.74	0.0
0	1250	3.73	2.64
0	1251	3.73	3.35
0	1252	3.71	0.0
0	1253	3.71	0.0
0	1254	3.7	0.0
0	1255	3.7	0.82
0	1256	3.7	3.53
0	1257	3.69	3.03
0	1258	3.69	0.0
0	1259	3.65	0.0
0	1260	3.64	0.0
0	1261	3.63	0.74
0	1262	3.61	0.0
0	1263	3.61	0.0
0	1264	3.6	0.0
0	1265	3.59	3.18
0	1266	3.57	1.41
0	1267	3.53	0.0
0	1268	3.53	0.0
0	1269	3.51	2.45
0	1270	3.49	0.0
0	1271	3.47	1.01
0	1272	3.46	0.99
0	1273	3.46	0.01
0	1274	3.44	2.07
0	1275	3.43	0.0
0	1276	3.42	3.29
0	1277	3.42	0.0
0	1278	3.41	0.0
0	1279	3.41	2.73
0	1280	3.4	0.0
0	1281	3.39	0.0
0	1282	3.38	3.31
0	1283	3.38	0.0
0	1284	3.37	0.0
0	1285	3.37	0.0
0	1286	3.36	0.0
0	1287	3.36	0.0
0	1288	3.35	0.0
0	1289	3.29	3.08
0	1290	3.25	0.0
0	1291	3.22	0.0
0	1292	3.21	0.0
0	1293	3.21	1.12
0	1294	3.15	2.61
0	1295	3.14	0.0
0	1296	3.12	0.0
0	1297	3.11	0.0
0	1298	3.11	0.0
0	1299	3.1	0.0
0	1300	3.09	0.0
0	1301	3.09	2.55
0	1302	3.07	0.0
0	1303	3.06	0.0
0	1304	3.06	0.0
0	1305	3.04	0.0
0	1306	3.04	0.0
0	1307	3.04	0.0
0	1308	3.04	0.0
0	1309	3.04	3.02
0	1310	3.03	0.0
0	1311	3.03	0.0
0	1312	3.02	0.0
0	1313	3.01	1.09
0	1314	3.01	0.0
0	1315	3.01	0.0
0	1316	3.0	0.0
0	1317	2.98	0.0
0	1318	2.98	0.48
0	1319	2.94	0.0
0	1320	2.9	0.0
0	1321	2.89	0.0
0	1322	2.86	0.0
0	1323	2.85	0.0
0	1324	2.85	0.71
0	1325	2.85	0.0
0	1326	2.84	0.0
0	1327	2.83	0.54
0	1328	2.8	0.0
0	1329	2.8	0.56
0	1330	2.8	1.04
0	1331	2.79	0.44
0	1332	2.79	0.0
0	1333	2.79	0.0
0	1334	2.77	0.0
0	1335	2.77	2.54
0	1336	2.76	0.0
0	1337	2.75	2.52
0	1338	2.74	0.92
0	1339	2.73	0.0
0	1340	2.71	0.0
0	1341	2.69	0.0
0	1342	2.67	1.69
0	1343	2.67	2.27
0	1344	2.66	0.0
0	1345	2.62	0.0
0	1346	2.62	0.0
0	1347	2.6	0.26
0	1348	2.59	0.0
0	1349	2.58	0.0
0	1350	2.57	0.0
0	1351	2.56	0.0
0	1352	2.55	0.0
0	1353	2.54	0.0
0	1354	2.53	0.0
0	1355	2.53	1.92
0	1356	2.53	1.71
0	1357	2.5	0.0
0	1358	2.49	2.12
0	1359	2.47	0.0
0	1360	2.42	0.0
0	1361	2.42	0.0
0	1362	2.42	0.0
0	1363	2.41	0.0
0	1364	2.38	0.0
0	1365	2.38	0.0
0	1366	2.38	1.79
0	1367	2.38	0.0
0	1368	2.37	0.0
0	1369	2.35	1.79
0	1370	2.33	0.0
0	1371	2.33	0.0
0	1372	2.32	0.0
0	1373	2.32	0.0
0	1374	2.3	0.0
0	1375	2.29	0.0
0	1376	2.28	1.45
0	1377	2.28	0.0
0	1378	2.28	0.0
0	1379	2.27	0.0
0	1380	2.27	0.0
0	1381	2.25	1.36
0	1382	2.25	0.0
0	1383	2.25	0.0
0	1384	2.24	1.62
0	1385	2.24	0.0
0	1386	2.23	0.0
0	1387	2.22	0.0
0	1388	2.22	0.0
0	1389	2.21	0.0
0	1390	2.2	0.0
0	1391	2.18	1.49
0	1392	2.17	1.76
0	1393	2.16	0.0
0	1394	2.16	0.0
0	1395	2.15	0.0
0	1396	2.14	0.0
0	1397	2.13	0.0
0	1398	2.12	0.0
0	1399	2.11	0.0
0	1400	2.1	0.0
0	1401	2.09	0.0
0	1402	2.09	0.0
0	1403	2.06	0.0
0	1404	2.06	0.0
0	1405	2.06	0.0
0	1406	2.05	0.0
0	1407	2.04	0.0
0	1408	2.04	0.0
0	1409	2.03	0.94
0	1410	2.03	0.0
0	1411	2.03	0.1
0	1412	2.02	0.0
0	1413	2.02	0.0
0	1414	2.02	0.0
0	1415	2.01	0.0
0	1416	2.0	0.0
0	1417	1.99	0.0
0	1418	1.99	0.0
0	1419	1.98	0.0
0	1420	1.98	0.0
0	1421	1.98	0.0
0	1422	1.96	0.45
0	1423	1.95	1.73
0	1424	1.93	0.0
0	1425	1.93	0.0
0	1426	1.92	1.91
0	1427	1.92	0.0
0	1428	1.91	0.0
0	1429	1.9	0.0
0	1430	1.9	0.0
0	1431	1.89	0.0
0	1432	1.89	0.0
0	1433	1.86	0.0
0	1434	1.86	0.0
0	1435	1.86	0.0
0	1436	1.85	0.67
0	1437	1.85	0.0
0	1438	1.83	0.0
0	1439	1.83	0.8
0	1440	1.82	0.0
0	1441	1.81	0.0
0	1442	1.8	0.0
0	1443	1.8	0.0
0	1444	1.8	0.0
0	1445	1.8	0.0
0	1446	1.79	0.0
0	1447	1.78	0.0
0	1448	1.78	0.0
0	1449	1.75	0.0
0	1450	1.75	0.0
0	1451	1.74	0.0
0	1452	1.73	0.0
0	1453	1.73	0.0
0	1454	1.72	1.65
0	1455	1.71	0.0
0	1456	1.7	0.37
0	1457	1.69	0.0
0	1458	1.69	0.75
0	1459	1.69	0.0
0	1460	1.68	0.97
0	1461	1.68	0.0
0	1462	1.67	0.0
0	1463	1.67	0.0
0	1464	1.67	0.02
0	1465	1.63	0.37
0	1466	1.63	0.67
0	1467	1.62	0.0
0	1468	1.62	0.0
0	1469	1.61	0.0
0	1470	1.6	0.0
0	1471	1.59	0.0
0	1472	1.59	0.0
0	1473	1.54	0.0
0	1474	1.53	0.0
0	1475	1.52	0.0
0	1476	1.51	0.89
0	1477	1.51	0.0
0	1478	1.49	1.11
0	1479	1.48	0.0
0	1480	1.48	0.0
0	1481	1.46	0.0
0	1482	1.46	0.0
0	1483	1.4	0.0
0	1484	1.4	0.0
0	1485	1.4	0.0
0	1486	1.38	0.0
0	1487	1.38	0.0
0	1488	1.36	0.0
0	1489	1.35	0.0
0	1490	1.31	0.0
0	1491	1.3	0.0
0	1492	1.28	0.0
0	1493	1.27	0.48
0	1494	1.27	0.0
0	1495	1.26	0.0
0	1496	1.25	0.0
0	1497	1.25	0.0
0	1498	1.24	0.0
0	1499	1.23	0.2
0	1500	1.23	0.0
0	1501	1.22	0.0
0	1502	1.22	0.0
0	1503	1.21	0.0
0	1504	1.21	0.0
0	1505	1.2	0.0
0	1506	1.19	0.0
0	1507	1.19	0.0
0	1508	1.18	0.0
0	1509	1.18	0.0
0	1510	1.17	0.0
0	1511	1.17	0.0
0	1512	1.16	0.0
0	1513	1.16	0.0
0	1514	1.16	0.0
0	1515	1.15	0.0
0	1516	1.14	0.0
0	1517	1.12	0.0
0	1518	1.1	0.57
0	1519	1.09	0.0
0	1520	1.08	0.0
0	1521	1.08	0.0
0	1522	1.08	0.0
0	1523	1.08	0.0
0	1524	1.08	0.0
0	1525	1.06	0.0
0	1526	1.05	0.0
0	1527	1.05	0.48
0	1528	1.03	0.0
0	1529	1.03	0.0
0	1530	1.02	0.0
0	1531	1.0	0.0
0	1532	1.0	0.0
0	1533	1.0	0.0
0	1534	0.99	0.81
0	1535	0.95	0.0
0	1536	0.94	0.0
0	1537	0.93	0.0
0	1538	0.93	0.0
0	1539	0.92	0.0
0	1540	0.92	0.0
0	1541	0.91	0.0
0	1542	0.9	0.0
0	1543	0.88	0.15
0	1544	0.85	0.0
0	1545	0.85	0.0
0	1546	0.84	0.0
0	1547	0.84	0.0
0	1548	0.83	0.0
0	1549	0.82	0.0
0	1550	0.79	0.0
0	1551	0.79	0.0
0	1552	0.79	0.0
0	1553	0.79	0.0
0	1554	0.78	0.0
0	1555	0.77	0.0
0	1556	0.77	0.0
0	1557	0.77	0.0
0	1558	0.76	0.0
0	1559	0.76	0.0
0	1560	0.75	0.0
0	1561	0.75	0.48
0	1562	0.75	0.0
0	1563	0.74	0.0
0	1564	0.72	0.0
0	1565	0.72	0.0
0	1566	0.7	0.0
0	1567	0.69	0.0
0	1568	0.68	0.0
0	1569	0.67	0.0
0	1570	0.67	0.0
0	1571	0.66	0.0
0	1572	0.66	0.24
0	1573	0.65	0.0
0	1574	0.65	0.0
0	1575	0.64	0.0
0	1576	0.63	0.0
0	1577	0.63	0.0
0	1578	0.61	0.0
0	1579	0.61	0.0
0	1580	0.6	0.0
0	1581	0.6	0.0
0	1582	0.6	0.0
0	1583	0.59	0.0
0	1584	0.59	0.0
0	1585	0.59	0.0
0	1586	0.58	0.0
0	1587	0.57	0.0
0	1588	0.57	0.14
0	1589	0.56	0.0
0	1590	0.55	0.0
0	1591	0.55	0.0
0	1592	0.54	0.0
0	1593	0.54	0.0
0	1594	0.53	0.0
0	1595	0.52	0.0
0	1596	0.5	0.0
0	1597	0.5	0.0
0	1598	0.5	0.0
0	1599	0.49	0.0
0	1600	0.48	0.0
0	1601	0.47	0.41
0	1602	0.47	0.0
0	1603	0.47	0.0
0	1604	0.47	0.0
0	1605	0.45	0.0
0	1606	0.42	0.0
0	1607	0.41	0.0
0	1608	0.41	0.0
0	1609	0.41	0.0
0	1610	0.4	0.0
0	1611	0.39	0.0
0	1612	0.38	0.0
0	1613	0.37	0.0
0	1614	0.34	0.0
0	1615	0.33	0.0
0	1616	0.33	0.0
0	1617	0.33	0.0
0	1618	0.32	0.02
0	1619	0.3	0.0
0	1620	0.29	0.0
0	1621	0.29	0.0
0	1622	0.29	0.0
0	1623	0.27	0.0
0	1624	0.26	0.0
0	1625	0.26	0.0
0	1626	0.25	0.0
0	1627	0.21	0.0
0	1628	0.21	0.0
0	1629	0.19	0.0
0	1630	0.19	0.0
0	1631	0.18	0.0
0	1632	0.18	0.0
0	1633	0.16	0.0
0	1634	0.16	0.0
0	1635	0.16	0.0
0	1636	0.15	0.0
0	1637	0.14	0.0
0	1638	0.13	0.0
0	1639	0.11	0.0
0	1640	0.09	0.0
0	1641	0.08	0.0
0	1642	0.07	0.0
0	1643	0.07	0.0
0	1644	0.06	0.0
0	1645	0.04	0.0
0	1646	0.04	0.0
0	1647	0.03	0.0
0	1648	0.03	0.0
0	1649	0.02	0.0
