clade	species	ts	te
0	1	66.0	57.88
0	2	57.62	56.71
0	3	55.81	54.91
0	4	54.83	53.33
0	5	54.35	51.26
0	6	51.62	44.29
0	7	50.82	45.99
0	8	50.48	47.7
0	9	49.57	42.36
0	10	49.09	45.2
0	11	48.89	47.17
0	12	47.98	41.71
0	13	47.71	45.21
0	14	47.13	46.29
0	15	46.94	46.06
0	16	46.81	43.8
0	17	45.66	35.3
0	18	45.64	43.59
0	19	45.52	45.07
0	20	45.2	40.09
0	21	45.06	38.09
0	22	44.88	37.08
0	23	44.77	37.32
0	24	44.71	43.09
0	25	44.67	41.88
0	26	44.59	41.5
0	27	44.33	41.12
0	28	44.31	42.4
0	29	44.18	38.82
0	30	44.12	37.66
0	31	43.86	40.74
0	32	43.77	37.99
0	33	43.73	41.19
0	34	43.63	33.99
0	35	43.58	38.59
0	36	43.58	41.35
0	37	43.46	9.4
0	38	43.45	41.28
0	39	43.41	41.22
0	40	43.16	42.41
0	41	43.11	39.63
0	42	43.06	40.24
0	43	42.65	40.89
0	44	42.54	35.9
0	45	42.46	36.49
0	46	42.42	39.92
0	47	42.39	20.88
0	48	42.29	41.76
0	49	42.24	36.49
0	50	42.17	38.74
0	51	42.13	41.95
0	52	41.97	41.77
0	53	41.94	40.74
0	54	41.82	38.23
0	55	41.81	40.13
0	56	41.77	36.88
0	57	41.74	40.97
0	58	41.69	41.52
0	59	41.68	40.65
0	60	41.6	37.39
0	61	41.48	39.43
0	62	41.47	36.54
0	63	41.46	39.97
0	64	41.4	39.98
0	65	41.36	40.06
0	66	41.27	41.11
0	67	41.25	33.24
0	68	41.21	37.39
0	69	41.19	32.62
0	70	41.17	40.02
0	71	41.14	27.6
0	72	41.11	24.19
0	73	41.05	38.73
0	74	41.01	35.12
0	75	40.96	28.32
0	76	40.91	38.63
0	77	40.91	40.58
0	78	40.89	35.23
0	79	40.67	39.44
0	80	40.58	34.48
0	81	40.49	31.04
0	82	40.44	38.71
0	83	40.44	39.64
0	84	40.43	31.64
0	85	40.39	33.48
0	86	40.38	39.06
0	87	40.38	34.26
0	88	40.31	33.97
0	89	40.29	38.06
0	90	40.14	40.02
0	91	40.11	39.34
0	92	40.1	31.47
0	93	40.1	33.06
0	94	40.1	35.2
0	95	40.06	36.83
0	96	40.02	30.22
0	97	39.96	34.48
0	98	39.91	34.93
0	99	39.73	37.35
0	100	39.66	36.01
0	101	39.64	20.16
0	102	39.59	20.83
0	103	39.56	35.05
0	104	39.56	29.64
0	105	39.53	37.48
0	106	39.46	38.47
0	107	39.44	38.84
0	108	39.42	33.03
0	109	39.38	38.49
0	110	39.36	34.04
0	111	39.35	35.6
0	112	39.35	32.12
0	113	39.3	34.05
0	114	39.26	39.2
0	115	39.25	39.15
0	116	39.21	25.72
0	117	39.19	38.39
0	118	39.14	34.74
0	119	39.08	37.31
0	120	39.0	37.79
0	121	38.99	36.85
0	122	38.9	35.71
0	123	38.85	36.73
0	124	38.84	37.63
0	125	38.82	38.38
0	126	38.78	37.52
0	127	38.78	36.83
0	128	38.73	32.21
0	129	38.69	35.78
0	130	38.64	37.14
0	131	38.63	38.37
0	132	38.57	35.84
0	133	38.52	36.83
0	134	38.45	30.45
0	135	38.45	28.66
0	136	38.42	35.82
0	137	38.37	38.18
0	138	38.35	30.53
0	139	38.34	34.12
0	140	38.29	33.39
0	141	38.27	37.27
0	142	38.26	24.69
0	143	38.25	36.85
0	144	38.24	37.74
0	145	38.18	35.57
0	146	38.18	37.32
0	147	38.17	37.88
0	148	38.15	36.6
0	149	38.14	28.13
0	150	38.12	37.37
0	151	38.07	29.72
0	152	38.06	36.27
0	153	38.02	29.59
0	154	38.0	36.12
0	155	38.0	36.71
0	156	37.91	35.06
0	157	37.86	24.08
0	158	37.83	32.81
0	159	37.82	36.37
0	160	37.82	35.67
0	161	37.77	34.9
0	162	37.76	35.43
0	163	37.75	35.99
0	164	37.66	33.78
0	165	37.64	18.16
0	166	37.63	29.04
0	167	37.62	35.38
0	168	37.58	35.25
0	169	37.56	37.08
0	170	37.56	31.15
0	171	37.55	34.76
0	172	37.54	29.43
0	173	37.5	36.56
0	174	37.46	36.81
0	175	37.4	35.54
0	176	37.39	25.81
0	177	37.34	33.92
0	178	37.34	33.2
0	179	37.33	31.55
0	180	37.31	36.07
0	181	37.31	29.53
0	182	37.3	32.33
0	183	37.26	30.42
0	184	37.25	35.88
0	185	37.23	36.54
0	186	37.18	34.19
0	187	37.17	31.0
0	188	37.17	33.5
0	189	37.13	35.72
0	190	37.12	32.64
0	191	37.05	32.5
0	192	37.05	32.51
0	193	37.02	27.9
0	194	37.0	31.17
0	195	37.0	32.75
0	196	36.96	36.37
0	197	36.96	36.42
0	198	36.95	29.99
0	199	36.9	29.17
0	200	36.86	33.59
0	201	36.86	28.22
0	202	36.85	26.64
0	203	36.85	30.15
0	204	36.82	26.33
0	205	36.77	31.82
0	206	36.74	36.7
0	207	36.72	16.07
0	208	36.71	29.92
0	209	36.67	36.45
0	210	36.66	32.39
0	211	36.65	33.95
0	212	36.62	36.21
0	213	36.53	34.39
0	214	36.52	34.26
0	215	36.48	31.16
0	216	36.47	31.38
0	217	36.42	34.15
0	218	36.4	34.09
0	219	36.4	31.69
0	220	36.39	33.99
0	221	36.39	34.24
0	222	36.37	32.6
0	223	36.36	31.9
0	224	36.32	29.05
0	225	36.29	35.6
0	226	36.22	36.09
0	227	36.21	33.71
0	228	36.16	27.98
0	229	36.16	34.37
0	230	36.14	34.87
0	231	36.11	29.43
0	232	36.09	32.45
0	233	36.07	31.16
0	234	36.06	34.02
0	235	36.03	32.88
0	236	36.01	34.52
0	237	36.0	33.19
0	238	36.0	32.93
0	239	35.98	35.11
0	240	35.94	31.89
0	241	35.93	30.64
0	242	35.9	32.0
0	243	35.9	34.44
0	244	35.87	32.02
0	245	35.85	35.4
0	246	35.83	31.28
0	247	35.83	31.99
0	248	35.83	31.51
0	249	35.82	33.96
0	250	35.81	16.08
0	251	35.79	21.08
0	252	35.79	29.15
0	253	35.78	33.53
0	254	35.75	35.21
0	255	35.74	35.27
0	256	35.71	31.7
0	257	35.71	34.37
0	258	35.7	31.44
0	259	35.69	34.84
0	260	35.69	18.51
0	261	35.68	19.83
0	262	35.67	34.62
0	263	35.67	32.4
0	264	35.66	28.41
0	265	35.65	34.87
0	266	35.65	28.8
0	267	35.63	27.32
0	268	35.61	33.65
0	269	35.61	35.43
0	270	35.6	32.69
0	271	35.6	25.44
0	272	35.58	33.68
0	273	35.54	30.5
0	274	35.53	33.28
0	275	35.52	29.67
0	276	35.49	33.46
0	277	35.47	31.08
0	278	35.47	17.58
0	279	35.45	30.4
0	280	35.45	25.61
0	281	35.41	22.64
0	282	35.41	34.75
0	283	35.39	34.97
0	284	35.38	28.82
0	285	35.37	33.11
0	286	35.36	33.58
0	287	35.35	32.66
0	288	35.35	30.38
0	289	35.33	30.34
0	290	35.32	31.99
0	291	35.32	9.76
0	292	35.32	31.14
0	293	35.31	23.21
0	294	35.28	32.16
0	295	35.28	29.94
0	296	35.25	23.41
0	297	35.24	34.96
0	298	35.23	22.67
0	299	35.2	30.6
0	300	35.2	33.66
0	301	35.17	26.42
0	302	35.16	33.26
0	303	35.15	27.08
0	304	35.15	33.24
0	305	35.09	34.68
0	306	35.02	34.9
0	307	35.02	31.23
0	308	35.0	24.89
0	309	35.0	33.93
0	310	34.99	26.84
0	311	34.99	34.26
0	312	34.99	33.98
0	313	34.98	32.93
0	314	34.98	34.98
0	315	34.98	25.94
0	316	34.97	31.69
0	317	34.93	33.72
0	318	34.92	20.37
0	319	34.91	34.69
0	320	34.9	29.35
0	321	34.89	18.98
0	322	34.89	32.53
0	323	34.87	27.33
0	324	34.86	31.26
0	325	34.85	13.46
0	326	34.84	29.61
0	327	34.83	33.84
0	328	34.81	32.21
0	329	34.77	34.72
0	330	34.69	27.46
0	331	34.63	34.29
0	332	34.63	26.76
0	333	34.6	34.27
0	334	34.6	12.08
0	335	34.6	26.68
0	336	34.56	26.01
0	337	34.55	32.99
0	338	34.55	32.44
0	339	34.54	31.21
0	340	34.53	31.55
0	341	34.52	23.37
0	342	34.51	31.84
0	343	34.49	33.48
0	344	34.46	25.52
0	345	34.45	34.27
0	346	34.44	31.62
0	347	34.43	32.67
0	348	34.43	32.55
0	349	34.4	33.6
0	350	34.4	23.02
0	351	34.4	29.67
0	352	34.38	28.33
0	353	34.38	22.8
0	354	34.35	28.2
0	355	34.34	31.1
0	356	34.33	32.53
0	357	34.32	29.98
0	358	34.28	20.19
0	359	34.28	18.1
0	360	34.28	33.71
0	361	34.27	34.23
0	362	34.27	27.95
0	363	34.27	33.64
0	364	34.27	23.03
0	365	34.22	33.44
0	366	34.2	31.01
0	367	34.16	31.93
0	368	34.15	31.69
0	369	34.14	28.25
0	370	34.09	17.82
0	371	34.07	32.84
0	372	34.05	33.42
0	373	34.04	26.97
0	374	34.04	20.82
0	375	34.03	30.96
0	376	34.02	21.61
0	377	34.01	30.99
0	378	34.01	32.66
0	379	33.99	33.1
0	380	33.97	23.68
0	381	33.95	30.6
0	382	33.95	32.25
0	383	33.94	32.7
0	384	33.93	32.42
0	385	33.92	32.17
0	386	33.91	28.5
0	387	33.9	28.29
0	388	33.9	19.6
0	389	33.89	32.95
0	390	33.89	28.14
0	391	33.85	32.21
0	392	33.84	30.68
0	393	33.84	30.64
0	394	33.83	29.13
0	395	33.82	31.12
0	396	33.82	32.92
0	397	33.82	33.5
0	398	33.81	30.58
0	399	33.81	32.81
0	400	33.77	33.64
0	401	33.76	11.14
0	402	33.75	32.27
0	403	33.74	32.51
0	404	33.73	20.9
0	405	33.73	29.22
0	406	33.72	29.61
0	407	33.72	32.5
0	408	33.7	32.46
0	409	33.68	24.49
0	410	33.64	33.54
0	411	33.62	32.76
0	412	33.6	32.64
0	413	33.59	20.2
0	414	33.58	26.83
0	415	33.56	33.24
0	416	33.55	22.94
0	417	33.54	31.45
0	418	33.52	28.34
0	419	33.52	25.26
0	420	33.51	5.33
0	421	33.49	31.52
0	422	33.44	29.54
0	423	33.42	33.42
0	424	33.42	30.34
0	425	33.41	17.59
0	426	33.41	30.79
0	427	33.4	28.09
0	428	33.4	24.38
0	429	33.38	16.97
0	430	33.37	24.99
0	431	33.37	32.67
0	432	33.36	30.42
0	433	33.34	27.69
0	434	33.32	30.85
0	435	33.31	32.84
0	436	33.29	11.75
0	437	33.29	19.61
0	438	33.28	21.26
0	439	33.26	18.9
0	440	33.25	32.46
0	441	33.25	26.79
0	442	33.25	29.82
0	443	33.24	25.58
0	444	33.23	23.21
0	445	33.23	26.68
0	446	33.23	17.88
0	447	33.22	30.78
0	448	33.21	25.77
0	449	33.21	15.43
0	450	33.19	25.18
0	451	33.19	30.41
0	452	33.18	27.53
0	453	33.17	25.27
0	454	33.17	32.8
0	455	33.17	31.94
0	456	33.17	8.27
0	457	33.16	32.29
0	458	33.16	28.73
0	459	33.16	28.98
0	460	33.15	30.3
0	461	33.15	15.85
0	462	33.14	22.91
0	463	33.12	26.05
0	464	33.11	31.86
0	465	33.09	30.0
0	466	33.08	32.49
0	467	33.06	31.05
0	468	33.06	32.48
0	469	33.06	22.5
0	470	33.04	18.25
0	471	33.02	15.54
0	472	33.0	30.4
0	473	33.0	22.95
0	474	32.99	30.14
0	475	32.99	24.48
0	476	32.97	32.95
0	477	32.97	32.87
0	478	32.97	32.05
0	479	32.97	27.09
0	480	32.95	24.65
0	481	32.94	31.37
0	482	32.93	31.82
0	483	32.92	31.36
0	484	32.91	31.12
0	485	32.9	31.03
0	486	32.9	30.1
0	487	32.88	26.26
0	488	32.85	9.97
0	489	32.85	31.53
0	490	32.85	22.59
0	491	32.84	32.8
0	492	32.84	26.8
0	493	32.83	31.54
0	494	32.81	25.15
0	495	32.81	31.72
0	496	32.79	27.56
0	497	32.79	32.78
0	498	32.77	30.76
0	499	32.76	22.86
0	500	32.76	31.75
0	501	32.74	20.01
0	502	32.72	29.18
0	503	32.72	30.55
0	504	32.72	29.62
0	505	32.7	25.34
0	506	32.7	31.9
0	507	32.7	31.01
0	508	32.68	32.27
0	509	32.68	21.19
0	510	32.68	12.51
0	511	32.67	31.84
0	512	32.67	23.3
0	513	32.66	25.32
0	514	32.64	29.03
0	515	32.63	31.72
0	516	32.62	27.87
0	517	32.62	32.2
0	518	32.61	25.26
0	519	32.6	28.39
0	520	32.6	31.68
0	521	32.59	27.33
0	522	32.58	17.98
0	523	32.58	32.08
0	524	32.57	32.39
0	525	32.56	30.56
0	526	32.56	29.97
0	527	32.56	30.3
0	528	32.55	30.8
0	529	32.55	23.36
0	530	32.54	32.17
0	531	32.54	27.0
0	532	32.54	24.69
0	533	32.54	26.37
0	534	32.54	29.4
0	535	32.53	31.67
0	536	32.52	30.54
0	537	32.52	32.0
0	538	32.52	31.21
0	539	32.51	27.75
0	540	32.5	21.4
0	541	32.49	17.92
0	542	32.49	19.67
0	543	32.48	32.37
0	544	32.48	29.54
0	545	32.47	26.36
0	546	32.47	30.65
0	547	32.46	32.08
0	548	32.45	28.94
0	549	32.43	27.64
0	550	32.41	31.83
0	551	32.4	31.18
0	552	32.37	31.85
0	553	32.37	10.97
0	554	32.37	31.81
0	555	32.36	30.17
0	556	32.32	30.98
0	557	32.31	6.31
0	558	32.3	20.31
0	559	32.3	29.35
0	560	32.28	27.3
0	561	32.28	22.85
0	562	32.28	31.26
0	563	32.28	27.97
0	564	32.27	26.42
0	565	32.27	30.79
0	566	32.26	30.82
0	567	32.26	30.99
0	568	32.26	19.7
0	569	32.25	23.31
0	570	32.25	28.3
0	571	32.25	32.04
0	572	32.24	27.51
0	573	32.23	25.43
0	574	32.23	31.88
0	575	32.22	22.39
0	576	32.19	28.95
0	577	32.19	22.91
0	578	32.18	30.71
0	579	32.17	22.06
0	580	32.17	30.49
0	581	32.17	29.41
0	582	32.15	25.22
0	583	32.15	16.74
0	584	32.14	23.47
0	585	32.14	26.36
0	586	32.14	22.29
0	587	32.14	30.28
0	588	32.13	25.38
0	589	32.13	30.4
0	590	32.12	25.68
0	591	32.12	30.91
0	592	32.09	29.95
0	593	32.07	23.8
0	594	32.07	25.3
0	595	32.07	29.38
0	596	32.07	30.18
0	597	32.06	30.41
0	598	32.06	31.95
0	599	32.05	26.78
0	600	32.03	23.12
0	601	32.02	31.52
0	602	32.02	31.63
0	603	32.02	27.48
0	604	32.02	30.97
0	605	31.99	28.85
0	606	31.98	27.4
0	607	31.96	25.76
0	608	31.96	31.3
0	609	31.93	29.74
0	610	31.93	29.23
0	611	31.93	31.38
0	612	31.93	27.95
0	613	31.9	28.6
0	614	31.89	30.27
0	615	31.88	26.05
0	616	31.88	7.24
0	617	31.88	31.67
0	618	31.88	31.32
0	619	31.88	31.07
0	620	31.87	30.61
0	621	31.87	14.19
0	622	31.85	30.63
0	623	31.85	24.6
0	624	31.83	27.88
0	625	31.82	29.57
0	626	31.79	29.89
0	627	31.79	28.89
0	628	31.78	29.28
0	629	31.78	30.05
0	630	31.78	31.52
0	631	31.78	31.02
0	632	31.77	28.55
0	633	31.77	22.71
0	634	31.77	27.35
0	635	31.74	31.21
0	636	31.74	30.17
0	637	31.73	28.3
0	638	31.72	31.27
0	639	31.72	25.29
0	640	31.72	30.5
0	641	31.72	26.61
0	642	31.72	18.86
0	643	31.71	31.71
0	644	31.69	24.84
0	645	31.68	28.93
0	646	31.67	31.67
0	647	31.66	29.9
0	648	31.66	5.91
0	649	31.64	28.28
0	650	31.63	23.36
0	651	31.63	27.56
0	652	31.62	25.14
0	653	31.62	26.44
0	654	31.62	31.6
0	655	31.61	30.44
0	656	31.6	27.01
0	657	31.59	27.68
0	658	31.58	19.52
0	659	31.58	26.52
0	660	31.58	29.0
0	661	31.57	17.59
0	662	31.57	28.37
0	663	31.57	31.21
0	664	31.56	27.83
0	665	31.55	27.02
0	666	31.53	27.43
0	667	31.53	30.8
0	668	31.53	16.53
0	669	31.51	31.47
0	670	31.51	22.53
0	671	31.5	25.97
0	672	31.5	21.89
0	673	31.48	25.94
0	674	31.48	28.53
0	675	31.48	29.55
0	676	31.47	20.17
0	677	31.47	30.97
0	678	31.46	16.94
0	679	31.45	29.76
0	680	31.45	30.21
0	681	31.45	29.82
0	682	31.43	31.1
0	683	31.43	30.58
0	684	31.43	27.81
0	685	31.42	28.77
0	686	31.39	18.83
0	687	31.38	27.19
0	688	31.36	25.53
0	689	31.36	28.86
0	690	31.36	22.07
0	691	31.36	29.03
0	692	31.35	26.81
0	693	31.34	30.54
0	694	31.34	27.82
0	695	31.33	11.38
0	696	31.33	26.29
0	697	31.33	28.69
0	698	31.32	28.84
0	699	31.32	23.19
0	700	31.29	30.64
0	701	31.29	30.91
0	702	31.28	20.24
0	703	31.27	28.33
0	704	31.27	19.31
0	705	31.26	12.93
0	706	31.26	24.06
0	707	31.26	29.53
0	708	31.26	25.56
0	709	31.26	25.98
0	710	31.26	29.13
0	711	31.25	26.83
0	712	31.25	26.0
0	713	31.25	24.99
0	714	31.25	23.2
0	715	31.24	27.47
0	716	31.24	26.73
0	717	31.24	26.81
0	718	31.24	27.05
0	719	31.23	30.59
0	720	31.23	29.44
0	721	31.22	18.14
0	722	31.22	29.22
0	723	31.21	6.23
0	724	31.21	28.5
0	725	31.21	27.05
0	726	31.21	30.08
0	727	31.21	16.23
0	728	31.2	30.42
0	729	31.19	21.54
0	730	31.19	27.28
0	731	31.19	27.59
0	732	31.19	30.11
0	733	31.17	25.7
0	734	31.17	26.51
0	735	31.16	27.27
0	736	31.15	25.14
0	737	31.15	29.32
0	738	31.14	27.72
0	739	31.13	23.17
0	740	31.13	27.2
0	741	31.12	30.94
0	742	31.11	24.08
0	743	31.11	30.17
0	744	31.11	29.71
0	745	31.1	28.62
0	746	31.1	27.28
0	747	31.09	30.87
0	748	31.09	23.56
0	749	31.08	27.29
0	750	31.08	24.71
0	751	31.08	25.64
0	752	31.07	30.86
0	753	31.06	27.49
0	754	31.05	30.14
0	755	31.04	29.93
0	756	31.04	30.85
0	757	31.04	17.7
0	758	31.03	27.06
0	759	31.03	25.25
0	760	31.03	24.62
0	761	31.03	26.78
0	762	31.02	23.64
0	763	31.02	22.77
0	764	31.02	26.01
0	765	31.01	22.95
0	766	31.0	30.43
0	767	31.0	28.23
0	768	30.99	22.83
0	769	30.99	30.55
0	770	30.98	30.86
0	771	30.98	28.14
0	772	30.97	29.99
0	773	30.97	30.16
0	774	30.95	19.58
0	775	30.95	11.67
0	776	30.94	21.17
0	777	30.93	18.86
0	778	30.92	29.78
0	779	30.91	28.39
0	780	30.88	21.64
0	781	30.88	30.1
0	782	30.88	30.61
0	783	30.88	29.96
0	784	30.87	28.58
0	785	30.87	29.47
0	786	30.87	28.07
0	787	30.86	28.42
0	788	30.85	22.69
0	789	30.85	20.97
0	790	30.85	24.51
0	791	30.85	30.19
0	792	30.84	26.86
0	793	30.84	21.9
0	794	30.83	27.22
0	795	30.82	30.01
0	796	30.82	17.59
0	797	30.81	21.64
0	798	30.8	23.48
0	799	30.8	16.14
0	800	30.79	24.69
0	801	30.79	30.44
0	802	30.78	25.98
0	803	30.77	21.11
0	804	30.76	30.35
0	805	30.76	27.82
0	806	30.76	12.83
0	807	30.75	28.16
0	808	30.74	25.06
0	809	30.74	25.35
0	810	30.74	29.02
0	811	30.73	23.45
0	812	30.71	5.33
0	813	30.7	20.81
0	814	30.69	25.48
0	815	30.69	26.94
0	816	30.68	25.11
0	817	30.68	30.45
0	818	30.68	26.27
0	819	30.67	16.76
0	820	30.67	30.17
0	821	30.67	24.07
0	822	30.67	27.03
0	823	30.66	30.47
0	824	30.65	29.77
0	825	30.64	27.81
0	826	30.63	23.63
0	827	30.63	27.79
0	828	30.63	24.84
0	829	30.62	25.18
0	830	30.62	24.61
0	831	30.62	29.68
0	832	30.62	28.37
0	833	30.6	27.45
0	834	30.6	21.8
0	835	30.6	19.62
0	836	30.59	26.91
0	837	30.59	29.96
0	838	30.59	27.67
0	839	30.59	25.48
0	840	30.57	28.43
0	841	30.56	23.79
0	842	30.56	15.1
0	843	30.55	18.74
0	844	30.55	27.0
0	845	30.55	29.12
0	846	30.54	28.57
0	847	30.54	29.67
0	848	30.53	23.13
0	849	30.52	25.96
0	850	30.52	23.75
0	851	30.52	25.67
0	852	30.5	22.92
0	853	30.5	28.46
0	854	30.49	29.88
0	855	30.49	24.73
0	856	30.49	28.87
0	857	30.48	26.66
0	858	30.48	24.71
0	859	30.48	30.03
0	860	30.48	27.58
0	861	30.46	29.62
0	862	30.46	30.31
0	863	30.46	28.53
0	864	30.45	24.66
0	865	30.45	30.04
0	866	30.45	24.69
0	867	30.45	28.35
0	868	30.45	28.11
0	869	30.45	22.13
0	870	30.44	26.89
0	871	30.43	27.4
0	872	30.42	24.9
0	873	30.42	27.55
0	874	30.42	26.48
0	875	30.41	27.62
0	876	30.41	23.17
0	877	30.41	27.4
0	878	30.4	29.95
0	879	30.39	30.01
0	880	30.39	28.17
0	881	30.39	28.39
0	882	30.37	21.36
0	883	30.37	25.06
0	884	30.36	28.09
0	885	30.36	22.13
0	886	30.36	22.47
0	887	30.35	28.14
0	888	30.35	29.26
0	889	30.35	16.66
0	890	30.34	20.85
0	891	30.33	30.09
0	892	30.33	25.27
0	893	30.33	26.0
0	894	30.32	15.04
0	895	30.32	26.77
0	896	30.31	20.13
0	897	30.31	27.01
0	898	30.3	26.36
0	899	30.29	15.69
0	900	30.29	26.18
0	901	30.29	25.81
0	902	30.28	29.85
0	903	30.28	29.02
0	904	30.28	21.65
0	905	30.28	27.58
0	906	30.28	29.14
0	907	30.28	11.89
0	908	30.28	23.2
0	909	30.27	27.68
0	910	30.27	26.07
0	911	30.26	29.09
0	912	30.26	27.06
0	913	30.25	29.71
0	914	30.25	25.6
0	915	30.25	29.48
0	916	30.24	5.82
0	917	30.24	19.42
0	918	30.24	25.45
0	919	30.23	29.5
0	920	30.23	23.24
0	921	30.21	29.47
0	922	30.21	17.63
0	923	30.2	24.42
0	924	30.2	28.13
0	925	30.2	27.81
0	926	30.19	29.23
0	927	30.19	18.42
0	928	30.19	26.21
0	929	30.19	28.67
0	930	30.18	22.65
0	931	30.18	29.9
0	932	30.17	25.35
0	933	30.17	21.37
0	934	30.16	24.63
0	935	30.16	25.79
0	936	30.15	26.71
0	937	30.15	29.57
0	938	30.14	26.6
0	939	30.14	25.88
0	940	30.14	28.03
0	941	30.14	28.61
0	942	30.14	23.13
0	943	30.13	25.02
0	944	30.12	24.69
0	945	30.11	19.37
0	946	30.11	30.1
0	947	30.1	25.93
0	948	30.09	24.62
0	949	30.09	16.76
0	950	30.08	23.72
0	951	30.08	29.08
0	952	30.07	27.14
0	953	30.06	20.72
0	954	30.04	22.01
0	955	30.04	28.05
0	956	30.04	24.85
0	957	30.04	29.27
0	958	30.04	28.21
0	959	30.03	29.95
0	960	30.03	24.33
0	961	30.03	23.74
0	962	30.03	28.48
0	963	30.02	22.73
0	964	30.01	17.28
0	965	30.0	18.48
0	966	30.0	27.99
0	967	30.0	26.75
0	968	30.0	28.24
0	969	30.0	28.21
0	970	29.99	11.07
0	971	29.99	25.45
0	972	29.99	23.49
0	973	29.99	27.45
0	974	29.99	20.12
0	975	29.98	28.81
0	976	29.97	28.07
0	977	29.97	18.14
0	978	29.97	23.91
0	979	29.96	23.89
0	980	29.95	27.56
0	981	29.95	19.15
0	982	29.95	27.8
0	983	29.95	26.79
0	984	29.94	26.17
0	985	29.93	27.57
0	986	29.93	28.64
0	987	29.93	29.03
0	988	29.93	27.78
0	989	29.93	28.72
0	990	29.92	28.38
0	991	29.91	27.46
0	992	29.91	29.57
0	993	29.9	21.31
0	994	29.89	27.38
0	995	29.89	26.12
0	996	29.89	26.01
0	997	29.88	25.23
0	998	29.87	23.32
0	999	29.87	27.39
0	1000	29.86	28.78
0	1001	29.86	24.37
0	1002	29.86	29.73
0	1003	29.85	27.45
0	1004	29.85	15.25
0	1005	29.85	27.68
0	1006	29.85	27.74
0	1007	29.85	14.87
0	1008	29.85	26.38
0	1009	29.84	28.69
0	1010	29.84	25.39
0	1011	29.84	24.49
0	1012	29.84	26.61
0	1013	29.84	28.72
0	1014	29.83	23.56
0	1015	29.83	25.27
0	1016	29.82	27.71
0	1017	29.82	29.0
0	1018	29.81	28.84
0	1019	29.81	29.15
0	1020	29.81	27.25
0	1021	29.8	6.12
0	1022	29.8	26.47
0	1023	29.8	16.34
0	1024	29.8	28.26
0	1025	29.79	21.21
0	1026	29.79	22.86
0	1027	29.79	25.89
0	1028	29.79	24.5
0	1029	29.78	22.13
0	1030	29.78	26.81
0	1031	29.78	25.8
0	1032	29.77	21.28
0	1033	29.77	24.7
0	1034	29.77	28.87
0	1035	29.76	27.07
0	1036	29.76	26.9
0	1037	29.75	26.52
0	1038	29.75	28.15
0	1039	29.74	21.4
0	1040	29.74	24.34
0	1041	29.73	14.67
0	1042	29.73	28.14
0	1043	29.72	23.38
0	1044	29.72	24.81
0	1045	29.72	27.55
0	1046	29.71	28.7
0	1047	29.7	24.02
0	1048	29.7	28.06
0	1049	29.7	27.89
0	1050	29.7	21.1
0	1051	29.7	29.69
0	1052	29.68	22.93
0	1053	29.67	29.44
0	1054	29.67	26.5
0	1055	29.65	23.63
0	1056	29.65	28.8
0	1057	29.64	27.9
0	1058	29.63	20.85
0	1059	29.63	23.44
0	1060	29.63	22.52
0	1061	29.63	25.24
0	1062	29.62	23.69
0	1063	29.62	24.13
0	1064	29.61	16.77
0	1065	29.61	26.15
0	1066	29.61	18.6
0	1067	29.6	22.15
0	1068	29.59	28.63
0	1069	29.59	19.84
0	1070	29.58	24.4
0	1071	29.58	28.42
0	1072	29.58	21.79
0	1073	29.57	25.78
0	1074	29.56	26.85
0	1075	29.56	28.96
0	1076	29.56	22.61
0	1077	29.56	20.98
0	1078	29.56	25.26
0	1079	29.56	21.62
0	1080	29.56	25.84
0	1081	29.56	25.84
0	1082	29.55	28.89
0	1083	29.55	25.64
0	1084	29.55	22.94
0	1085	29.55	28.18
0	1086	29.54	26.36
0	1087	29.53	15.93
0	1088	29.52	16.94
0	1089	29.52	24.55
0	1090	29.52	18.23
0	1091	29.52	24.15
0	1092	29.52	25.43
0	1093	29.51	27.33
0	1094	29.51	20.87
0	1095	29.51	23.01
0	1096	29.51	25.09
0	1097	29.51	20.34
0	1098	29.51	23.6
0	1099	29.51	27.12
0	1100	29.5	28.21
0	1101	29.5	25.1
0	1102	29.5	12.07
0	1103	29.49	28.0
0	1104	29.49	27.47
0	1105	29.48	29.01
0	1106	29.48	26.64
0	1107	29.46	29.44
0	1108	29.46	27.44
0	1109	29.46	21.68
0	1110	29.45	28.49
0	1111	29.45	28.04
0	1112	29.44	19.09
0	1113	29.44	24.5
0	1114	29.44	28.07
0	1115	29.43	16.18
0	1116	29.43	27.45
0	1117	29.43	29.08
0	1118	29.43	28.99
0	1119	29.43	27.82
0	1120	29.43	28.24
0	1121	29.42	17.49
0	1122	29.41	25.83
0	1123	29.41	10.03
0	1124	29.41	18.38
0	1125	29.41	28.32
0	1126	29.39	28.18
0	1127	29.37	24.62
0	1128	29.36	29.34
0	1129	29.36	28.66
0	1130	29.36	5.33
0	1131	29.36	23.48
0	1132	29.35	28.43
0	1133	29.35	27.47
0	1134	29.34	25.82
0	1135	29.34	27.82
0	1136	29.33	11.74
0	1137	29.33	27.36
0	1138	29.33	25.38
0	1139	29.33	15.36
0	1140	29.33	23.02
0	1141	29.32	27.03
0	1142	29.32	20.72
0	1143	29.32	25.52
0	1144	29.32	27.78
0	1145	29.32	28.1
0	1146	29.31	19.6
0	1147	29.3	26.3
0	1148	29.3	26.55
0	1149	29.3	27.76
0	1150	29.3	19.06
0	1151	29.3	25.92
0	1152	29.29	22.05
0	1153	29.29	28.33
0	1154	29.27	27.56
0	1155	29.26	15.46
0	1156	29.26	13.8
0	1157	29.26	25.84
0	1158	29.26	27.7
0	1159	29.25	19.83
0	1160	29.25	20.52
0	1161	29.25	27.55
0	1162	29.24	25.09
0	1163	29.24	29.2
0	1164	29.24	28.94
0	1165	29.23	27.63
0	1166	29.23	26.46
0	1167	29.23	26.75
0	1168	29.22	29.21
0	1169	29.22	28.93
0	1170	29.22	23.22
0	1171	29.22	24.7
0	1172	29.22	14.68
0	1173	29.22	25.73
0	1174	29.22	24.54
0	1175	29.21	24.55
0	1176	29.21	20.19
0	1177	29.21	28.29
0	1178	29.2	27.86
0	1179	29.19	27.38
0	1180	29.19	17.96
0	1181	29.18	21.48
0	1182	29.18	5.33
0	1183	29.18	27.39
0	1184	29.17	27.31
0	1185	29.17	26.24
0	1186	29.17	27.64
0	1187	29.17	28.27
0	1188	29.17	16.53
0	1189	29.16	24.72
0	1190	29.16	19.18
0	1191	29.16	23.64
0	1192	29.16	25.99
0	1193	29.16	22.29
0	1194	29.15	23.96
0	1195	29.14	26.53
0	1196	29.14	28.49
0	1197	29.14	25.04
0	1198	29.13	22.56
0	1199	29.13	13.97
0	1200	29.13	23.57
0	1201	29.12	19.37
0	1202	29.11	20.82
0	1203	29.11	16.83
0	1204	29.11	26.82
0	1205	29.1	24.48
0	1206	29.09	26.84
0	1207	29.09	28.04
0	1208	29.09	26.29
0	1209	29.09	19.28
0	1210	29.08	17.74
0	1211	29.08	27.97
0	1212	29.08	27.24
0	1213	29.08	28.58
0	1214	29.07	24.85
0	1215	29.07	28.44
0	1216	29.07	22.11
0	1217	29.07	20.87
0	1218	29.07	21.44
0	1219	29.06	20.8
0	1220	29.06	26.89
0	1221	29.06	18.85
0	1222	29.05	25.09
0	1223	29.05	23.92
0	1224	29.04	28.92
0	1225	29.04	17.32
0	1226	29.04	26.95
0	1227	29.04	26.78
0	1228	29.04	26.13
0	1229	29.03	25.98
0	1230	29.02	25.74
0	1231	29.01	14.81
0	1232	29.01	25.32
0	1233	29.01	26.47
0	1234	29.01	16.21
0	1235	29.01	28.29
0	1236	29.0	23.27
0	1237	29.0	23.61
0	1238	28.99	12.98
0	1239	28.98	24.2
0	1240	28.98	25.69
0	1241	28.98	28.59
0	1242	28.97	27.11
0	1243	28.97	28.52
0	1244	28.97	23.06
0	1245	28.97	28.42
0	1246	28.96	28.78
0	1247	28.96	26.47
0	1248	28.96	15.27
0	1249	28.96	24.86
0	1250	28.95	26.42
0	1251	28.95	27.64
0	1252	28.95	26.66
0	1253	28.93	21.28
0	1254	28.92	26.61
0	1255	28.92	27.47
0	1256	28.92	25.5
0	1257	28.92	23.98
0	1258	28.92	28.42
0	1259	28.91	28.79
0	1260	28.91	26.71
0	1261	28.91	25.27
0	1262	28.9	28.03
0	1263	28.9	28.23
0	1264	28.9	28.6
0	1265	28.9	13.94
0	1266	28.9	26.25
0	1267	28.9	26.62
0	1268	28.89	23.51
0	1269	28.89	27.13
0	1270	28.89	25.96
0	1271	28.89	28.27
0	1272	28.89	26.23
0	1273	28.88	27.81
0	1274	28.88	25.55
0	1275	28.87	13.93
0	1276	28.87	24.93
0	1277	28.87	14.55
0	1278	28.87	28.74
0	1279	28.87	27.72
0	1280	28.87	26.83
0	1281	28.86	23.97
0	1282	28.85	26.25
0	1283	28.84	23.97
0	1284	28.84	26.41
0	1285	28.84	26.34
0	1286	28.84	22.83
0	1287	28.83	19.9
0	1288	28.83	27.54
0	1289	28.83	28.37
0	1290	28.83	24.34
0	1291	28.83	27.01
0	1292	28.82	19.09
0	1293	28.82	14.58
0	1294	28.81	22.0
0	1295	28.81	25.0
0	1296	28.81	25.4
0	1297	28.8	27.37
0	1298	28.8	27.48
0	1299	28.8	25.34
0	1300	28.8	24.98
0	1301	28.79	28.65
0	1302	28.79	24.65
0	1303	28.78	26.11
0	1304	28.78	24.98
0	1305	28.78	26.82
0	1306	28.77	24.92
0	1307	28.77	28.49
0	1308	28.77	24.72
0	1309	28.77	25.27
0	1310	28.77	16.79
0	1311	28.77	23.57
0	1312	28.76	27.16
0	1313	28.76	26.07
0	1314	28.76	17.63
0	1315	28.76	17.52
0	1316	28.75	28.5
0	1317	28.75	26.5
0	1318	28.74	23.04
0	1319	28.73	26.36
0	1320	28.72	27.82
0	1321	28.71	5.33
0	1322	28.71	16.15
0	1323	28.71	24.0
0	1324	28.71	25.18
0	1325	28.71	28.61
0	1326	28.71	22.79
0	1327	28.7	26.78
0	1328	28.69	26.13
0	1329	28.69	23.52
0	1330	28.69	18.19
0	1331	28.68	5.33
0	1332	28.68	24.2
0	1333	28.68	18.48
0	1334	28.68	19.88
0	1335	28.68	23.23
0	1336	28.68	19.4
0	1337	28.68	27.05
0	1338	28.67	27.98
0	1339	28.67	21.96
0	1340	28.67	19.62
0	1341	28.67	27.15
0	1342	28.66	24.16
0	1343	28.66	25.62
0	1344	28.66	23.78
0	1345	28.66	17.56
0	1346	28.66	28.54
0	1347	28.66	18.82
0	1348	28.65	19.6
0	1349	28.65	27.32
0	1350	28.65	28.16
0	1351	28.64	28.21
0	1352	28.64	22.77
0	1353	28.63	26.43
0	1354	28.63	27.55
0	1355	28.63	26.1
0	1356	28.62	27.55
0	1357	28.62	26.73
0	1358	28.62	13.64
0	1359	28.62	18.66
0	1360	28.62	12.63
0	1361	28.61	11.6
0	1362	28.61	17.4
0	1363	28.61	24.66
0	1364	28.6	25.07
0	1365	28.6	25.9
0	1366	28.6	21.1
0	1367	28.6	28.24
0	1368	28.59	24.25
0	1369	28.59	27.2
0	1370	28.59	25.13
0	1371	28.59	22.99
0	1372	28.58	26.96
0	1373	28.57	5.33
0	1374	28.57	25.66
0	1375	28.57	21.53
0	1376	28.56	11.72
0	1377	28.56	26.03
0	1378	28.55	27.06
0	1379	28.55	25.66
0	1380	28.55	25.79
0	1381	28.54	26.16
0	1382	28.54	25.19
0	1383	28.54	23.26
0	1384	28.54	16.05
0	1385	28.54	20.07
0	1386	28.54	27.81
0	1387	28.53	27.17
0	1388	28.53	20.2
0	1389	28.53	25.16
0	1390	28.53	17.22
0	1391	28.53	23.87
0	1392	28.52	27.82
0	1393	28.52	23.82
0	1394	28.51	28.01
0	1395	28.51	21.63
0	1396	28.5	26.63
0	1397	28.5	24.58
0	1398	28.5	25.75
0	1399	28.5	25.42
0	1400	28.5	17.29
0	1401	28.48	22.02
0	1402	28.48	23.08
0	1403	28.48	27.24
0	1404	28.48	24.69
0	1405	28.47	18.65
0	1406	28.47	18.67
0	1407	28.47	16.38
0	1408	28.47	27.9
0	1409	28.47	22.43
0	1410	28.46	23.76
0	1411	28.45	26.25
0	1412	28.45	24.84
0	1413	28.44	27.19
0	1414	28.44	26.91
0	1415	28.43	20.42
0	1416	28.43	26.3
0	1417	28.43	27.52
0	1418	28.42	24.19
0	1419	28.42	28.26
0	1420	28.42	27.32
0	1421	28.41	5.33
0	1422	28.41	23.27
0	1423	28.41	25.3
0	1424	28.41	18.91
0	1425	28.4	24.83
0	1426	28.4	27.38
0	1427	28.4	24.36
0	1428	28.39	26.65
0	1429	28.39	20.85
0	1430	28.39	26.72
0	1431	28.38	28.24
0	1432	28.38	27.49
0	1433	28.38	28.29
0	1434	28.37	21.75
0	1435	28.36	23.61
0	1436	28.36	16.96
0	1437	28.35	12.42
0	1438	28.34	27.46
0	1439	28.34	26.38
0	1440	28.34	21.22
0	1441	28.34	28.17
0	1442	28.34	21.14
0	1443	28.33	27.56
0	1444	28.33	26.29
0	1445	28.33	12.73
0	1446	28.32	26.68
0	1447	28.32	10.11
0	1448	28.31	26.44
0	1449	28.31	20.11
0	1450	28.31	28.26
0	1451	28.31	27.23
0	1452	28.31	26.44
0	1453	28.3	5.33
0	1454	28.29	24.61
0	1455	28.29	27.43
0	1456	28.29	19.78
0	1457	28.29	19.39
0	1458	28.28	19.91
0	1459	28.28	26.42
0	1460	28.28	28.26
0	1461	28.28	25.9
0	1462	28.28	22.76
0	1463	28.27	26.9
0	1464	28.27	26.33
0	1465	28.27	26.77
0	1466	28.27	14.34
0	1467	28.27	20.04
0	1468	28.27	27.14
0	1469	28.27	25.98
0	1470	28.26	24.04
0	1471	28.26	23.31
0	1472	28.26	27.39
0	1473	28.26	27.49
0	1474	28.26	23.25
0	1475	28.25	22.98
0	1476	28.24	20.94
0	1477	28.24	15.64
0	1478	28.24	28.0
0	1479	28.23	27.04
0	1480	28.23	23.5
0	1481	28.23	24.96
0	1482	28.23	17.28
0	1483	28.22	24.23
0	1484	28.21	25.14
0	1485	28.21	6.41
0	1486	28.21	26.71
0	1487	28.2	26.76
0	1488	28.2	27.01
0	1489	28.2	20.54
0	1490	28.2	21.78
0	1491	28.2	26.7
0	1492	28.19	5.33
0	1493	28.19	24.11
0	1494	28.19	27.53
0	1495	28.19	26.75
0	1496	28.19	20.29
0	1497	28.18	27.51
0	1498	28.18	27.68
0	1499	28.18	28.12
0	1500	28.18	23.17
0	1501	28.18	23.06
0	1502	28.18	26.83
0	1503	28.18	27.44
0	1504	28.17	10.94
0	1505	28.17	27.63
0	1506	28.17	22.72
0	1507	28.16	24.74
0	1508	28.16	24.27
0	1509	28.16	27.7
0	1510	28.16	26.37
0	1511	28.16	26.57
0	1512	28.16	25.38
0	1513	28.16	26.2
0	1514	28.16	27.0
0	1515	28.16	23.49
0	1516	28.16	27.45
0	1517	28.15	22.84
0	1518	28.15	20.94
0	1519	28.15	26.44
0	1520	28.15	22.31
0	1521	28.15	24.51
0	1522	28.14	25.87
0	1523	28.14	21.37
0	1524	28.14	14.32
0	1525	28.14	26.2
0	1526	28.14	10.95
0	1527	28.14	27.55
0	1528	28.14	18.67
0	1529	28.14	27.23
0	1530	28.13	23.56
0	1531	28.13	26.52
0	1532	28.13	26.27
0	1533	28.12	24.44
0	1534	28.12	10.73
0	1535	28.12	14.7
0	1536	28.12	22.83
0	1537	28.12	25.66
0	1538	28.12	19.61
0	1539	28.12	19.27
0	1540	28.11	15.98
0	1541	28.11	26.39
0	1542	28.11	26.6
0	1543	28.1	23.7
0	1544	28.1	24.42
0	1545	28.1	23.02
0	1546	28.09	22.44
0	1547	28.09	9.61
0	1548	28.09	25.31
0	1549	28.09	27.21
0	1550	28.08	23.49
0	1551	28.08	16.11
0	1552	28.07	24.39
0	1553	28.07	21.57
0	1554	28.07	26.79
0	1555	28.07	5.33
0	1556	28.07	23.28
0	1557	28.07	25.4
0	1558	28.07	25.8
0	1559	28.06	26.86
0	1560	28.06	20.99
0	1561	28.06	23.37
0	1562	28.06	24.88
0	1563	28.06	21.96
0	1564	28.05	27.79
0	1565	28.05	26.4
0	1566	28.05	24.9
0	1567	28.04	25.03
0	1568	28.03	23.53
0	1569	28.03	14.39
0	1570	28.02	26.43
0	1571	28.02	5.33
0	1572	28.02	21.69
0	1573	28.02	25.73
0	1574	28.01	27.63
0	1575	28.01	20.89
0	1576	28.01	28.0
0	1577	28.01	21.81
0	1578	28.01	25.04
0	1579	28.0	20.69
0	1580	28.0	26.71
0	1581	28.0	22.7
0	1582	28.0	27.69
0	1583	27.99	23.71
0	1584	27.99	23.91
0	1585	27.99	24.55
0	1586	27.99	27.15
0	1587	27.99	23.76
0	1588	27.99	24.65
0	1589	27.98	25.04
0	1590	27.98	27.86
0	1591	27.98	17.61
0	1592	27.98	25.49
0	1593	27.98	24.17
0	1594	27.98	23.77
0	1595	27.97	22.91
0	1596	27.97	27.58
0	1597	27.97	27.04
0	1598	27.97	26.37
0	1599	27.96	25.46
0	1600	27.96	24.05
0	1601	27.96	21.82
0	1602	27.95	24.9
0	1603	27.95	27.76
0	1604	27.95	17.96
0	1605	27.95	27.11
0	1606	27.94	23.54
0	1607	27.94	25.7
0	1608	27.94	26.4
0	1609	27.94	25.82
0	1610	27.94	27.8
0	1611	27.93	26.09
0	1612	27.93	22.75
0	1613	27.92	24.05
0	1614	27.91	19.66
0	1615	27.91	16.37
0	1616	27.91	27.43
0	1617	27.91	26.07
0	1618	27.9	22.26
0	1619	27.9	27.07
0	1620	27.9	24.49
0	1621	27.9	24.9
0	1622	27.89	5.33
0	1623	27.89	15.56
0	1624	27.89	27.34
0	1625	27.89	24.28
0	1626	27.88	24.6
0	1627	27.88	27.11
0	1628	27.88	26.27
0	1629	27.88	24.47
0	1630	27.88	25.47
0	1631	27.87	24.14
0	1632	27.87	21.21
0	1633	27.87	13.69
0	1634	27.87	17.77
0	1635	27.86	26.15
0	1636	27.86	5.33
0	1637	27.86	22.94
0	1638	27.86	23.52
0	1639	27.85	21.52
0	1640	27.85	27.02
0	1641	27.85	23.23
0	1642	27.85	22.79
0	1643	27.85	25.31
0	1644	27.85	27.21
0	1645	27.85	25.04
0	1646	27.84	22.87
0	1647	27.84	19.8
0	1648	27.84	26.47
0	1649	27.84	21.62
0	1650	27.84	23.12
0	1651	27.84	24.81
0	1652	27.84	21.35
0	1653	27.84	25.57
0	1654	27.84	23.04
0	1655	27.83	22.78
0	1656	27.83	25.72
0	1657	27.83	16.0
0	1658	27.83	26.15
0	1659	27.83	17.97
0	1660	27.82	26.25
0	1661	27.82	21.92
0	1662	27.82	26.74
0	1663	27.82	9.26
0	1664	27.81	25.35
0	1665	27.81	26.96
0	1666	27.81	19.77
0	1667	27.81	25.57
0	1668	27.81	13.41
0	1669	27.81	23.17
0	1670	27.81	23.45
0	1671	27.81	27.01
0	1672	27.8	24.83
0	1673	27.8	19.91
0	1674	27.8	18.93
0	1675	27.8	24.3
0	1676	27.8	21.5
0	1677	27.8	25.98
0	1678	27.8	22.29
0	1679	27.79	26.43
0	1680	27.79	27.63
0	1681	27.79	23.61
0	1682	27.79	23.71
0	1683	27.78	18.09
0	1684	27.77	24.86
0	1685	27.77	24.59
0	1686	27.77	24.57
0	1687	27.77	19.3
0	1688	27.76	16.42
0	1689	27.76	27.73
0	1690	27.76	25.01
0	1691	27.76	24.45
0	1692	27.76	25.04
0	1693	27.75	12.93
0	1694	27.75	27.33
0	1695	27.75	23.95
0	1696	27.74	25.87
0	1697	27.74	24.91
0	1698	27.74	25.46
0	1699	27.73	26.92
0	1700	27.73	23.36
0	1701	27.72	22.15
0	1702	27.72	27.7
0	1703	27.71	24.94
0	1704	27.71	26.61
0	1705	27.71	24.57
0	1706	27.7	26.49
0	1707	27.7	14.93
0	1708	27.7	23.12
0	1709	27.7	20.29
0	1710	27.7	25.96
0	1711	27.69	27.08
0	1712	27.67	22.12
0	1713	27.67	12.16
0	1714	27.67	26.5
0	1715	27.67	25.79
0	1716	27.67	13.1
0	1717	27.67	23.46
0	1718	27.67	20.28
0	1719	27.67	26.27
0	1720	27.66	22.76
0	1721	27.66	25.47
0	1722	27.66	25.6
0	1723	27.66	23.28
0	1724	27.66	26.34
0	1725	27.65	5.33
0	1726	27.65	27.57
0	1727	27.65	24.37
0	1728	27.65	26.74
0	1729	27.65	12.1
0	1730	27.65	25.86
0	1731	27.65	24.01
0	1732	27.65	19.19
0	1733	27.64	26.2
0	1734	27.64	22.17
0	1735	27.64	22.87
0	1736	27.64	26.51
0	1737	27.64	20.49
0	1738	27.64	24.86
0	1739	27.64	25.96
0	1740	27.63	27.01
0	1741	27.63	26.95
0	1742	27.63	23.04
0	1743	27.62	23.28
0	1744	27.62	18.67
0	1745	27.62	26.38
0	1746	27.62	9.36
0	1747	27.61	23.94
0	1748	27.61	26.44
0	1749	27.61	18.17
0	1750	27.6	14.92
0	1751	27.6	26.23
0	1752	27.6	26.46
0	1753	27.6	22.75
0	1754	27.6	27.23
0	1755	27.6	11.39
0	1756	27.6	11.12
0	1757	27.59	25.03
0	1758	27.59	16.33
0	1759	27.59	27.01
0	1760	27.59	9.47
0	1761	27.59	6.24
0	1762	27.58	27.51
0	1763	27.58	22.16
0	1764	27.58	23.86
0	1765	27.57	5.33
0	1766	27.57	26.9
0	1767	27.57	20.33
0	1768	27.57	19.48
0	1769	27.56	14.82
0	1770	27.56	19.08
0	1771	27.55	23.49
0	1772	27.55	23.75
0	1773	27.55	24.44
0	1774	27.55	17.57
0	1775	27.55	24.01
0	1776	27.55	19.84
0	1777	27.55	22.24
0	1778	27.54	26.4
0	1779	27.54	26.37
0	1780	27.54	24.35
0	1781	27.53	25.92
0	1782	27.53	19.61
0	1783	27.53	25.51
0	1784	27.53	19.48
0	1785	27.52	22.92
0	1786	27.52	24.26
0	1787	27.52	21.11
0	1788	27.52	27.51
0	1789	27.52	26.9
0	1790	27.52	21.77
0	1791	27.52	27.34
0	1792	27.52	24.64
0	1793	27.52	26.85
0	1794	27.51	26.6
0	1795	27.51	26.63
0	1796	27.51	25.37
0	1797	27.51	19.48
0	1798	27.51	26.29
0	1799	27.5	6.41
0	1800	27.5	13.57
0	1801	27.49	23.19
0	1802	27.49	20.85
0	1803	27.49	24.63
0	1804	27.48	19.3
0	1805	27.48	27.47
0	1806	27.48	22.28
0	1807	27.48	20.17
0	1808	27.48	23.29
0	1809	27.48	27.26
0	1810	27.47	18.31
0	1811	27.47	15.57
0	1812	27.46	23.11
0	1813	27.46	25.92
0	1814	27.46	27.28
0	1815	27.46	23.45
0	1816	27.46	21.89
0	1817	27.46	24.66
0	1818	27.45	25.62
0	1819	27.45	25.37
0	1820	27.45	25.72
0	1821	27.45	21.81
0	1822	27.44	25.4
0	1823	27.44	12.48
0	1824	27.44	25.46
0	1825	27.44	25.86
0	1826	27.44	24.13
0	1827	27.44	19.24
0	1828	27.44	25.28
0	1829	27.44	21.11
0	1830	27.43	20.58
0	1831	27.43	26.29
0	1832	27.43	19.37
0	1833	27.42	25.66
0	1834	27.42	15.55
0	1835	27.41	25.4
0	1836	27.41	26.62
0	1837	27.41	25.49
0	1838	27.41	17.97
0	1839	27.4	24.24
0	1840	27.4	26.51
0	1841	27.4	25.49
0	1842	27.4	13.61
0	1843	27.4	27.15
0	1844	27.4	24.77
0	1845	27.4	25.62
0	1846	27.39	7.08
0	1847	27.39	24.16
0	1848	27.39	24.88
0	1849	27.39	19.26
0	1850	27.39	21.19
0	1851	27.38	23.26
0	1852	27.38	17.41
0	1853	27.38	27.36
0	1854	27.37	27.09
0	1855	27.37	17.86
0	1856	27.37	25.65
0	1857	27.37	25.9
0	1858	27.37	21.08
0	1859	27.37	26.76
0	1860	27.36	26.11
0	1861	27.36	26.6
0	1862	27.36	26.27
0	1863	27.36	23.8
0	1864	27.35	26.58
0	1865	27.35	13.25
0	1866	27.35	11.09
0	1867	27.35	18.04
0	1868	27.35	18.86
0	1869	27.35	22.82
0	1870	27.34	5.33
0	1871	27.34	24.68
0	1872	27.33	26.57
0	1873	27.33	24.77
0	1874	27.33	22.62
0	1875	27.33	17.08
0	1876	27.32	24.26
0	1877	27.32	22.6
0	1878	27.32	24.13
0	1879	27.32	25.39
0	1880	27.32	21.89
0	1881	27.31	23.36
0	1882	27.31	25.1
0	1883	27.31	24.0
0	1884	27.31	23.55
0	1885	27.3	20.76
0	1886	27.3	26.76
0	1887	27.3	15.98
0	1888	27.3	26.58
0	1889	27.3	27.03
0	1890	27.3	24.82
0	1891	27.3	23.39
0	1892	27.3	14.27
0	1893	27.3	23.57
0	1894	27.3	13.8
0	1895	27.29	25.07
0	1896	27.29	27.27
0	1897	27.29	26.3
0	1898	27.28	16.25
0	1899	27.28	24.12
0	1900	27.28	26.26
0	1901	27.28	16.2
0	1902	27.28	26.21
0	1903	27.28	17.36
0	1904	27.28	12.2
0	1905	27.27	26.11
0	1906	27.27	22.09
0	1907	27.27	10.86
0	1908	27.26	22.68
0	1909	27.26	13.01
0	1910	27.26	26.66
0	1911	27.26	25.65
0	1912	27.26	18.24
0	1913	27.26	25.81
0	1914	27.26	27.21
0	1915	27.25	8.64
0	1916	27.25	7.93
0	1917	27.25	26.06
0	1918	27.25	19.67
0	1919	27.25	23.18
0	1920	27.25	25.72
0	1921	27.25	16.77
0	1922	27.25	19.01
0	1923	27.23	26.52
0	1924	27.23	26.29
0	1925	27.23	25.37
0	1926	27.23	26.49
0	1927	27.22	21.68
0	1928	27.22	21.76
0	1929	27.22	20.12
0	1930	27.21	22.82
0	1931	27.21	19.72
0	1932	27.21	25.58
0	1933	27.21	23.84
0	1934	27.21	20.81
0	1935	27.21	25.14
0	1936	27.21	21.98
0	1937	27.21	21.5
0	1938	27.2	25.96
0	1939	27.2	17.96
0	1940	27.2	24.12
0	1941	27.2	26.21
0	1942	27.2	26.86
0	1943	27.2	26.9
0	1944	27.2	23.8
0	1945	27.19	25.69
0	1946	27.19	20.15
0	1947	27.19	21.93
0	1948	27.19	26.59
0	1949	27.18	24.66
0	1950	27.18	12.36
0	1951	27.18	24.29
0	1952	27.18	26.93
0	1953	27.18	10.5
0	1954	27.18	18.85
0	1955	27.17	24.85
0	1956	27.17	23.77
0	1957	27.17	6.79
0	1958	27.17	17.32
0	1959	27.17	22.04
0	1960	27.16	11.72
0	1961	27.16	14.59
0	1962	27.15	26.23
0	1963	27.15	25.57
0	1964	27.15	25.59
0	1965	27.14	26.55
0	1966	27.14	24.12
0	1967	27.14	24.3
0	1968	27.14	26.51
0	1969	27.13	23.99
0	1970	27.13	22.69
0	1971	27.13	25.66
0	1972	27.13	26.65
0	1973	27.12	24.45
0	1974	27.12	25.53
0	1975	27.12	23.14
0	1976	27.12	26.59
0	1977	27.12	26.6
0	1978	27.12	15.82
0	1979	27.12	5.33
0	1980	27.11	21.85
0	1981	27.11	20.6
0	1982	27.11	18.67
0	1983	27.11	26.3
0	1984	27.11	13.53
0	1985	27.1	23.15
0	1986	27.1	25.92
0	1987	27.1	11.69
0	1988	27.1	16.25
0	1989	27.1	19.91
0	1990	27.09	18.21
0	1991	27.09	12.63
0	1992	27.09	26.08
0	1993	27.09	26.26
0	1994	27.09	19.13
0	1995	27.08	24.08
0	1996	27.08	26.46
0	1997	27.08	26.86
0	1998	27.08	23.85
0	1999	27.07	25.4
0	2000	27.07	24.51
0	2001	27.07	15.13
0	2002	27.07	23.4
0	2003	27.07	7.73
0	2004	27.07	26.61
0	2005	27.06	26.72
0	2006	27.06	12.86
0	2007	27.06	24.93
0	2008	27.06	25.78
0	2009	27.06	25.67
0	2010	27.05	18.58
0	2011	27.05	23.74
0	2012	27.05	17.78
0	2013	27.05	24.82
0	2014	27.04	23.35
0	2015	27.04	12.59
0	2016	27.04	22.01
0	2017	27.04	18.97
0	2018	27.04	22.08
0	2019	27.03	21.95
0	2020	27.03	24.51
0	2021	27.03	25.83
0	2022	27.03	21.69
0	2023	27.03	18.11
0	2024	27.02	21.2
0	2025	27.02	24.11
0	2026	27.02	24.88
0	2027	27.02	23.39
0	2028	27.02	22.87
0	2029	27.01	15.97
0	2030	27.01	21.63
0	2031	27.01	27.01
0	2032	27.01	22.72
0	2033	27.01	25.01
0	2034	27.01	19.19
0	2035	27.0	24.33
0	2036	27.0	24.88
0	2037	27.0	20.85
0	2038	27.0	5.33
0	2039	27.0	25.87
0	2040	27.0	22.39
0	2041	27.0	18.17
0	2042	27.0	24.57
0	2043	26.99	25.88
0	2044	26.99	25.47
0	2045	26.99	23.27
0	2046	26.99	23.68
0	2047	26.99	24.46
0	2048	26.98	23.53
0	2049	26.98	25.01
0	2050	26.98	15.42
0	2051	26.98	19.1
0	2052	26.98	25.71
0	2053	26.97	23.34
0	2054	26.97	20.29
0	2055	26.97	17.31
0	2056	26.97	24.36
0	2057	26.97	26.91
0	2058	26.97	21.67
0	2059	26.96	20.01
0	2060	26.96	26.37
0	2061	26.96	24.7
0	2062	26.96	25.32
0	2063	26.96	21.5
0	2064	26.96	19.52
0	2065	26.95	19.19
0	2066	26.95	15.08
0	2067	26.95	14.46
0	2068	26.95	22.82
0	2069	26.94	24.96
0	2070	26.94	26.47
0	2071	26.94	16.06
0	2072	26.94	21.43
0	2073	26.94	20.89
0	2074	26.94	20.65
0	2075	26.93	22.84
0	2076	26.93	17.07
0	2077	26.93	17.77
0	2078	26.93	24.12
0	2079	26.93	23.79
0	2080	26.93	26.57
0	2081	26.92	24.89
0	2082	26.92	26.71
0	2083	26.92	24.19
0	2084	26.92	21.68
0	2085	26.92	5.33
0	2086	26.92	25.46
0	2087	26.92	23.36
0	2088	26.91	24.31
0	2089	26.91	23.06
0	2090	26.91	15.65
0	2091	26.91	17.66
0	2092	26.91	24.62
0	2093	26.9	16.32
0	2094	26.9	16.88
0	2095	26.9	26.73
0	2096	26.9	26.53
0	2097	26.9	26.9
0	2098	26.9	23.93
0	2099	26.9	23.5
0	2100	26.89	15.74
0	2101	26.89	23.28
0	2102	26.88	19.13
0	2103	26.88	26.79
0	2104	26.88	23.65
0	2105	26.88	26.56
0	2106	26.88	25.37
0	2107	26.87	23.45
0	2108	26.86	23.76
0	2109	26.86	23.7
0	2110	26.86	23.17
0	2111	26.86	15.62
0	2112	26.85	13.46
0	2113	26.85	26.47
0	2114	26.85	23.98
0	2115	26.85	16.2
0	2116	26.85	26.3
0	2117	26.85	19.62
0	2118	26.85	21.75
0	2119	26.84	22.93
0	2120	26.84	21.97
0	2121	26.84	21.52
0	2122	26.84	24.83
0	2123	26.84	9.99
0	2124	26.84	22.86
0	2125	26.84	24.21
0	2126	26.84	23.55
0	2127	26.83	26.26
0	2128	26.83	26.07
0	2129	26.83	23.09
0	2130	26.83	23.37
0	2131	26.83	23.49
0	2132	26.83	24.12
0	2133	26.83	22.54
0	2134	26.82	21.15
0	2135	26.82	15.02
0	2136	26.82	26.63
0	2137	26.82	24.22
0	2138	26.82	18.07
0	2139	26.81	9.66
0	2140	26.81	11.98
0	2141	26.81	25.96
0	2142	26.81	18.97
0	2143	26.81	24.47
0	2144	26.81	24.32
0	2145	26.81	25.27
0	2146	26.8	5.33
0	2147	26.8	26.05
0	2148	26.8	19.15
0	2149	26.8	15.88
0	2150	26.79	26.77
0	2151	26.79	22.85
0	2152	26.79	26.54
0	2153	26.79	21.64
0	2154	26.78	22.54
0	2155	26.78	20.26
0	2156	26.78	12.01
0	2157	26.78	17.42
0	2158	26.78	24.86
0	2159	26.78	22.97
0	2160	26.77	20.13
0	2161	26.77	20.92
0	2162	26.77	22.05
0	2163	26.76	17.87
0	2164	26.76	26.14
0	2165	26.76	14.53
0	2166	26.75	20.26
0	2167	26.75	23.89
0	2168	26.75	21.7
0	2169	26.75	26.16
0	2170	26.74	23.37
0	2171	26.74	25.87
0	2172	26.74	24.63
0	2173	26.74	19.72
0	2174	26.74	22.82
0	2175	26.74	17.33
0	2176	26.74	23.26
0	2177	26.74	21.18
0	2178	26.74	21.93
0	2179	26.74	22.09
0	2180	26.73	22.7
0	2181	26.73	24.06
0	2182	26.73	20.34
0	2183	26.73	25.54
0	2184	26.73	26.26
0	2185	26.73	18.82
0	2186	26.73	25.48
0	2187	26.72	25.42
0	2188	26.72	22.81
0	2189	26.72	22.48
0	2190	26.72	25.14
0	2191	26.72	24.57
0	2192	26.71	25.34
0	2193	26.71	22.53
0	2194	26.71	14.55
0	2195	26.71	21.44
0	2196	26.71	20.35
0	2197	26.7	18.6
0	2198	26.7	15.09
0	2199	26.7	24.27
0	2200	26.7	26.01
0	2201	26.7	20.36
0	2202	26.7	23.11
0	2203	26.7	26.52
0	2204	26.7	24.99
0	2205	26.7	21.42
