clade	species	ts	te
0	1	100.0	95.54
0	2	96.27	92.38
0	3	93.11	73.66
0	4	78.57	28.01
0	5	76.55	52.28
0	6	75.8	62.41
0	7	74.75	65.34
0	8	74.7	20.38
0	9	73.69	66.41
0	10	71.31	70.74
0	11	71.03	70.48
0	12	69.34	56.9
0	13	68.2	46.09
0	14	68.19	37.88
0	15	68.15	51.2
0	16	67.63	53.75
0	17	66.93	61.63
0	18	66.69	66.6
0	19	66.22	58.67
0	20	65.56	41.63
0	21	65.0	42.41
0	22	64.97	62.95
0	23	64.21	57.97
0	24	63.95	52.0
0	25	61.96	38.62
0	26	61.63	52.46
0	27	61.17	44.31
0	28	60.74	58.0
0	29	60.49	54.33
0	30	60.27	56.88
0	31	58.7	53.62
0	32	58.52	52.23
0	33	58.46	55.96
0	34	58.32	57.62
0	35	57.23	53.58
0	36	57.22	45.94
0	37	56.76	44.25
0	38	56.67	53.56
0	39	54.72	53.07
0	40	54.5	42.07
0	41	54.28	38.34
0	42	53.94	46.84
0	43	53.83	40.13
0	44	53.12	51.43
0	45	53.07	51.03
0	46	52.96	51.26
0	47	52.57	30.41
0	48	52.1	0.0
0	49	51.56	48.38
0	50	51.17	46.66
0	51	50.9	43.62
0	52	50.83	48.99
0	53	50.38	49.38
0	54	50.1	49.91
0	55	49.76	47.85
0	56	49.47	34.69
0	57	49.47	41.06
0	58	48.62	39.56
0	59	48.49	45.12
0	60	48.43	35.46
0	61	48.05	10.01
0	62	47.84	46.81
0	63	47.73	36.78
0	64	47.44	41.6
0	65	47.34	35.16
0	66	47.33	40.36
0	67	46.83	46.73
0	68	46.59	17.15
0	69	46.33	42.71
0	70	45.96	44.25
0	71	45.93	43.98
0	72	45.64	15.27
0	73	45.44	42.57
0	74	45.03	19.69
0	75	44.81	34.12
0	76	44.71	33.58
0	77	44.67	33.3
0	78	44.43	34.69
0	79	44.29	27.9
0	80	44.24	0.0
0	81	44.07	0.0
0	82	43.57	33.97
0	83	43.33	37.39
0	84	43.11	28.28
0	85	43.06	41.2
0	86	42.78	40.8
0	87	42.29	39.79
0	88	42.09	38.39
0	89	41.65	36.59
0	90	41.58	31.74
0	91	41.54	41.17
0	92	41.26	32.33
0	93	40.73	38.9
0	94	40.34	36.48
0	95	40.12	39.66
0	96	40.09	38.52
0	97	39.8	36.58
0	98	39.6	31.87
0	99	39.2	39.11
0	100	39.19	10.82
0	101	39.1	6.21
0	102	39.02	38.77
0	103	39.0	33.71
0	104	38.9	36.37
0	105	38.79	30.78
0	106	38.67	20.67
0	107	38.67	34.64
0	108	38.51	35.03
0	109	38.28	24.13
0	110	38.09	29.77
0	111	38.01	32.59
0	112	37.86	32.53
0	113	37.81	22.12
0	114	37.79	34.94
0	115	37.78	29.82
0	116	37.59	28.07
0	117	37.58	31.92
0	118	37.57	33.98
0	119	37.56	15.58
0	120	37.36	30.21
0	121	37.33	27.14
0	122	37.25	34.08
0	123	36.99	36.96
0	124	36.94	21.2
0	125	36.85	29.22
0	126	36.84	31.62
0	127	36.61	23.29
0	128	36.24	28.13
0	129	36.21	21.08
0	130	36.17	22.9
0	131	36.12	28.76
0	132	35.81	12.98
0	133	35.79	0.0
0	134	35.78	35.75
0	135	35.73	30.11
0	136	35.56	28.28
0	137	35.56	24.77
0	138	35.45	29.88
0	139	35.41	20.33
0	140	35.15	26.63
0	141	35.03	27.68
0	142	35.03	18.44
0	143	34.95	31.6
0	144	34.89	17.71
0	145	34.84	31.84
0	146	34.77	34.7
0	147	34.39	34.13
0	148	34.09	31.11
0	149	34.08	29.05
0	150	33.96	25.92
0	151	33.93	19.55
0	152	33.86	0.0
0	153	33.77	22.91
0	154	33.77	31.93
0	155	33.65	31.94
0	156	33.63	28.0
0	157	33.63	18.59
0	158	33.59	33.54
0	159	33.52	28.43
0	160	33.48	15.07
0	161	33.36	23.31
0	162	33.33	28.33
0	163	33.13	21.97
0	164	33.11	15.68
0	165	33.09	25.67
0	166	32.76	8.19
0	167	32.44	29.73
0	168	32.29	16.49
0	169	32.1	28.59
0	170	32.01	30.34
0	171	31.89	15.76
0	172	31.79	0.0
0	173	31.69	19.9
0	174	31.64	29.05
0	175	31.36	13.13
0	176	31.25	9.6
0	177	31.17	15.87
0	178	31.15	25.7
0	179	31.13	24.68
0	180	31.12	6.34
0	181	31.0	4.58
0	182	30.89	25.81
0	183	30.86	25.08
0	184	30.73	29.35
0	185	30.69	23.87
0	186	30.68	0.0
0	187	30.67	22.63
0	188	30.58	10.95
0	189	30.5	22.13
0	190	30.32	15.13
0	191	30.13	26.54
0	192	30.09	27.8
0	193	30.01	29.65
0	194	29.99	21.66
0	195	29.95	29.6
0	196	29.87	21.9
0	197	29.86	21.12
0	198	29.74	22.3
0	199	29.74	21.86
0	200	29.59	24.58
0	201	29.48	29.17
0	202	29.44	25.77
0	203	29.28	23.18
0	204	29.23	28.15
0	205	29.02	19.03
0	206	29.0	16.94
0	207	28.81	11.88
0	208	28.72	28.32
0	209	28.67	20.02
0	210	28.56	24.43
0	211	28.5	19.55
0	212	28.42	27.16
0	213	28.33	26.84
0	214	28.2	25.94
0	215	28.17	16.9
0	216	28.15	21.09
0	217	28.12	18.47
0	218	28.08	25.24
0	219	27.97	24.27
0	220	27.84	20.65
0	221	27.76	23.01
0	222	27.64	14.59
0	223	27.63	13.34
0	224	27.57	6.49
0	225	27.46	5.38
0	226	27.32	16.18
0	227	27.22	24.7
0	228	27.18	13.51
0	229	27.16	19.77
0	230	26.78	16.66
0	231	26.75	22.97
0	232	26.67	24.94
0	233	26.51	20.2
0	234	26.46	24.22
0	235	26.45	24.88
0	236	26.42	24.21
0	237	26.39	23.19
0	238	26.37	18.29
0	239	26.33	14.88
0	240	26.31	11.16
0	241	26.23	17.47
0	242	26.22	25.34
0	243	26.21	22.94
0	244	26.07	7.79
0	245	25.97	20.76
0	246	25.97	23.07
0	247	25.91	23.17
0	248	25.75	22.23
0	249	25.7	20.69
0	250	25.7	22.48
0	251	25.63	0.0
0	252	25.62	23.91
0	253	25.56	24.62
0	254	25.42	9.49
0	255	25.41	11.53
0	256	25.37	4.08
0	257	25.36	11.07
0	258	25.13	14.78
0	259	24.84	23.21
0	260	24.82	3.91
0	261	24.82	24.35
0	262	24.73	0.0
0	263	24.7	23.48
0	264	24.58	11.94
0	265	24.58	16.07
0	266	24.54	20.67
0	267	24.51	8.51
0	268	24.49	9.53
0	269	24.46	19.58
0	270	24.37	0.0
0	271	24.37	0.0
0	272	24.36	10.06
0	273	24.32	0.0
0	274	24.3	15.68
0	275	24.24	0.0
0	276	24.19	17.71
0	277	24.17	7.32
0	278	24.13	22.27
0	279	24.05	19.23
0	280	24.05	16.59
0	281	24.02	10.34
0	282	23.94	22.17
0	283	23.85	20.43
0	284	23.82	0.0
0	285	23.81	12.89
0	286	23.75	15.45
0	287	23.7	0.0
0	288	23.69	13.55
0	289	23.62	20.86
0	290	23.55	14.75
0	291	23.51	0.0
0	292	23.47	16.24
0	293	23.42	15.81
0	294	23.42	5.6
0	295	23.41	3.33
0	296	23.41	0.0
0	297	23.33	14.87
0	298	23.31	17.2
0	299	23.21	15.34
0	300	23.09	18.28
0	301	23.07	21.41
0	302	23.07	22.05
0	303	23.0	0.0
0	304	22.95	16.0
0	305	22.85	9.3
0	306	22.82	13.94
0	307	22.81	11.5
0	308	22.78	20.89
0	309	22.76	20.29
0	310	22.75	19.61
0	311	22.68	22.16
0	312	22.67	20.97
0	313	22.65	13.45
0	314	22.64	14.06
0	315	22.64	20.84
0	316	22.59	9.0
0	317	22.56	20.06
0	318	22.55	15.52
0	319	22.55	21.43
0	320	22.55	21.1
0	321	22.5	19.99
0	322	22.5	22.12
0	323	22.44	19.57
0	324	22.39	18.77
0	325	22.34	6.48
0	326	22.33	8.34
0	327	22.27	9.26
0	328	22.2	6.53
0	329	22.2	19.77
0	330	22.19	18.61
0	331	22.14	14.16
0	332	22.09	16.44
0	333	22.08	0.0
0	334	22.07	17.74
0	335	22.05	20.05
0	336	22.02	15.89
0	337	22.02	12.68
0	338	21.97	11.27
0	339	21.95	21.72
0	340	21.95	18.34
0	341	21.93	17.01
0	342	21.92	14.76
0	343	21.92	19.88
0	344	21.91	2.95
0	345	21.88	13.42
0	346	21.85	21.53
0	347	21.76	13.82
0	348	21.73	14.02
0	349	21.71	20.02
0	350	21.67	0.46
0	351	21.58	6.7
0	352	21.58	10.95
0	353	21.49	20.51
0	354	21.41	10.39
0	355	21.21	3.26
0	356	21.18	21.14
0	357	21.17	10.59
0	358	21.14	9.71
0	359	21.09	9.89
0	360	21.06	19.29
0	361	21.01	15.4
0	362	21.0	8.81
0	363	20.99	13.84
0	364	20.97	6.42
0	365	20.94	19.07
0	366	20.92	11.05
0	367	20.82	18.49
0	368	20.75	13.22
0	369	20.73	17.2
0	370	20.7	19.73
0	371	20.66	17.04
0	372	20.65	18.92
0	373	20.62	5.72
0	374	20.59	5.11
0	375	20.52	8.22
0	376	20.5	0.0
0	377	20.47	0.0
0	378	20.45	18.29
0	379	20.44	2.45
0	380	20.42	19.3
0	381	20.42	15.97
0	382	20.36	12.8
0	383	20.28	18.37
0	384	20.26	11.35
0	385	20.25	13.95
0	386	20.21	13.1
0	387	20.19	16.98
0	388	20.19	19.95
0	389	20.18	13.73
0	390	20.17	4.37
0	391	20.11	8.38
0	392	19.96	6.58
0	393	19.94	0.0
0	394	19.94	13.2
0	395	19.9	0.48
0	396	19.89	0.0
0	397	19.86	14.43
0	398	19.86	13.77
0	399	19.84	9.52
0	400	19.83	9.56
0	401	19.82	16.84
0	402	19.78	16.91
0	403	19.73	12.17
0	404	19.7	11.76
0	405	19.7	17.1
0	406	19.68	16.79
0	407	19.68	11.77
0	408	19.68	15.83
0	409	19.67	14.04
0	410	19.67	6.56
0	411	19.62	11.11
0	412	19.52	12.1
0	413	19.47	0.0
0	414	19.44	7.52
0	415	19.42	15.48
0	416	19.39	0.2
0	417	19.31	18.39
0	418	19.27	19.2
0	419	19.23	18.54
0	420	19.15	14.2
0	421	19.15	0.0
0	422	19.13	5.5
0	423	19.08	15.16
0	424	19.02	4.64
0	425	18.93	0.0
0	426	18.91	12.52
0	427	18.9	18.11
0	428	18.89	11.83
0	429	18.87	0.0
0	430	18.84	0.0
0	431	18.79	16.27
0	432	18.76	11.38
0	433	18.7	12.08
0	434	18.69	17.79
0	435	18.68	8.59
0	436	18.65	12.24
0	437	18.64	16.67
0	438	18.63	0.0
0	439	18.62	10.8
0	440	18.61	0.0
0	441	18.57	16.15
0	442	18.51	16.09
0	443	18.49	12.48
0	444	18.48	14.34
0	445	18.37	0.0
0	446	18.36	17.18
0	447	18.34	13.17
0	448	18.33	5.73
0	449	18.27	17.11
0	450	18.23	7.49
0	451	18.21	13.16
0	452	18.2	17.27
0	453	18.2	12.53
0	454	18.19	12.02
0	455	18.16	10.48
0	456	18.12	10.4
0	457	18.12	16.08
0	458	18.08	4.72
0	459	18.06	14.68
0	460	18.06	16.76
0	461	18.06	16.23
0	462	18.05	17.75
0	463	18.0	9.34
0	464	18.0	15.61
0	465	17.99	14.38
0	466	17.93	0.0
0	467	17.91	0.0
0	468	17.9	17.13
0	469	17.83	8.25
0	470	17.74	5.32
0	471	17.71	13.55
0	472	17.62	15.47
0	473	17.53	1.9
0	474	17.52	3.32
0	475	17.51	5.99
0	476	17.51	0.7
0	477	17.46	0.0
0	478	17.44	7.23
0	479	17.41	16.07
0	480	17.39	11.37
0	481	17.35	3.25
0	482	17.35	6.11
0	483	17.33	6.05
0	484	17.25	7.87
0	485	17.25	12.11
0	486	17.22	2.95
0	487	17.21	4.83
0	488	17.16	1.22
0	489	17.16	0.0
0	490	17.14	1.24
0	491	17.13	16.51
0	492	17.11	7.43
0	493	17.07	16.05
0	494	17.07	0.0
0	495	17.07	6.7
0	496	17.05	13.53
0	497	17.04	12.42
0	498	17.02	13.37
0	499	17.02	0.0
0	500	16.95	12.73
0	501	16.93	14.76
0	502	16.92	6.14
0	503	16.86	7.16
0	504	16.82	0.0
0	505	16.82	16.0
0	506	16.82	15.73
0	507	16.78	16.42
0	508	16.77	9.54
0	509	16.73	9.51
0	510	16.72	14.92
0	511	16.67	15.81
0	512	16.66	9.29
0	513	16.61	12.57
0	514	16.59	9.21
0	515	16.59	13.77
0	516	16.59	16.35
0	517	16.55	16.37
0	518	16.55	0.61
0	519	16.52	0.0
0	520	16.52	1.69
0	521	16.5	13.83
0	522	16.49	10.54
0	523	16.47	10.33
0	524	16.47	11.65
0	525	16.47	10.44
0	526	16.39	0.0
0	527	16.37	16.04
0	528	16.36	10.34
0	529	16.32	1.2
0	530	16.31	15.85
0	531	16.26	7.74
0	532	16.23	13.75
0	533	16.18	14.92
0	534	16.13	0.94
0	535	16.07	12.18
0	536	16.06	7.7
0	537	16.01	9.33
0	538	15.99	6.78
0	539	15.97	0.0
0	540	15.89	14.1
0	541	15.88	15.85
0	542	15.83	0.0
0	543	15.82	12.53
0	544	15.79	0.0
0	545	15.77	10.57
0	546	15.74	13.79
0	547	15.71	9.52
0	548	15.71	0.0
0	549	15.66	6.96
0	550	15.66	8.93
0	551	15.63	15.2
0	552	15.59	0.0
0	553	15.52	0.0
0	554	15.52	12.12
0	555	15.47	13.49
0	556	15.46	10.33
0	557	15.43	2.12
0	558	15.43	12.79
0	559	15.42	11.3
0	560	15.36	0.0
0	561	15.32	0.0
0	562	15.25	9.0
0	563	15.24	14.48
0	564	15.23	14.91
0	565	15.22	11.45
0	566	15.21	0.0
0	567	15.2	6.69
0	568	15.14	10.35
0	569	15.12	5.46
0	570	15.11	5.16
0	571	15.09	10.55
0	572	15.07	0.02
0	573	15.06	12.17
0	574	15.06	8.98
0	575	15.04	11.08
0	576	15.03	8.22
0	577	15.02	8.49
0	578	14.97	13.47
0	579	14.94	2.13
0	580	14.89	3.72
0	581	14.82	9.93
0	582	14.82	1.21
0	583	14.79	13.77
0	584	14.75	10.3
0	585	14.68	0.0
0	586	14.68	4.48
0	587	14.63	14.55
0	588	14.63	14.1
0	589	14.49	0.0
0	590	14.48	9.3
0	591	14.46	6.26
0	592	14.46	12.59
0	593	14.43	1.09
0	594	14.41	0.0
0	595	14.38	9.43
0	596	14.37	13.12
0	597	14.36	8.57
0	598	14.34	13.54
0	599	14.28	13.26
0	600	14.28	0.0
0	601	14.26	13.46
0	602	14.23	1.52
0	603	14.16	4.78
0	604	14.14	0.0
0	605	14.08	7.13
0	606	14.07	7.53
0	607	14.01	0.0
0	608	13.98	10.22
0	609	13.97	12.84
0	610	13.95	13.07
0	611	13.95	13.01
0	612	13.93	0.0
0	613	13.91	6.88
0	614	13.88	12.63
0	615	13.86	0.0
0	616	13.84	0.0
0	617	13.83	12.5
0	618	13.82	13.35
0	619	13.82	9.7
0	620	13.81	13.02
0	621	13.78	0.0
0	622	13.77	0.0
0	623	13.74	6.07
0	624	13.74	12.65
0	625	13.68	12.54
0	626	13.66	2.27
0	627	13.62	1.43
0	628	13.62	6.37
0	629	13.55	0.0
0	630	13.5	12.01
0	631	13.48	6.43
0	632	13.47	8.87
0	633	13.47	13.24
0	634	13.44	8.15
0	635	13.42	0.0
0	636	13.33	0.0
0	637	13.31	0.0
0	638	13.31	0.0
0	639	13.3	6.63
0	640	13.29	2.31
0	641	13.24	4.16
0	642	13.23	0.0
0	643	13.22	0.0
0	644	13.22	9.23
0	645	13.12	7.13
0	646	13.1	7.82
0	647	13.05	8.98
0	648	13.02	2.33
0	649	12.96	10.45
0	650	12.96	8.13
0	651	12.95	1.38
0	652	12.93	0.0
0	653	12.93	9.64
0	654	12.93	0.73
0	655	12.91	3.51
0	656	12.89	0.0
0	657	12.87	7.26
0	658	12.86	6.51
0	659	12.83	9.88
0	660	12.83	0.0
0	661	12.78	2.12
0	662	12.77	0.0
0	663	12.76	10.5
0	664	12.75	0.0
0	665	12.74	4.76
0	666	12.71	4.48
0	667	12.69	8.97
0	668	12.68	0.0
0	669	12.64	11.3
0	670	12.64	10.35
0	671	12.63	9.92
0	672	12.62	0.0
0	673	12.61	8.56
0	674	12.58	7.52
0	675	12.54	0.0
0	676	12.5	4.28
0	677	12.5	0.0
0	678	12.48	0.0
0	679	12.4	9.82
0	680	12.36	3.78
0	681	12.34	0.0
0	682	12.31	5.31
0	683	12.31	7.88
0	684	12.28	3.06
0	685	12.24	6.99
0	686	12.22	7.24
0	687	12.18	12.1
0	688	12.17	4.88
0	689	12.14	0.0
0	690	12.1	0.0
0	691	12.09	5.37
0	692	12.09	0.0
0	693	12.08	0.0
0	694	12.04	7.13
0	695	12.01	6.38
0	696	11.99	7.56
0	697	11.96	0.0
0	698	11.96	9.78
0	699	11.95	0.0
0	700	11.93	5.93
0	701	11.89	8.55
0	702	11.88	3.55
0	703	11.88	6.38
0	704	11.87	0.0
0	705	11.87	0.0
0	706	11.85	0.0
0	707	11.83	3.33
0	708	11.82	0.0
0	709	11.78	10.57
0	710	11.77	0.0
0	711	11.77	8.8
0	712	11.75	7.62
0	713	11.72	5.53
0	714	11.71	6.67
0	715	11.69	9.47
0	716	11.68	4.44
0	717	11.67	6.16
0	718	11.59	8.9
0	719	11.57	0.0
0	720	11.57	10.26
0	721	11.52	1.23
0	722	11.51	4.31
0	723	11.39	0.0
0	724	11.38	6.26
0	725	11.36	0.0
0	726	11.32	8.53
0	727	11.3	7.01
0	728	11.22	6.59
0	729	11.2	0.06
0	730	11.19	0.0
0	731	11.15	10.65
0	732	11.14	7.84
0	733	11.14	0.0
0	734	11.11	9.38
0	735	11.07	6.23
0	736	11.04	3.03
0	737	11.03	9.14
0	738	10.98	8.27
0	739	10.95	4.22
0	740	10.94	0.0
0	741	10.94	9.4
0	742	10.94	0.0
0	743	10.93	2.3
0	744	10.93	0.0
0	745	10.92	5.7
0	746	10.91	0.0
0	747	10.91	9.48
0	748	10.89	3.24
0	749	10.86	2.37
0	750	10.86	0.0
0	751	10.84	1.1
0	752	10.83	3.93
0	753	10.83	6.78
0	754	10.81	0.0
0	755	10.8	0.81
0	756	10.78	5.1
0	757	10.76	0.0
0	758	10.75	0.88
0	759	10.69	0.0
0	760	10.67	0.0
0	761	10.67	1.54
0	762	10.67	7.22
0	763	10.67	6.72
0	764	10.66	10.25
0	765	10.62	9.83
0	766	10.61	5.48
0	767	10.58	0.83
0	768	10.58	0.0
0	769	10.58	2.01
0	770	10.53	0.0
0	771	10.53	10.27
0	772	10.52	0.0
0	773	10.5	10.16
0	774	10.5	0.0
0	775	10.49	6.28
0	776	10.45	5.96
0	777	10.44	0.84
0	778	10.41	10.04
0	779	10.4	0.0
0	780	10.4	9.79
0	781	10.38	9.76
0	782	10.38	6.37
0	783	10.37	8.84
0	784	10.37	0.0
0	785	10.36	0.0
0	786	10.36	0.0
0	787	10.33	9.65
0	788	10.32	7.05
0	789	10.32	8.86
0	790	10.29	8.56
0	791	10.28	0.0
0	792	10.28	9.59
0	793	10.22	9.39
0	794	10.21	6.59
0	795	10.21	5.83
0	796	10.15	3.25
0	797	10.15	6.03
0	798	10.13	8.79
0	799	10.12	9.32
0	800	10.12	3.96
0	801	10.11	5.02
0	802	10.08	8.1
0	803	10.08	9.63
0	804	10.08	0.0
0	805	10.01	8.72
0	806	9.98	0.0
0	807	9.98	0.0
0	808	9.95	5.37
0	809	9.95	0.0
0	810	9.92	8.92
0	811	9.92	0.0
0	812	9.92	6.26
0	813	9.9	0.99
0	814	9.88	0.0
0	815	9.82	4.66
0	816	9.82	0.0
0	817	9.8	9.62
0	818	9.76	5.01
0	819	9.75	1.99
0	820	9.73	5.92
0	821	9.73	0.0
0	822	9.7	5.51
0	823	9.65	5.17
0	824	9.64	0.0
0	825	9.64	0.0
0	826	9.63	2.76
0	827	9.62	0.0
0	828	9.62	9.6
0	829	9.61	5.07
0	830	9.57	2.79
0	831	9.57	0.0
0	832	9.55	0.0
0	833	9.54	3.22
0	834	9.5	4.84
0	835	9.5	0.0
0	836	9.47	7.09
0	837	9.47	8.88
0	838	9.47	0.0
0	839	9.39	0.0
0	840	9.39	8.65
0	841	9.39	0.0
0	842	9.39	8.43
0	843	9.38	3.45
0	844	9.38	8.12
0	845	9.38	8.17
0	846	9.36	2.44
0	847	9.34	6.41
0	848	9.34	0.0
0	849	9.33	5.36
0	850	9.31	0.0
0	851	9.31	0.0
0	852	9.29	4.19
0	853	9.28	8.51
0	854	9.28	3.22
0	855	9.28	1.33
0	856	9.25	3.2
0	857	9.24	0.0
0	858	9.23	0.51
0	859	9.22	2.4
0	860	9.21	8.53
0	861	9.21	5.63
0	862	9.17	1.24
0	863	9.16	0.0
0	864	9.15	3.38
0	865	9.14	4.7
0	866	9.12	4.72
0	867	9.1	1.25
0	868	9.09	4.73
0	869	9.08	6.47
0	870	9.07	5.22
0	871	9.04	0.0
0	872	9.02	8.73
0	873	9.02	6.89
0	874	9.02	3.96
0	875	9.0	0.0
0	876	8.99	0.0
0	877	8.99	0.0
0	878	8.97	0.0
0	879	8.96	3.33
0	880	8.92	7.97
0	881	8.91	0.45
0	882	8.9	0.0
0	883	8.89	4.77
0	884	8.86	2.12
0	885	8.85	0.3
0	886	8.82	0.0
0	887	8.81	4.06
0	888	8.79	1.33
0	889	8.77	6.21
0	890	8.75	7.79
0	891	8.74	1.8
0	892	8.74	5.63
0	893	8.73	7.5
0	894	8.71	7.26
0	895	8.7	0.0
0	896	8.68	0.0
0	897	8.68	2.55
0	898	8.67	8.03
0	899	8.66	0.0
0	900	8.65	0.0
0	901	8.65	7.94
0	902	8.62	0.0
0	903	8.61	3.61
0	904	8.56	7.46
0	905	8.56	4.86
0	906	8.53	2.75
0	907	8.47	0.0
0	908	8.47	3.39
0	909	8.46	0.0
0	910	8.46	0.0
0	911	8.42	2.67
0	912	8.4	3.78
0	913	8.39	4.63
0	914	8.39	5.19
0	915	8.38	0.0
0	916	8.36	4.16
0	917	8.35	0.98
0	918	8.34	0.0
0	919	8.31	2.51
0	920	8.3	0.0
0	921	8.25	0.0
0	922	8.25	0.0
0	923	8.25	1.18
0	924	8.25	0.0
0	925	8.23	2.04
0	926	8.23	0.0
0	927	8.22	3.51
0	928	8.18	2.8
0	929	8.17	0.0
0	930	8.17	0.0
0	931	8.16	5.69
0	932	8.14	4.97
0	933	8.14	3.35
0	934	8.14	0.65
0	935	8.09	6.83
0	936	8.09	2.9
0	937	8.08	5.33
0	938	8.07	0.0
0	939	8.05	4.38
0	940	8.04	0.0
0	941	8.02	0.17
0	942	8.0	0.0
0	943	7.98	6.6
0	944	7.97	0.0
0	945	7.95	5.45
0	946	7.93	2.5
0	947	7.91	0.0
0	948	7.9	6.22
0	949	7.9	0.0
0	950	7.88	6.69
0	951	7.88	3.25
0	952	7.87	0.46
0	953	7.85	6.59
0	954	7.84	5.93
0	955	7.82	4.8
0	956	7.8	0.0
0	957	7.8	3.55
0	958	7.78	5.92
0	959	7.73	2.38
0	960	7.73	4.13
0	961	7.72	3.6
0	962	7.7	0.0
0	963	7.67	0.0
0	964	7.66	0.0
0	965	7.63	0.0
0	966	7.62	2.23
0	967	7.6	0.0
0	968	7.58	0.0
0	969	7.58	0.0
0	970	7.56	0.0
0	971	7.56	0.0
0	972	7.53	0.0
0	973	7.52	0.0
0	974	7.51	0.0
0	975	7.51	5.85
0	976	7.47	5.39
0	977	7.47	0.0
0	978	7.47	0.0
0	979	7.46	0.73
0	980	7.45	6.19
0	981	7.45	5.46
0	982	7.45	0.0
0	983	7.42	0.0
0	984	7.4	4.11
0	985	7.4	1.83
0	986	7.39	0.0
0	987	7.38	5.99
0	988	7.38	0.0
0	989	7.34	0.0
0	990	7.24	0.0
0	991	7.23	0.05
0	992	7.23	0.0
0	993	7.19	5.18
0	994	7.18	0.0
0	995	7.18	6.45
0	996	7.16	0.0
0	997	7.14	0.0
0	998	7.13	0.0
0	999	7.12	0.0
0	1000	7.11	0.0
0	1001	7.1	0.0
0	1002	7.08	0.09
0	1003	7.06	1.28
0	1004	7.05	3.67
0	1005	7.04	0.0
0	1006	7.03	2.26
0	1007	6.99	0.0
0	1008	6.98	3.93
0	1009	6.98	6.44
0	1010	6.97	5.96
0	1011	6.93	2.07
0	1012	6.88	0.0
0	1013	6.88	3.29
0	1014	6.88	2.82
0	1015	6.88	1.74
0	1016	6.86	0.9
0	1017	6.85	0.0
0	1018	6.85	3.58
0	1019	6.83	4.23
0	1020	6.83	0.0
0	1021	6.81	2.8
0	1022	6.8	0.0
0	1023	6.78	1.18
0	1024	6.78	0.0
0	1025	6.76	1.86
0	1026	6.76	0.0
0	1027	6.74	2.38
0	1028	6.71	0.0
0	1029	6.71	0.0
0	1030	6.69	0.0
0	1031	6.69	1.77
0	1032	6.65	0.0
0	1033	6.64	6.07
0	1034	6.64	0.0
0	1035	6.63	0.45
0	1036	6.63	2.1
0	1037	6.62	0.0
0	1038	6.61	0.0
0	1039	6.61	1.14
0	1040	6.6	0.0
0	1041	6.59	1.97
0	1042	6.58	0.0
0	1043	6.56	5.4
0	1044	6.56	5.75
0	1045	6.55	4.04
0	1046	6.54	4.39
0	1047	6.54	0.87
0	1048	6.51	0.0
0	1049	6.47	0.0
0	1050	6.46	0.56
0	1051	6.46	0.0
0	1052	6.45	0.0
0	1053	6.44	0.0
0	1054	6.39	0.0
0	1055	6.38	4.45
0	1056	6.37	5.62
0	1057	6.34	1.38
0	1058	6.31	4.61
0	1059	6.3	0.0
0	1060	6.3	5.29
0	1061	6.28	0.0
0	1062	6.28	2.25
0	1063	6.27	2.72
0	1064	6.26	0.0
0	1065	6.24	0.79
0	1066	6.2	2.17
0	1067	6.19	4.14
0	1068	6.17	0.0
0	1069	6.17	0.39
0	1070	6.15	5.76
0	1071	6.13	0.0
0	1072	6.12	0.2
0	1073	6.12	2.93
0	1074	6.08	0.45
0	1075	6.07	0.0
0	1076	6.05	0.0
0	1077	6.04	3.84
0	1078	6.03	0.0
0	1079	5.99	3.9
0	1080	5.99	0.92
0	1081	5.99	0.71
0	1082	5.93	1.71
0	1083	5.93	0.0
0	1084	5.92	4.84
0	1085	5.91	5.25
0	1086	5.91	0.0
0	1087	5.9	0.0
0	1088	5.9	0.0
0	1089	5.9	1.49
0	1090	5.9	5.54
0	1091	5.87	1.15
0	1092	5.83	4.96
0	1093	5.83	2.22
0	1094	5.82	3.1
0	1095	5.79	0.0
0	1096	5.78	1.05
0	1097	5.78	0.0
0	1098	5.77	0.0
0	1099	5.76	2.12
0	1100	5.74	4.9
0	1101	5.72	3.93
0	1102	5.72	0.0
0	1103	5.69	0.0
0	1104	5.68	0.0
0	1105	5.67	0.0
0	1106	5.67	0.0
0	1107	5.66	5.56
0	1108	5.66	1.34
0	1109	5.66	0.0
0	1110	5.65	0.34
0	1111	5.65	2.25
0	1112	5.64	0.0
0	1113	5.63	0.0
0	1114	5.62	0.0
0	1115	5.6	0.0
0	1116	5.57	3.62
0	1117	5.56	0.0
0	1118	5.55	4.29
0	1119	5.54	3.88
0	1120	5.53	4.15
0	1121	5.52	0.0
0	1122	5.52	0.0
0	1123	5.5	2.66
0	1124	5.49	0.19
0	1125	5.45	3.83
0	1126	5.45	0.0
0	1127	5.45	3.97
0	1128	5.45	5.21
0	1129	5.43	1.28
0	1130	5.43	2.56
0	1131	5.41	0.0
0	1132	5.4	0.0
0	1133	5.39	1.6
0	1134	5.39	0.0
0	1135	5.38	3.52
0	1136	5.35	3.5
0	1137	5.33	2.79
0	1138	5.31	0.0
0	1139	5.29	0.0
0	1140	5.28	3.43
0	1141	5.27	0.0
0	1142	5.22	0.0
0	1143	5.22	0.0
0	1144	5.21	0.0
0	1145	5.21	2.52
0	1146	5.21	0.0
0	1147	5.21	0.0
0	1148	5.17	1.91
0	1149	5.14	2.13
0	1150	5.13	0.0
0	1151	5.11	4.67
0	1152	5.09	0.0
0	1153	5.08	0.0
0	1154	5.07	0.0
0	1155	5.07	3.94
0	1156	5.06	0.0
0	1157	5.03	0.0
0	1158	5.02	0.0
0	1159	5.0	0.0
0	1160	4.98	0.0
0	1161	4.98	0.0
0	1162	4.96	0.0
0	1163	4.96	4.49
0	1164	4.96	2.68
0	1165	4.94	0.0
0	1166	4.92	3.93
0	1167	4.91	4.15
0	1168	4.9	0.0
0	1169	4.9	0.0
0	1170	4.87	0.0
0	1171	4.87	2.64
0	1172	4.86	2.04
0	1173	4.85	2.44
0	1174	4.83	0.0
0	1175	4.83	0.0
0	1176	4.83	2.99
0	1177	4.82	0.0
0	1178	4.82	0.0
0	1179	4.81	1.84
0	1180	4.8	4.46
0	1181	4.79	3.79
0	1182	4.76	0.0
0	1183	4.75	0.0
0	1184	4.75	0.0
0	1185	4.74	0.0
0	1186	4.73	2.76
0	1187	4.72	0.0
0	1188	4.71	0.0
0	1189	4.71	0.0
0	1190	4.71	0.0
0	1191	4.69	0.0
0	1192	4.69	0.0
0	1193	4.69	0.0
0	1194	4.68	0.0
0	1195	4.67	3.43
0	1196	4.66	0.0
0	1197	4.66	3.29
0	1198	4.65	0.0
0	1199	4.63	1.69
0	1200	4.63	0.96
0	1201	4.61	0.0
0	1202	4.6	0.0
0	1203	4.6	0.0
0	1204	4.6	3.61
0	1205	4.58	0.0
0	1206	4.57	0.91
0	1207	4.56	0.0
0	1208	4.55	1.21
0	1209	4.54	0.0
0	1210	4.52	0.0
0	1211	4.51	1.29
0	1212	4.49	0.0
0	1213	4.48	0.0
0	1214	4.48	0.0
0	1215	4.47	0.0
0	1216	4.46	0.0
0	1217	4.46	1.98
0	1218	4.45	0.0
0	1219	4.45	0.0
0	1220	4.42	0.0
0	1221	4.42	2.86
0	1222	4.42	0.0
0	1223	4.4	0.61
0	1224	4.39	0.0
0	1225	4.35	0.0
0	1226	4.31	0.0
0	1227	4.3	0.0
0	1228	4.26	3.05
0	1229	4.26	1.13
0	1230	4.24	0.0
0	1231	4.24	0.0
0	1232	4.24	0.0
0	1233	4.23	0.0
0	1234	4.23	0.0
0	1235	4.22	0.0
0	1236	4.18	0.0
0	1237	4.17	0.0
0	1238	4.17	1.81
0	1239	4.16	0.0
0	1240	4.15	0.0
0	1241	4.15	0.0
0	1242	4.13	0.0
0	1243	4.1	0.88
0	1244	4.1	0.0
0	1245	4.1	0.0
0	1246	4.08	0.0
0	1247	4.08	2.13
0	1248	4.05	0.0
0	1249	4.04	0.0
0	1250	4.04	0.0
0	1251	4.03	0.0
0	1252	3.99	0.0
0	1253	3.98	0.56
0	1254	3.98	2.45
0	1255	3.98	0.0
0	1256	3.94	0.0
0	1257	3.93	1.75
0	1258	3.91	0.0
0	1259	3.87	2.6
0	1260	3.86	0.0
0	1261	3.86	0.0
0	1262	3.85	0.0
0	1263	3.84	0.0
0	1264	3.84	0.0
0	1265	3.84	0.89
0	1266	3.83	0.0
0	1267	3.83	0.0
0	1268	3.8	0.0
0	1269	3.79	0.0
0	1270	3.79	1.32
0	1271	3.77	1.17
0	1272	3.77	0.0
0	1273	3.74	0.0
0	1274	3.73	3.65
0	1275	3.72	0.0
0	1276	3.71	0.0
0	1277	3.7	0.0
0	1278	3.7	0.0
0	1279	3.7	0.31
0	1280	3.7	0.0
0	1281	3.7	0.0
0	1282	3.69	0.0
0	1283	3.68	0.0
0	1284	3.66	3.64
0	1285	3.66	0.0
0	1286	3.63	0.0
0	1287	3.61	2.78
0	1288	3.57	0.0
0	1289	3.57	2.98
0	1290	3.56	0.0
0	1291	3.55	0.0
0	1292	3.53	0.0
0	1293	3.5	0.0
0	1294	3.49	0.0
0	1295	3.47	1.1
0	1296	3.45	0.0
0	1297	3.45	0.0
0	1298	3.43	0.0
0	1299	3.43	0.0
0	1300	3.43	0.0
0	1301	3.4	1.33
0	1302	3.39	0.0
0	1303	3.39	0.93
0	1304	3.38	0.0
0	1305	3.38	0.0
0	1306	3.38	0.0
0	1307	3.38	0.0
0	1308	3.37	0.0
0	1309	3.33	0.0
0	1310	3.33	0.0
0	1311	3.32	1.87
0	1312	3.31	1.86
0	1313	3.28	1.84
0	1314	3.28	0.0
0	1315	3.28	0.0
0	1316	3.27	1.3
0	1317	3.27	2.72
0	1318	3.26	0.0
0	1319	3.24	0.41
0	1320	3.24	2.96
0	1321	3.23	0.0
0	1322	3.22	0.0
0	1323	3.17	0.0
0	1324	3.16	0.0
0	1325	3.15	0.0
0	1326	3.15	0.0
0	1327	3.14	0.0
0	1328	3.14	0.62
0	1329	3.14	0.0
0	1330	3.14	0.85
0	1331	3.12	0.0
0	1332	3.12	0.0
0	1333	3.09	0.0
0	1334	3.08	0.0
0	1335	3.08	2.05
0	1336	3.02	0.0
0	1337	3.02	0.0
0	1338	3.02	0.0
0	1339	3.0	0.0
0	1340	2.99	1.56
0	1341	2.98	0.0
0	1342	2.95	0.0
0	1343	2.95	0.97
0	1344	2.95	0.0
0	1345	2.94	0.0
0	1346	2.92	0.0
0	1347	2.91	0.0
0	1348	2.9	0.0
0	1349	2.89	0.0
0	1350	2.89	0.0
0	1351	2.87	0.0
0	1352	2.86	0.0
0	1353	2.85	0.91
0	1354	2.84	1.48
0	1355	2.82	0.0
0	1356	2.8	0.0
0	1357	2.8	0.0
0	1358	2.79	0.0
0	1359	2.78	0.0
0	1360	2.76	1.06
0	1361	2.75	0.0
0	1362	2.72	0.0
0	1363	2.67	0.0
0	1364	2.67	0.0
0	1365	2.66	0.0
0	1366	2.66	0.0
0	1367	2.63	0.0
0	1368	2.62	0.0
0	1369	2.61	0.0
0	1370	2.6	0.0
0	1371	2.58	0.0
0	1372	2.58	0.0
0	1373	2.57	0.45
0	1374	2.57	1.97
0	1375	2.55	0.0
0	1376	2.55	0.0
0	1377	2.55	1.1
0	1378	2.53	0.0
0	1379	2.52	0.0
0	1380	2.52	0.0
0	1381	2.51	0.0
0	1382	2.5	0.0
0	1383	2.48	0.0
0	1384	2.47	0.0
0	1385	2.46	0.0
0	1386	2.46	0.0
0	1387	2.44	0.0
0	1388	2.44	0.0
0	1389	2.41	0.0
0	1390	2.41	0.0
0	1391	2.41	0.0
0	1392	2.4	0.0
0	1393	2.37	0.0
0	1394	2.36	0.0
0	1395	2.35	0.0
0	1396	2.34	1.66
0	1397	2.32	0.0
0	1398	2.32	0.0
0	1399	2.31	0.0
0	1400	2.31	0.0
0	1401	2.29	0.0
0	1402	2.29	0.0
0	1403	2.28	0.0
0	1404	2.27	0.0
0	1405	2.27	0.0
0	1406	2.26	1.83
0	1407	2.25	0.0
0	1408	2.24	0.0
0	1409	2.24	0.0
0	1410	2.23	0.0
0	1411	2.23	0.0
0	1412	2.22	1.32
0	1413	2.2	0.0
0	1414	2.2	0.0
0	1415	2.2	0.99
0	1416	2.18	0.0
0	1417	2.18	0.0
0	1418	2.17	0.0
0	1419	2.16	0.0
0	1420	2.15	0.0
0	1421	2.14	0.0
0	1422	2.14	0.0
0	1423	2.13	0.0
0	1424	2.12	2.03
0	1425	2.11	0.0
0	1426	2.1	0.0
0	1427	2.08	2.03
0	1428	2.08	0.0
0	1429	2.07	0.0
0	1430	2.05	0.0
0	1431	2.03	0.0
0	1432	2.02	0.0
0	1433	1.99	0.0
0	1434	1.98	1.76
0	1435	1.96	0.0
0	1436	1.95	0.0
0	1437	1.94	1.71
0	1438	1.94	0.0
0	1439	1.93	0.0
0	1440	1.92	0.0
0	1441	1.92	1.83
0	1442	1.9	0.0
0	1443	1.89	0.0
0	1444	1.88	0.0
0	1445	1.87	0.78
0	1446	1.87	0.0
0	1447	1.87	0.0
0	1448	1.87	0.0
0	1449	1.86	0.0
0	1450	1.86	0.0
0	1451	1.85	0.66
0	1452	1.85	0.0
0	1453	1.84	0.0
0	1454	1.84	0.0
0	1455	1.84	0.0
0	1456	1.83	0.9
0	1457	1.81	0.0
0	1458	1.81	0.0
0	1459	1.8	0.0
0	1460	1.78	0.0
0	1461	1.78	0.0
0	1462	1.78	0.44
0	1463	1.78	0.0
0	1464	1.78	0.0
0	1465	1.77	0.0
0	1466	1.77	0.0
0	1467	1.76	0.0
0	1468	1.75	0.0
0	1469	1.75	0.0
0	1470	1.73	0.0
0	1471	1.72	0.0
0	1472	1.71	1.51
0	1473	1.69	0.0
0	1474	1.68	0.0
0	1475	1.67	0.0
0	1476	1.67	0.0
0	1477	1.65	0.0
0	1478	1.65	0.0
0	1479	1.65	0.0
0	1480	1.64	0.0
0	1481	1.63	0.0
0	1482	1.62	0.0
0	1483	1.62	0.0
0	1484	1.61	0.0
0	1485	1.59	0.0
0	1486	1.59	0.0
0	1487	1.59	0.0
0	1488	1.59	0.0
0	1489	1.58	0.0
0	1490	1.58	0.0
0	1491	1.57	0.0
0	1492	1.53	0.0
0	1493	1.52	0.0
0	1494	1.52	0.0
0	1495	1.51	0.0
0	1496	1.5	0.41
0	1497	1.49	0.0
0	1498	1.47	0.0
0	1499	1.47	0.0
0	1500	1.46	0.0
0	1501	1.45	0.0
0	1502	1.45	0.0
0	1503	1.43	0.0
0	1504	1.43	0.0
0	1505	1.39	1.31
0	1506	1.37	0.0
0	1507	1.37	0.0
0	1508	1.35	0.0
0	1509	1.34	0.0
0	1510	1.33	0.0
0	1511	1.32	0.0
0	1512	1.31	0.0
0	1513	1.3	0.0
0	1514	1.29	0.0
0	1515	1.27	0.18
0	1516	1.26	0.0
0	1517	1.24	0.0
0	1518	1.24	0.0
0	1519	1.23	0.0
0	1520	1.22	1.18
0	1521	1.22	0.0
0	1522	1.21	0.0
0	1523	1.21	0.0
0	1524	1.19	0.0
0	1525	1.16	0.1
0	1526	1.15	0.0
0	1527	1.15	0.0
0	1528	1.14	0.0
0	1529	1.11	0.0
0	1530	1.1	0.0
0	1531	1.09	0.0
0	1532	1.09	0.0
0	1533	1.09	0.0
0	1534	1.08	0.63
0	1535	1.07	0.0
0	1536	1.06	0.0
0	1537	1.06	0.0
0	1538	1.04	0.0
0	1539	1.04	0.0
0	1540	1.04	0.4
0	1541	1.04	0.0
0	1542	1.01	0.0
0	1543	0.98	0.0
0	1544	0.98	0.0
0	1545	0.96	0.0
0	1546	0.96	0.0
0	1547	0.95	0.42
0	1548	0.95	0.0
0	1549	0.95	0.0
0	1550	0.94	0.0
0	1551	0.94	0.0
0	1552	0.93	0.0
0	1553	0.91	0.0
0	1554	0.9	0.0
0	1555	0.9	0.0
0	1556	0.9	0.0
0	1557	0.89	0.0
0	1558	0.88	0.26
0	1559	0.87	0.0
0	1560	0.84	0.0
0	1561	0.83	0.0
0	1562	0.82	0.0
0	1563	0.82	0.0
0	1564	0.81	0.0
0	1565	0.81	0.0
0	1566	0.8	0.0
0	1567	0.79	0.0
0	1568	0.78	0.0
0	1569	0.78	0.0
0	1570	0.77	0.0
0	1571	0.77	0.0
0	1572	0.76	0.0
0	1573	0.76	0.0
0	1574	0.75	0.0
0	1575	0.74	0.0
0	1576	0.73	0.0
0	1577	0.72	0.0
0	1578	0.72	0.0
0	1579	0.7	0.0
0	1580	0.7	0.0
0	1581	0.68	0.0
0	1582	0.68	0.0
0	1583	0.65	0.0
0	1584	0.65	0.0
0	1585	0.64	0.0
0	1586	0.64	0.0
0	1587	0.63	0.0
0	1588	0.61	0.0
0	1589	0.6	0.0
0	1590	0.59	0.0
0	1591	0.59	0.0
0	1592	0.59	0.0
0	1593	0.59	0.0
0	1594	0.58	0.0
0	1595	0.57	0.0
0	1596	0.56	0.0
0	1597	0.55	0.0
0	1598	0.55	0.0
0	1599	0.53	0.0
0	1600	0.52	0.26
0	1601	0.52	0.0
0	1602	0.51	0.0
0	1603	0.48	0.0
0	1604	0.48	0.0
0	1605	0.47	0.0
0	1606	0.46	0.0
0	1607	0.44	0.0
0	1608	0.44	0.0
0	1609	0.41	0.0
0	1610	0.41	0.0
0	1611	0.4	0.0
0	1612	0.39	0.0
0	1613	0.39	0.0
0	1614	0.38	0.0
0	1615	0.38	0.0
0	1616	0.37	0.0
0	1617	0.37	0.0
0	1618	0.37	0.0
0	1619	0.35	0.0
0	1620	0.35	0.0
0	1621	0.3	0.0
0	1622	0.27	0.0
0	1623	0.27	0.07
0	1624	0.27	0.0
0	1625	0.27	0.0
0	1626	0.26	0.0
0	1627	0.26	0.0
0	1628	0.25	0.0
0	1629	0.25	0.0
0	1630	0.24	0.0
0	1631	0.23	0.0
0	1632	0.22	0.0
0	1633	0.21	0.0
0	1634	0.21	0.0
0	1635	0.2	0.0
0	1636	0.18	0.0
0	1637	0.17	0.0
0	1638	0.17	0.0
0	1639	0.15	0.0
0	1640	0.11	0.0
0	1641	0.08	0.0
0	1642	0.08	0.0
0	1643	0.07	0.0
0	1644	0.06	0.0
0	1645	0.06	0.0
0	1646	0.05	0.0
0	1647	0.03	0.0
0	1648	0.03	0.0
0	1649	0.01	0.0
0	1650	0.01	0.0
