clade	species	ts	te
0	1	100.0	93.78
0	2	97.71	64.66
0	3	95.05	87.99
0	4	93.22	88.8
0	5	92.33	71.35
0	6	92.02	86.92
0	7	90.3	82.72
0	8	90.11	84.43
0	9	89.89	88.17
0	10	88.24	83.43
0	11	87.24	77.87
0	12	86.93	68.73
0	13	85.31	78.69
0	14	84.58	81.79
0	15	82.98	81.17
0	16	81.98	71.94
0	17	80.62	77.54
0	18	80.33	70.82
0	19	80.31	78.35
0	20	79.86	69.55
0	21	79.1	72.66
0	22	78.79	78.7
0	23	78.4	70.04
0	24	77.11	72.95
0	25	75.84	73.55
0	26	75.65	63.15
0	27	75.02	67.89
0	28	74.0	58.82
0	29	73.62	65.72
0	30	73.58	73.22
0	31	72.84	68.27
0	32	72.8	25.51
0	33	72.36	70.28
0	34	72.31	64.7
0	35	71.86	68.89
0	36	71.64	66.67
0	37	71.41	65.62
0	38	71.1	53.16
0	39	70.19	59.36
0	40	69.55	58.32
0	41	69.07	48.75
0	42	68.74	60.48
0	43	67.49	61.22
0	44	67.44	60.29
0	45	66.91	58.74
0	46	66.88	65.39
0	47	66.56	59.08
0	48	66.28	46.09
0	49	65.5	38.44
0	50	64.16	63.98
0	51	64.05	60.82
0	52	63.39	56.74
0	53	63.3	37.49
0	54	62.82	51.26
0	55	61.86	46.54
0	56	61.68	61.14
0	57	60.89	30.53
0	58	60.38	55.74
0	59	60.29	59.05
0	60	60.28	43.08
0	61	59.46	33.93
0	62	59.42	58.72
0	63	59.37	28.67
0	64	59.35	50.32
0	65	59.31	55.55
0	66	58.47	44.79
0	67	58.3	53.75
0	68	57.98	50.61
0	69	57.62	54.03
0	70	57.22	41.11
0	71	57.21	51.48
0	72	56.82	42.33
0	73	56.77	37.11
0	74	55.87	54.48
0	75	55.45	44.89
0	76	55.09	38.02
0	77	55.08	49.46
0	78	55.01	53.21
0	79	54.93	53.8
0	80	54.61	54.39
0	81	54.5	49.3
0	82	54.5	28.29
0	83	53.7	39.09
0	84	52.92	48.29
0	85	52.6	45.53
0	86	51.56	34.58
0	87	51.47	30.42
0	88	50.65	36.31
0	89	50.59	50.47
0	90	49.85	47.52
0	91	49.84	25.49
0	92	49.26	41.8
0	93	49.14	43.12
0	94	48.84	48.29
0	95	48.77	48.19
0	96	48.75	28.73
0	97	48.61	43.49
0	98	48.6	29.92
0	99	48.54	48.13
0	100	48.52	44.48
0	101	48.24	40.87
0	102	48.01	31.93
0	103	47.96	45.16
0	104	47.87	47.12
0	105	47.85	43.78
0	106	47.85	38.53
0	107	47.64	38.86
0	108	47.29	32.17
0	109	46.89	36.77
0	110	46.89	37.62
0	111	46.53	34.56
0	112	46.44	36.28
0	113	46.36	46.21
0	114	45.79	42.53
0	115	45.71	26.02
0	116	45.71	39.86
0	117	45.11	33.01
0	118	44.91	38.07
0	119	44.88	27.25
0	120	44.87	35.36
0	121	44.86	37.44
0	122	44.33	43.72
0	123	44.28	34.09
0	124	43.85	8.04
0	125	43.84	0.0
0	126	43.83	41.5
0	127	43.74	39.01
0	128	43.69	36.1
0	129	43.46	42.65
0	130	43.12	42.51
0	131	42.93	36.29
0	132	42.08	38.53
0	133	41.84	30.64
0	134	41.81	36.01
0	135	41.72	37.25
0	136	41.72	20.93
0	137	41.43	36.33
0	138	41.41	32.45
0	139	41.33	35.61
0	140	41.24	38.93
0	141	41.19	38.6
0	142	41.03	35.63
0	143	40.84	31.7
0	144	40.82	39.49
0	145	40.59	31.68
0	146	40.51	39.1
0	147	40.37	37.9
0	148	40.26	0.0
0	149	40.17	9.76
0	150	40.09	25.35
0	151	40.06	39.15
0	152	39.79	33.8
0	153	39.6	31.23
0	154	39.08	16.43
0	155	38.97	38.17
0	156	38.97	36.23
0	157	38.95	27.95
0	158	38.8	32.39
0	159	38.67	20.49
0	160	38.63	36.53
0	161	38.37	35.97
0	162	38.24	37.07
0	163	37.62	31.29
0	164	37.59	31.75
0	165	37.41	27.32
0	166	37.18	33.63
0	167	37.17	32.17
0	168	37.16	0.0
0	169	36.87	11.07
0	170	36.83	34.09
0	171	36.71	31.27
0	172	36.44	31.06
0	173	36.43	35.36
0	174	36.39	34.6
0	175	36.27	35.05
0	176	36.16	33.17
0	177	36.15	34.69
0	178	36.11	24.99
0	179	36.07	23.34
0	180	36.05	0.61
0	181	35.99	33.25
0	182	35.95	35.15
0	183	35.93	22.5
0	184	35.67	32.82
0	185	35.6	32.57
0	186	35.4	33.55
0	187	35.37	7.87
0	188	35.28	33.78
0	189	35.24	24.65
0	190	35.16	27.58
0	191	35.01	26.51
0	192	34.83	22.21
0	193	34.76	29.42
0	194	34.71	30.22
0	195	34.59	31.42
0	196	34.24	33.9
0	197	34.17	33.62
0	198	34.03	33.78
0	199	33.9	32.6
0	200	33.87	16.76
0	201	33.82	33.02
0	202	33.8	31.65
0	203	33.53	32.8
0	204	33.16	16.02
0	205	33.06	21.09
0	206	32.99	31.94
0	207	32.97	29.98
0	208	32.91	27.99
0	209	32.85	21.52
0	210	32.78	23.61
0	211	32.52	28.76
0	212	32.48	21.36
0	213	32.46	11.55
0	214	32.43	30.19
0	215	32.4	24.19
0	216	32.34	31.14
0	217	32.29	30.01
0	218	32.23	26.13
0	219	32.03	23.04
0	220	31.98	24.52
0	221	31.92	2.65
0	222	31.86	24.81
0	223	31.85	0.0
0	224	31.83	29.98
0	225	31.72	0.03
0	226	31.66	29.44
0	227	31.4	25.66
0	228	31.38	25.26
0	229	31.35	29.75
0	230	31.3	26.93
0	231	31.24	27.2
0	232	31.23	29.88
0	233	30.89	30.65
0	234	30.88	25.35
0	235	30.86	25.51
0	236	30.85	23.98
0	237	30.84	30.37
0	238	30.81	14.37
0	239	30.7	24.16
0	240	30.54	23.02
0	241	30.38	23.31
0	242	30.35	17.37
0	243	30.3	25.07
0	244	30.26	25.95
0	245	30.25	21.35
0	246	30.17	10.61
0	247	30.17	8.55
0	248	30.0	12.54
0	249	29.95	18.03
0	250	29.87	0.0
0	251	29.79	27.05
0	252	29.78	26.8
0	253	29.78	28.71
0	254	29.73	21.27
0	255	29.59	18.57
0	256	29.56	29.18
0	257	29.55	29.41
0	258	29.5	19.38
0	259	29.48	28.37
0	260	29.35	7.2
0	261	29.31	26.57
0	262	29.27	23.57
0	263	29.24	22.07
0	264	29.22	26.82
0	265	29.22	19.97
0	266	29.21	25.37
0	267	29.1	21.64
0	268	29.08	26.27
0	269	28.97	27.37
0	270	28.96	16.71
0	271	28.95	26.37
0	272	28.94	10.35
0	273	28.88	27.55
0	274	28.88	18.29
0	275	28.88	15.28
0	276	28.74	24.88
0	277	28.71	23.02
0	278	28.45	26.86
0	279	28.39	14.66
0	280	28.38	20.39
0	281	28.34	19.19
0	282	28.29	17.68
0	283	28.2	13.99
0	284	28.2	24.77
0	285	28.15	21.61
0	286	28.11	19.21
0	287	28.09	0.0
0	288	28.06	26.18
0	289	27.96	17.34
0	290	27.92	11.61
0	291	27.84	25.77
0	292	27.84	22.56
0	293	27.77	18.56
0	294	27.69	0.0
0	295	27.55	12.23
0	296	27.47	19.25
0	297	27.4	24.23
0	298	27.39	9.13
0	299	27.32	13.46
0	300	27.22	10.29
0	301	27.21	21.47
0	302	27.1	21.82
0	303	27.05	26.91
0	304	26.93	18.85
0	305	26.88	16.66
0	306	26.84	16.52
0	307	26.8	19.4
0	308	26.73	0.0
0	309	26.72	17.61
0	310	26.71	0.0
0	311	26.6	17.21
0	312	26.56	24.21
0	313	26.5	12.4
0	314	26.49	26.05
0	315	26.48	19.89
0	316	26.46	14.16
0	317	26.4	18.22
0	318	26.35	23.77
0	319	26.33	21.57
0	320	26.26	6.44
0	321	26.24	22.1
0	322	26.03	25.99
0	323	26.01	23.65
0	324	25.95	1.45
0	325	25.71	23.94
0	326	25.63	10.95
0	327	25.5	22.86
0	328	25.44	9.83
0	329	25.4	24.36
0	330	25.34	0.0
0	331	25.29	21.66
0	332	25.28	8.28
0	333	25.2	22.4
0	334	25.14	18.73
0	335	25.06	19.31
0	336	25.04	0.12
0	337	24.98	23.9
0	338	24.87	16.71
0	339	24.87	23.23
0	340	24.83	23.19
0	341	24.77	14.88
0	342	24.72	19.24
0	343	24.72	10.68
0	344	24.69	19.44
0	345	24.68	10.45
0	346	24.59	19.23
0	347	24.58	13.43
0	348	24.54	0.0
0	349	24.49	9.7
0	350	24.48	21.0
0	351	24.4	13.81
0	352	24.37	22.88
0	353	24.37	0.0
0	354	24.35	19.86
0	355	24.18	18.54
0	356	24.09	12.08
0	357	24.08	11.72
0	358	24.06	0.0
0	359	24.02	6.03
0	360	23.92	14.71
0	361	23.9	14.17
0	362	23.7	23.36
0	363	23.66	1.4
0	364	23.53	6.46
0	365	23.41	17.93
0	366	23.37	17.07
0	367	23.26	19.34
0	368	23.26	14.73
0	369	23.14	3.64
0	370	23.1	0.0
0	371	23.08	15.73
0	372	23.07	15.22
0	373	23.0	8.19
0	374	22.99	6.98
0	375	22.98	7.99
0	376	22.68	20.66
0	377	22.62	17.3
0	378	22.59	17.87
0	379	22.57	18.25
0	380	22.51	18.91
0	381	22.45	22.28
0	382	22.44	12.36
0	383	22.42	21.86
0	384	22.39	7.1
0	385	22.39	18.03
0	386	22.38	17.08
0	387	22.31	14.03
0	388	22.17	0.0
0	389	22.12	16.14
0	390	22.11	10.77
0	391	22.08	18.14
0	392	21.97	3.4
0	393	21.84	9.02
0	394	21.76	2.19
0	395	21.76	7.48
0	396	21.7	14.06
0	397	21.49	14.6
0	398	21.42	15.02
0	399	21.38	12.11
0	400	21.34	12.06
0	401	21.3	9.04
0	402	21.3	6.89
0	403	21.29	0.0
0	404	21.23	20.66
0	405	21.21	19.33
0	406	21.19	20.9
0	407	21.08	17.03
0	408	21.05	18.97
0	409	21.02	13.01
0	410	20.97	5.99
0	411	20.96	17.7
0	412	20.94	10.23
0	413	20.92	13.61
0	414	20.9	18.71
0	415	20.88	18.88
0	416	20.86	6.21
0	417	20.78	17.0
0	418	20.75	11.91
0	419	20.68	0.0
0	420	20.61	12.4
0	421	20.54	18.64
0	422	20.49	13.98
0	423	20.48	0.0
0	424	20.43	0.0
0	425	20.18	0.0
0	426	20.16	0.0
0	427	19.99	17.6
0	428	19.97	9.72
0	429	19.95	11.48
0	430	19.95	0.84
0	431	19.84	18.01
0	432	19.77	19.11
0	433	19.75	19.74
0	434	19.71	9.36
0	435	19.67	15.02
0	436	19.66	15.93
0	437	19.62	0.87
0	438	19.6	15.24
0	439	19.54	17.91
0	440	19.46	1.72
0	441	19.39	15.2
0	442	19.37	18.51
0	443	19.37	14.53
0	444	19.32	14.48
0	445	19.22	14.98
0	446	19.2	0.9
0	447	19.17	0.0
0	448	19.08	0.0
0	449	19.02	15.02
0	450	18.97	17.21
0	451	18.96	13.85
0	452	18.89	0.0
0	453	18.88	12.09
0	454	18.86	18.43
0	455	18.85	8.75
0	456	18.83	0.0
0	457	18.79	2.37
0	458	18.76	11.34
0	459	18.75	17.55
0	460	18.74	12.09
0	461	18.71	0.0
0	462	18.64	17.94
0	463	18.56	17.43
0	464	18.55	7.98
0	465	18.55	13.28
0	466	18.47	14.22
0	467	18.39	0.0
0	468	18.38	17.32
0	469	18.32	0.0
0	470	18.28	7.64
0	471	18.26	1.8
0	472	18.21	2.67
0	473	18.2	11.19
0	474	18.15	0.0
0	475	18.14	17.74
0	476	18.12	6.51
0	477	18.03	15.72
0	478	17.96	11.08
0	479	17.93	4.27
0	480	17.89	1.52
0	481	17.87	17.72
0	482	17.85	11.04
0	483	17.81	7.0
0	484	17.79	15.14
0	485	17.77	5.38
0	486	17.77	4.9
0	487	17.62	0.0
0	488	17.58	17.1
0	489	17.58	0.0
0	490	17.57	12.88
0	491	17.57	8.93
0	492	17.56	7.96
0	493	17.54	15.02
0	494	17.52	15.56
0	495	17.45	14.69
0	496	17.42	3.54
0	497	17.4	11.57
0	498	17.4	15.68
0	499	17.38	11.1
0	500	17.37	11.5
0	501	17.37	8.48
0	502	17.35	3.05
0	503	17.29	12.6
0	504	17.28	11.5
0	505	17.26	5.1
0	506	17.21	2.59
0	507	17.18	12.44
0	508	17.16	10.44
0	509	17.1	14.54
0	510	17.05	8.62
0	511	17.03	6.15
0	512	16.99	0.0
0	513	16.96	16.47
0	514	16.96	9.02
0	515	16.95	9.65
0	516	16.93	3.97
0	517	16.88	7.38
0	518	16.87	13.28
0	519	16.87	4.14
0	520	16.85	15.58
0	521	16.85	11.0
0	522	16.85	13.66
0	523	16.83	15.66
0	524	16.81	0.0
0	525	16.8	3.5
0	526	16.74	4.73
0	527	16.7	15.78
0	528	16.7	9.24
0	529	16.66	0.0
0	530	16.65	6.7
0	531	16.53	14.56
0	532	16.43	2.69
0	533	16.41	0.0
0	534	16.37	9.95
0	535	16.36	10.39
0	536	16.24	12.1
0	537	16.23	12.8
0	538	16.12	5.65
0	539	16.11	0.0
0	540	16.05	10.93
0	541	15.98	2.25
0	542	15.96	14.94
0	543	15.96	12.31
0	544	15.94	12.24
0	545	15.94	4.84
0	546	15.92	2.15
0	547	15.92	11.4
0	548	15.9	0.0
0	549	15.82	7.88
0	550	15.81	11.98
0	551	15.81	0.0
0	552	15.78	11.16
0	553	15.77	12.01
0	554	15.75	9.25
0	555	15.69	1.11
0	556	15.68	13.11
0	557	15.68	8.49
0	558	15.66	0.0
0	559	15.65	9.46
0	560	15.64	11.48
0	561	15.61	11.35
0	562	15.6	13.34
0	563	15.55	12.01
0	564	15.43	2.36
0	565	15.4	11.69
0	566	15.39	10.99
0	567	15.39	13.63
0	568	15.37	8.64
0	569	15.29	14.43
0	570	15.28	11.46
0	571	15.25	11.26
0	572	15.12	7.0
0	573	15.11	7.19
0	574	15.02	11.26
0	575	15.02	14.77
0	576	15.02	7.74
0	577	15.02	0.0
0	578	15.01	10.44
0	579	15.01	5.3
0	580	15.0	0.0
0	581	15.0	11.54
0	582	14.99	0.19
0	583	14.96	13.98
0	584	14.95	14.31
0	585	14.93	0.0
0	586	14.88	0.0
0	587	14.87	0.0
0	588	14.87	0.0
0	589	14.83	0.0
0	590	14.8	13.14
0	591	14.78	0.0
0	592	14.73	13.5
0	593	14.73	13.6
0	594	14.72	11.34
0	595	14.71	9.35
0	596	14.68	10.49
0	597	14.66	0.0
0	598	14.64	1.65
0	599	14.61	5.36
0	600	14.6	7.81
0	601	14.59	6.95
0	602	14.58	10.71
0	603	14.57	5.87
0	604	14.54	13.67
0	605	14.53	9.1
0	606	14.53	9.65
0	607	14.47	2.51
0	608	14.45	13.89
0	609	14.45	13.42
0	610	14.45	2.67
0	611	14.45	10.29
0	612	14.44	14.26
0	613	14.43	1.99
0	614	14.39	11.27
0	615	14.35	14.15
0	616	14.35	7.45
0	617	14.31	10.81
0	618	14.29	0.0
0	619	14.22	0.0
0	620	14.21	0.0
0	621	14.17	6.36
0	622	14.14	8.33
0	623	14.14	8.2
0	624	14.1	0.0
0	625	14.09	12.31
0	626	14.05	8.1
0	627	14.03	6.42
0	628	14.0	12.27
0	629	14.0	0.0
0	630	14.0	4.35
0	631	13.98	0.0
0	632	13.97	12.81
0	633	13.94	0.0
0	634	13.94	12.02
0	635	13.94	12.72
0	636	13.93	8.27
0	637	13.9	12.98
0	638	13.9	0.0
0	639	13.87	0.76
0	640	13.85	9.77
0	641	13.83	0.19
0	642	13.82	6.52
0	643	13.77	0.0
0	644	13.76	5.48
0	645	13.74	0.0
0	646	13.72	6.08
0	647	13.72	0.0
0	648	13.66	0.0
0	649	13.66	10.92
0	650	13.65	5.57
0	651	13.61	11.27
0	652	13.61	5.38
0	653	13.6	7.06
0	654	13.6	12.54
0	655	13.59	5.42
0	656	13.53	8.59
0	657	13.5	0.0
0	658	13.48	0.0
0	659	13.48	9.99
0	660	13.44	7.09
0	661	13.39	0.0
0	662	13.34	9.78
0	663	13.32	6.91
0	664	13.28	12.56
0	665	13.27	3.67
0	666	13.23	0.0
0	667	13.2	10.73
0	668	13.19	0.0
0	669	13.14	6.79
0	670	13.14	11.61
0	671	13.12	0.0
0	672	13.1	0.0
0	673	13.07	2.57
0	674	13.06	7.75
0	675	13.05	12.15
0	676	13.03	4.66
0	677	13.03	12.71
0	678	13.01	4.8
0	679	13.0	0.0
0	680	12.97	8.17
0	681	12.93	0.0
0	682	12.9	12.71
0	683	12.87	0.0
0	684	12.86	10.57
0	685	12.85	1.48
0	686	12.83	12.71
0	687	12.79	0.0
0	688	12.76	0.0
0	689	12.71	0.0
0	690	12.69	0.0
0	691	12.66	7.37
0	692	12.64	1.6
0	693	12.62	7.58
0	694	12.61	7.69
0	695	12.61	9.85
0	696	12.61	11.29
0	697	12.53	2.2
0	698	12.52	4.81
0	699	12.47	9.72
0	700	12.45	11.91
0	701	12.39	8.12
0	702	12.38	10.9
0	703	12.37	2.67
0	704	12.37	5.35
0	705	12.34	5.46
0	706	12.34	9.35
0	707	12.34	0.0
0	708	12.33	0.0
0	709	12.31	0.0
0	710	12.3	0.0
0	711	12.28	8.35
0	712	12.26	0.0
0	713	12.24	0.0
0	714	12.24	3.33
0	715	12.24	2.63
0	716	12.24	10.02
0	717	12.22	2.64
0	718	12.21	0.0
0	719	12.21	0.0
0	720	12.2	1.22
0	721	12.2	10.55
0	722	12.18	4.0
0	723	12.16	7.7
0	724	12.15	5.39
0	725	12.14	10.68
0	726	12.14	5.94
0	727	12.09	0.0
0	728	12.09	1.28
0	729	12.08	0.0
0	730	12.06	10.46
0	731	12.06	11.91
0	732	12.03	0.0
0	733	12.03	0.0
0	734	11.99	1.16
0	735	11.97	10.14
0	736	11.97	8.13
0	737	11.96	0.0
0	738	11.95	5.48
0	739	11.91	11.83
0	740	11.91	11.0
0	741	11.91	11.33
0	742	11.9	0.0
0	743	11.87	0.0
0	744	11.87	0.0
0	745	11.86	0.0
0	746	11.86	3.47
0	747	11.85	0.0
0	748	11.82	1.87
0	749	11.74	10.87
0	750	11.73	0.0
0	751	11.73	4.99
0	752	11.72	4.35
0	753	11.71	9.5
0	754	11.67	1.79
0	755	11.63	0.0
0	756	11.6	8.77
0	757	11.59	2.97
0	758	11.57	10.71
0	759	11.56	7.15
0	760	11.56	9.17
0	761	11.55	0.0
0	762	11.53	0.0
0	763	11.52	10.47
0	764	11.51	7.27
0	765	11.5	7.54
0	766	11.5	8.6
0	767	11.47	9.05
0	768	11.46	0.0
0	769	11.45	5.72
0	770	11.43	0.0
0	771	11.4	0.0
0	772	11.4	0.0
0	773	11.4	4.55
0	774	11.4	0.0
0	775	11.37	0.0
0	776	11.37	3.98
0	777	11.36	0.0
0	778	11.28	0.0
0	779	11.25	2.99
0	780	11.24	0.0
0	781	11.22	4.97
0	782	11.21	0.0
0	783	11.21	9.38
0	784	11.2	4.41
0	785	11.19	0.0
0	786	11.18	6.9
0	787	11.17	0.0
0	788	11.16	0.0
0	789	11.16	8.97
0	790	11.16	5.73
0	791	11.14	0.95
0	792	11.1	9.21
0	793	11.09	9.4
0	794	11.08	0.0
0	795	11.07	0.0
0	796	11.0	0.0
0	797	11.0	0.0
0	798	10.98	5.7
0	799	10.95	0.0
0	800	10.95	6.86
0	801	10.94	0.0
0	802	10.92	6.8
0	803	10.92	0.0
0	804	10.9	10.46
0	805	10.87	1.4
0	806	10.83	7.06
0	807	10.83	0.0
0	808	10.83	6.59
0	809	10.82	7.7
0	810	10.81	1.57
0	811	10.8	0.0
0	812	10.8	0.0
0	813	10.8	4.92
0	814	10.79	0.0
0	815	10.78	4.48
0	816	10.78	3.6
0	817	10.78	9.86
0	818	10.78	0.0
0	819	10.76	7.94
0	820	10.75	0.0
0	821	10.75	0.0
0	822	10.75	0.0
0	823	10.72	0.94
0	824	10.7	3.13
0	825	10.69	10.29
0	826	10.68	0.0
0	827	10.66	6.66
0	828	10.64	3.84
0	829	10.64	4.48
0	830	10.59	0.0
0	831	10.58	0.0
0	832	10.57	7.67
0	833	10.57	4.96
0	834	10.55	0.0
0	835	10.49	10.15
0	836	10.48	9.67
0	837	10.48	7.46
0	838	10.48	3.83
0	839	10.46	8.73
0	840	10.45	2.91
0	841	10.45	0.0
0	842	10.43	7.46
0	843	10.43	8.9
0	844	10.42	9.6
0	845	10.41	10.07
0	846	10.4	9.68
0	847	10.33	0.0
0	848	10.29	0.0
0	849	10.28	7.37
0	850	10.26	0.0
0	851	10.26	8.2
0	852	10.25	5.44
0	853	10.22	0.0
0	854	10.19	0.51
0	855	10.14	0.0
0	856	10.08	0.0
0	857	10.05	7.44
0	858	10.05	9.37
0	859	10.04	4.09
0	860	10.03	8.7
0	861	10.03	9.01
0	862	10.01	0.0
0	863	10.01	9.84
0	864	10.0	0.0
0	865	9.99	0.0
0	866	9.97	9.47
0	867	9.97	0.0
0	868	9.96	0.58
0	869	9.96	0.0
0	870	9.89	3.36
0	871	9.89	8.69
0	872	9.87	0.0
0	873	9.86	1.2
0	874	9.85	0.0
0	875	9.84	0.0
0	876	9.81	8.76
0	877	9.8	9.3
0	878	9.8	1.99
0	879	9.79	6.54
0	880	9.76	7.68
0	881	9.74	0.0
0	882	9.73	0.0
0	883	9.73	5.41
0	884	9.7	0.94
0	885	9.7	0.0
0	886	9.7	8.98
0	887	9.69	7.26
0	888	9.65	4.27
0	889	9.65	0.0
0	890	9.65	3.36
0	891	9.63	0.0
0	892	9.63	6.26
0	893	9.62	1.82
0	894	9.61	5.97
0	895	9.59	3.52
0	896	9.58	0.0
0	897	9.58	0.0
0	898	9.56	5.16
0	899	9.55	3.96
0	900	9.51	0.0
0	901	9.51	0.0
0	902	9.49	8.47
0	903	9.48	1.85
0	904	9.46	8.45
0	905	9.46	0.0
0	906	9.45	0.0
0	907	9.42	8.47
0	908	9.41	9.25
0	909	9.36	5.71
0	910	9.36	0.0
0	911	9.34	3.64
0	912	9.32	0.0
0	913	9.28	0.0
0	914	9.26	5.5
0	915	9.25	0.0
0	916	9.22	0.0
0	917	9.18	5.46
0	918	9.17	0.0
0	919	9.16	0.0
0	920	9.13	0.0
0	921	9.12	1.28
0	922	9.11	0.0
0	923	9.1	6.51
0	924	9.09	0.0
0	925	9.05	7.22
0	926	9.03	0.0
0	927	9.01	5.38
0	928	9.0	0.0
0	929	8.96	5.84
0	930	8.96	1.17
0	931	8.91	7.86
0	932	8.9	8.54
0	933	8.9	5.59
0	934	8.9	1.94
0	935	8.89	7.74
0	936	8.89	6.77
0	937	8.88	6.73
0	938	8.84	0.0
0	939	8.82	0.0
0	940	8.82	0.0
0	941	8.81	0.0
0	942	8.79	0.0
0	943	8.78	0.0
0	944	8.78	0.19
0	945	8.78	4.16
0	946	8.77	2.44
0	947	8.77	0.0
0	948	8.77	0.0
0	949	8.77	0.0
0	950	8.73	0.0
0	951	8.72	0.0
0	952	8.71	0.0
0	953	8.7	0.0
0	954	8.68	4.88
0	955	8.67	0.0
0	956	8.66	0.0
0	957	8.66	1.87
0	958	8.66	0.0
0	959	8.65	6.48
0	960	8.64	1.04
0	961	8.63	0.0
0	962	8.6	8.32
0	963	8.59	0.0
0	964	8.59	2.5
0	965	8.58	5.51
0	966	8.53	6.84
0	967	8.52	0.0
0	968	8.51	0.0
0	969	8.5	0.0
0	970	8.5	6.83
0	971	8.5	0.0
0	972	8.46	0.94
0	973	8.43	1.05
0	974	8.42	0.0
0	975	8.37	0.0
0	976	8.37	5.36
0	977	8.37	0.0
0	978	8.36	7.01
0	979	8.36	3.18
0	980	8.33	7.06
0	981	8.31	6.19
0	982	8.31	0.0
0	983	8.3	0.88
0	984	8.29	2.32
0	985	8.28	7.82
0	986	8.27	0.0
0	987	8.27	6.43
0	988	8.26	5.85
0	989	8.2	0.0
0	990	8.19	0.0
0	991	8.19	5.2
0	992	8.16	0.94
0	993	8.15	0.0
0	994	8.15	0.0
0	995	8.13	0.58
0	996	8.11	2.18
0	997	8.11	0.0
0	998	8.11	0.0
0	999	8.1	0.0
0	1000	8.09	0.0
0	1001	8.09	7.53
0	1002	8.08	2.98
0	1003	8.08	5.75
0	1004	8.08	0.0
0	1005	8.06	3.69
0	1006	8.04	6.7
0	1007	8.02	2.72
0	1008	7.98	3.63
0	1009	7.97	2.05
0	1010	7.96	0.0
0	1011	7.96	4.94
0	1012	7.95	6.55
0	1013	7.93	7.04
0	1014	7.92	6.57
0	1015	7.91	0.0
0	1016	7.91	4.29
0	1017	7.91	0.0
0	1018	7.87	0.0
0	1019	7.85	0.0
0	1020	7.83	0.0
0	1021	7.81	1.45
0	1022	7.81	0.45
0	1023	7.8	0.0
0	1024	7.77	6.22
0	1025	7.77	0.0
0	1026	7.76	0.0
0	1027	7.74	2.08
0	1028	7.73	1.0
0	1029	7.72	0.0
0	1030	7.72	3.61
0	1031	7.67	0.0
0	1032	7.65	0.0
0	1033	7.65	0.0
0	1034	7.64	0.0
0	1035	7.63	4.01
0	1036	7.57	6.84
0	1037	7.55	0.0
0	1038	7.53	2.82
0	1039	7.5	7.35
0	1040	7.5	1.9
0	1041	7.48	0.48
0	1042	7.48	1.72
0	1043	7.45	5.45
0	1044	7.44	6.48
0	1045	7.44	4.06
0	1046	7.43	0.0
0	1047	7.41	0.0
0	1048	7.35	0.0
0	1049	7.35	3.28
0	1050	7.34	0.0
0	1051	7.34	0.0
0	1052	7.31	0.66
0	1053	7.31	0.0
0	1054	7.31	0.02
0	1055	7.28	0.0
0	1056	7.26	6.84
0	1057	7.26	3.68
0	1058	7.24	4.26
0	1059	7.23	6.26
0	1060	7.23	0.0
0	1061	7.22	0.84
0	1062	7.2	0.0
0	1063	7.19	1.4
0	1064	7.18	0.0
0	1065	7.17	0.0
0	1066	7.17	4.46
0	1067	7.16	3.93
0	1068	7.14	0.0
0	1069	7.14	0.0
0	1070	7.14	2.98
0	1071	7.13	0.0
0	1072	7.11	5.13
0	1073	7.11	0.0
0	1074	7.1	2.48
0	1075	7.1	3.93
0	1076	7.09	2.17
0	1077	7.07	6.3
0	1078	7.07	0.33
0	1079	7.06	0.0
0	1080	7.0	0.0
0	1081	6.97	0.0
0	1082	6.95	0.0
0	1083	6.93	5.5
0	1084	6.93	6.32
0	1085	6.92	0.0
0	1086	6.91	5.51
0	1087	6.89	5.37
0	1088	6.89	0.0
0	1089	6.87	0.0
0	1090	6.87	4.21
0	1091	6.84	0.0
0	1092	6.83	5.63
0	1093	6.83	1.34
0	1094	6.77	0.0
0	1095	6.76	0.0
0	1096	6.75	1.46
0	1097	6.72	6.17
0	1098	6.66	0.0
0	1099	6.65	4.67
0	1100	6.65	0.0
0	1101	6.65	0.0
0	1102	6.64	4.63
0	1103	6.61	0.0
0	1104	6.59	0.0
0	1105	6.58	0.0
0	1106	6.57	0.0
0	1107	6.51	0.0
0	1108	6.51	0.0
0	1109	6.51	4.45
0	1110	6.5	5.85
0	1111	6.5	0.64
0	1112	6.49	0.0
0	1113	6.47	1.74
0	1114	6.46	3.81
0	1115	6.45	0.0
0	1116	6.43	0.0
0	1117	6.43	0.0
0	1118	6.42	0.0
0	1119	6.42	0.0
0	1120	6.4	0.0
0	1121	6.37	5.69
0	1122	6.35	5.27
0	1123	6.34	6.14
0	1124	6.33	0.0
0	1125	6.33	5.73
0	1126	6.32	0.98
0	1127	6.31	5.6
0	1128	6.26	0.0
0	1129	6.26	0.0
0	1130	6.24	0.0
0	1131	6.21	0.0
0	1132	6.18	5.52
0	1133	6.15	4.97
0	1134	6.12	2.92
0	1135	6.12	0.0
0	1136	6.12	0.0
0	1137	6.1	0.0
0	1138	6.1	0.74
0	1139	6.09	0.0
0	1140	6.09	5.45
0	1141	6.08	0.0
0	1142	6.06	0.0
0	1143	6.04	1.55
0	1144	6.04	5.23
0	1145	6.03	0.0
0	1146	6.02	0.0
0	1147	6.02	2.29
0	1148	6.0	0.0
0	1149	5.98	0.0
0	1150	5.96	0.0
0	1151	5.95	5.66
0	1152	5.92	5.37
0	1153	5.91	0.0
0	1154	5.9	0.0
0	1155	5.89	0.0
0	1156	5.88	0.0
0	1157	5.88	0.0
0	1158	5.86	0.0
0	1159	5.86	2.41
0	1160	5.83	0.64
0	1161	5.83	2.94
0	1162	5.79	0.82
0	1163	5.78	5.46
0	1164	5.76	2.61
0	1165	5.75	1.66
0	1166	5.75	5.7
0	1167	5.74	4.11
0	1168	5.73	0.0
0	1169	5.73	2.42
0	1170	5.73	0.0
0	1171	5.71	0.0
0	1172	5.65	1.66
0	1173	5.64	0.0
0	1174	5.64	0.0
0	1175	5.63	1.08
0	1176	5.62	1.02
0	1177	5.62	0.0
0	1178	5.62	0.0
0	1179	5.61	1.78
0	1180	5.6	2.32
0	1181	5.59	4.34
0	1182	5.58	0.0
0	1183	5.55	0.0
0	1184	5.55	0.0
0	1185	5.53	0.0
0	1186	5.53	3.01
0	1187	5.51	0.0
0	1188	5.51	4.55
0	1189	5.51	0.0
0	1190	5.5	5.2
0	1191	5.5	0.0
0	1192	5.49	0.0
0	1193	5.48	0.0
0	1194	5.47	2.47
0	1195	5.46	0.0
0	1196	5.46	0.0
0	1197	5.46	0.0
0	1198	5.45	0.0
0	1199	5.44	0.0
0	1200	5.39	4.26
0	1201	5.39	5.32
0	1202	5.36	1.68
0	1203	5.34	0.17
0	1204	5.33	0.0
0	1205	5.33	1.7
0	1206	5.31	0.0
0	1207	5.31	3.29
0	1208	5.3	0.0
0	1209	5.29	0.0
0	1210	5.25	3.64
0	1211	5.24	0.0
0	1212	5.22	0.68
0	1213	5.2	2.96
0	1214	5.2	0.0
0	1215	5.16	3.77
0	1216	5.16	0.0
0	1217	5.14	0.0
0	1218	5.14	2.74
0	1219	5.13	2.4
0	1220	5.13	0.0
0	1221	5.12	0.0
0	1222	5.12	4.49
0	1223	5.09	4.79
0	1224	5.08	1.23
0	1225	5.08	0.0
0	1226	5.06	0.0
0	1227	5.06	0.0
0	1228	5.05	0.0
0	1229	5.05	0.0
0	1230	5.02	0.0
0	1231	5.01	0.0
0	1232	4.99	0.0
0	1233	4.98	4.23
0	1234	4.97	3.43
0	1235	4.97	2.28
0	1236	4.96	3.22
0	1237	4.95	0.0
0	1238	4.89	0.96
0	1239	4.87	0.0
0	1240	4.87	0.0
0	1241	4.86	0.0
0	1242	4.85	0.0
0	1243	4.83	2.49
0	1244	4.83	0.0
0	1245	4.81	0.0
0	1246	4.77	0.0
0	1247	4.75	2.97
0	1248	4.74	0.0
0	1249	4.73	3.4
0	1250	4.73	0.0
0	1251	4.73	1.82
0	1252	4.71	0.0
0	1253	4.69	0.0
0	1254	4.69	0.0
0	1255	4.68	0.0
0	1256	4.68	0.0
0	1257	4.63	0.1
0	1258	4.63	2.32
0	1259	4.62	0.0
0	1260	4.61	3.03
0	1261	4.59	4.44
0	1262	4.59	0.0
0	1263	4.59	0.0
0	1264	4.58	0.0
0	1265	4.57	0.0
0	1266	4.57	1.83
0	1267	4.56	0.0
0	1268	4.54	0.0
0	1269	4.49	3.99
0	1270	4.49	0.0
0	1271	4.49	0.0
0	1272	4.45	0.0
0	1273	4.45	0.0
0	1274	4.43	0.0
0	1275	4.42	0.0
0	1276	4.4	3.82
0	1277	4.39	3.38
0	1278	4.37	0.0
0	1279	4.35	0.0
0	1280	4.33	0.0
0	1281	4.33	3.19
0	1282	4.29	0.0
0	1283	4.29	0.0
0	1284	4.29	0.87
0	1285	4.28	0.0
0	1286	4.28	1.18
0	1287	4.28	0.0
0	1288	4.25	0.0
0	1289	4.25	0.0
0	1290	4.25	3.01
0	1291	4.23	0.0
0	1292	4.22	1.85
0	1293	4.21	1.6
0	1294	4.2	0.0
0	1295	4.2	3.52
0	1296	4.18	0.0
0	1297	4.16	0.0
0	1298	4.16	0.23
0	1299	4.15	3.16
0	1300	4.14	0.0
0	1301	4.13	0.98
0	1302	4.13	0.0
0	1303	4.11	0.0
0	1304	4.11	0.0
0	1305	4.11	2.49
0	1306	4.11	0.13
0	1307	4.07	0.0
0	1308	4.01	3.69
0	1309	4.0	0.0
0	1310	4.0	2.44
0	1311	3.99	0.14
0	1312	3.98	0.0
0	1313	3.98	0.0
0	1314	3.97	2.79
0	1315	3.96	3.78
0	1316	3.91	0.0
0	1317	3.9	0.0
0	1318	3.86	2.13
0	1319	3.84	3.62
0	1320	3.83	0.0
0	1321	3.81	0.0
0	1322	3.79	1.5
0	1323	3.78	3.07
0	1324	3.78	0.0
0	1325	3.76	2.39
0	1326	3.75	0.0
0	1327	3.74	0.0
0	1328	3.73	0.0
0	1329	3.73	0.0
0	1330	3.7	0.0
0	1331	3.7	0.0
0	1332	3.68	1.89
0	1333	3.68	0.0
0	1334	3.66	0.0
0	1335	3.65	1.93
0	1336	3.64	0.0
0	1337	3.62	0.0
0	1338	3.62	0.0
0	1339	3.59	0.0
0	1340	3.58	0.0
0	1341	3.58	1.63
0	1342	3.58	0.0
0	1343	3.57	0.0
0	1344	3.56	2.42
0	1345	3.55	0.0
0	1346	3.55	0.0
0	1347	3.55	0.0
0	1348	3.55	0.0
0	1349	3.53	1.52
0	1350	3.52	0.0
0	1351	3.52	3.24
0	1352	3.48	0.33
0	1353	3.48	1.79
0	1354	3.47	0.0
0	1355	3.47	0.0
0	1356	3.46	0.0
0	1357	3.46	0.0
0	1358	3.46	0.0
0	1359	3.46	1.14
0	1360	3.45	0.0
0	1361	3.45	0.0
0	1362	3.44	0.0
0	1363	3.43	0.0
0	1364	3.42	0.0
0	1365	3.41	0.0
0	1366	3.39	0.0
0	1367	3.38	0.0
0	1368	3.37	2.84
0	1369	3.36	0.0
0	1370	3.35	2.78
0	1371	3.34	0.0
0	1372	3.33	2.0
0	1373	3.31	0.0
0	1374	3.3	0.0
0	1375	3.29	0.0
0	1376	3.29	0.0
0	1377	3.27	0.0
0	1378	3.27	2.25
0	1379	3.26	0.0
0	1380	3.26	0.0
0	1381	3.25	0.0
0	1382	3.25	0.0
0	1383	3.23	2.75
0	1384	3.21	0.0
0	1385	3.2	0.0
0	1386	3.2	0.0
0	1387	3.19	0.0
0	1388	3.17	0.0
0	1389	3.16	0.06
0	1390	3.12	2.85
0	1391	3.12	1.75
0	1392	3.09	0.0
0	1393	3.08	0.0
0	1394	3.08	0.0
0	1395	3.05	1.93
0	1396	3.04	0.5
0	1397	3.02	0.0
0	1398	3.01	0.0
0	1399	2.98	0.0
0	1400	2.96	0.0
0	1401	2.96	2.51
0	1402	2.94	0.0
0	1403	2.92	0.0
0	1404	2.92	0.0
0	1405	2.92	0.0
0	1406	2.91	1.83
0	1407	2.88	2.66
0	1408	2.87	0.0
0	1409	2.84	0.0
0	1410	2.84	1.67
0	1411	2.83	2.44
0	1412	2.83	0.0
0	1413	2.82	0.0
0	1414	2.82	1.15
0	1415	2.82	0.0
0	1416	2.82	0.0
0	1417	2.81	0.0
0	1418	2.8	0.0
0	1419	2.78	0.0
0	1420	2.76	1.19
0	1421	2.76	0.49
0	1422	2.75	0.0
0	1423	2.75	0.68
0	1424	2.73	0.0
0	1425	2.73	0.0
0	1426	2.72	0.0
0	1427	2.72	0.0
0	1428	2.72	2.26
0	1429	2.71	0.0
0	1430	2.7	0.0
0	1431	2.7	0.0
0	1432	2.69	0.0
0	1433	2.68	0.0
0	1434	2.67	0.0
0	1435	2.66	0.29
0	1436	2.65	0.0
0	1437	2.62	2.41
0	1438	2.61	0.76
0	1439	2.6	1.19
0	1440	2.57	0.0
0	1441	2.55	0.0
0	1442	2.54	2.4
0	1443	2.53	0.0
0	1444	2.53	0.0
0	1445	2.52	0.0
0	1446	2.51	0.0
0	1447	2.49	1.76
0	1448	2.44	0.0
0	1449	2.41	0.0
0	1450	2.39	0.0
0	1451	2.39	0.0
0	1452	2.38	0.0
0	1453	2.37	0.0
0	1454	2.34	0.0
0	1455	2.31	0.0
0	1456	2.3	0.0
0	1457	2.29	0.0
0	1458	2.29	0.0
0	1459	2.28	0.3
0	1460	2.26	0.0
0	1461	2.25	0.0
0	1462	2.24	0.0
0	1463	2.23	0.0
0	1464	2.23	0.0
0	1465	2.23	0.0
0	1466	2.22	0.0
0	1467	2.21	1.72
0	1468	2.18	0.26
0	1469	2.17	0.0
0	1470	2.17	0.0
0	1471	2.14	0.0
0	1472	2.13	0.0
0	1473	2.13	0.0
0	1474	2.11	0.0
0	1475	2.11	0.0
0	1476	2.11	0.0
0	1477	2.1	0.0
0	1478	2.08	0.0
0	1479	2.08	0.0
0	1480	2.06	0.0
0	1481	2.06	0.0
0	1482	2.06	0.0
0	1483	2.06	0.0
0	1484	2.05	0.0
0	1485	2.05	0.0
0	1486	2.05	0.0
0	1487	2.04	0.0
0	1488	2.04	0.0
0	1489	2.01	0.0
0	1490	2.01	0.0
0	1491	2.0	0.0
0	1492	2.0	0.0
0	1493	1.99	0.0
0	1494	1.98	0.0
0	1495	1.97	0.0
0	1496	1.97	0.0
0	1497	1.96	0.76
0	1498	1.95	0.0
0	1499	1.95	0.0
0	1500	1.92	0.38
0	1501	1.9	0.0
0	1502	1.88	0.0
0	1503	1.88	0.0
0	1504	1.87	0.0
0	1505	1.86	0.0
0	1506	1.85	0.0
0	1507	1.84	1.12
0	1508	1.83	0.0
0	1509	1.83	0.19
0	1510	1.82	0.0
0	1511	1.82	0.0
0	1512	1.82	0.0
0	1513	1.81	0.0
0	1514	1.81	0.0
0	1515	1.79	0.0
0	1516	1.78	0.0
0	1517	1.77	0.47
0	1518	1.75	1.44
0	1519	1.75	0.0
0	1520	1.74	0.0
0	1521	1.74	0.0
0	1522	1.73	0.0
0	1523	1.73	0.0
0	1524	1.72	0.0
0	1525	1.71	0.0
0	1526	1.7	0.0
0	1527	1.7	0.0
0	1528	1.69	0.0
0	1529	1.69	0.0
0	1530	1.69	0.0
0	1531	1.67	0.0
0	1532	1.67	0.0
0	1533	1.67	0.0
0	1534	1.65	0.72
0	1535	1.65	0.0
0	1536	1.63	0.0
0	1537	1.62	0.0
0	1538	1.61	0.0
0	1539	1.61	0.0
0	1540	1.59	0.0
0	1541	1.59	0.0
0	1542	1.57	0.7
0	1543	1.57	0.0
0	1544	1.54	0.0
0	1545	1.54	0.0
0	1546	1.54	0.0
0	1547	1.54	0.69
0	1548	1.53	0.0
0	1549	1.52	0.0
0	1550	1.52	0.0
0	1551	1.51	0.0
0	1552	1.51	0.0
0	1553	1.5	0.0
0	1554	1.5	0.0
0	1555	1.49	0.0
0	1556	1.49	0.0
0	1557	1.49	0.0
0	1558	1.47	0.0
0	1559	1.45	0.0
0	1560	1.45	0.0
0	1561	1.45	0.0
0	1562	1.45	0.0
0	1563	1.44	0.0
0	1564	1.44	0.0
0	1565	1.43	0.0
0	1566	1.43	0.72
0	1567	1.42	0.0
0	1568	1.42	0.0
0	1569	1.41	0.0
0	1570	1.41	0.0
0	1571	1.39	0.0
0	1572	1.38	0.0
0	1573	1.37	0.0
0	1574	1.34	0.98
0	1575	1.34	0.0
0	1576	1.33	0.0
0	1577	1.33	0.0
0	1578	1.31	0.97
0	1579	1.31	0.0
0	1580	1.31	0.0
0	1581	1.3	0.0
0	1582	1.3	0.0
0	1583	1.3	0.0
0	1584	1.29	0.0
0	1585	1.29	0.0
0	1586	1.28	0.0
0	1587	1.28	0.0
0	1588	1.27	0.0
0	1589	1.27	0.0
0	1590	1.25	0.0
0	1591	1.24	0.0
0	1592	1.24	0.0
0	1593	1.24	0.0
0	1594	1.23	0.0
0	1595	1.2	0.0
0	1596	1.2	0.0
0	1597	1.19	0.53
0	1598	1.17	0.0
0	1599	1.17	0.53
0	1600	1.15	0.0
0	1601	1.13	0.0
0	1602	1.13	0.0
0	1603	1.12	0.0
0	1604	1.11	0.0
0	1605	1.09	0.0
0	1606	1.08	0.0
0	1607	1.06	0.0
0	1608	1.06	0.0
0	1609	1.02	0.0
0	1610	0.97	0.0
0	1611	0.96	0.0
0	1612	0.96	0.0
0	1613	0.94	0.0
0	1614	0.93	0.0
0	1615	0.92	0.6
0	1616	0.91	0.0
0	1617	0.9	0.0
0	1618	0.87	0.0
0	1619	0.86	0.0
0	1620	0.86	0.0
0	1621	0.85	0.0
0	1622	0.85	0.0
0	1623	0.83	0.0
0	1624	0.82	0.0
0	1625	0.81	0.0
0	1626	0.79	0.0
0	1627	0.78	0.0
0	1628	0.77	0.0
0	1629	0.77	0.0
0	1630	0.77	0.0
0	1631	0.77	0.0
0	1632	0.76	0.0
0	1633	0.73	0.0
0	1634	0.73	0.0
0	1635	0.72	0.0
0	1636	0.7	0.2
0	1637	0.68	0.34
0	1638	0.66	0.0
0	1639	0.65	0.0
0	1640	0.65	0.0
0	1641	0.65	0.0
0	1642	0.64	0.0
0	1643	0.64	0.0
0	1644	0.63	0.0
0	1645	0.62	0.0
0	1646	0.61	0.0
0	1647	0.61	0.0
0	1648	0.6	0.0
0	1649	0.59	0.0
0	1650	0.59	0.0
0	1651	0.57	0.0
0	1652	0.57	0.0
0	1653	0.56	0.0
0	1654	0.56	0.0
0	1655	0.53	0.0
0	1656	0.53	0.0
0	1657	0.51	0.0
0	1658	0.5	0.0
0	1659	0.47	0.0
0	1660	0.47	0.0
0	1661	0.46	0.27
0	1662	0.44	0.0
0	1663	0.43	0.3
0	1664	0.42	0.0
0	1665	0.42	0.0
0	1666	0.42	0.0
0	1667	0.42	0.0
0	1668	0.4	0.0
0	1669	0.39	0.0
0	1670	0.37	0.0
0	1671	0.37	0.0
0	1672	0.37	0.0
0	1673	0.36	0.0
0	1674	0.36	0.0
0	1675	0.34	0.0
0	1676	0.34	0.0
0	1677	0.33	0.0
0	1678	0.33	0.0
0	1679	0.32	0.0
0	1680	0.32	0.0
0	1681	0.31	0.12
0	1682	0.3	0.0
0	1683	0.27	0.0
0	1684	0.26	0.0
0	1685	0.24	0.0
0	1686	0.24	0.0
0	1687	0.23	0.0
0	1688	0.23	0.0
0	1689	0.23	0.0
0	1690	0.22	0.0
0	1691	0.19	0.0
0	1692	0.17	0.0
0	1693	0.17	0.0
0	1694	0.17	0.0
0	1695	0.16	0.0
0	1696	0.15	0.0
0	1697	0.13	0.0
0	1698	0.13	0.0
0	1699	0.12	0.0
0	1700	0.11	0.0
0	1701	0.11	0.0
0	1702	0.09	0.0
0	1703	0.09	0.0
0	1704	0.09	0.0
0	1705	0.07	0.0
0	1706	0.06	0.0
0	1707	0.06	0.0
0	1708	0.05	0.0
0	1709	0.04	0.0
0	1710	0.04	0.0
0	1711	0.04	0.0
0	1712	0.03	0.0
