clade	species	ts	te
0	1	100.0	81.28
0	2	88.69	85.03
0	3	88.05	81.07
0	4	86.89	80.3
0	5	86.87	85.42
0	6	86.43	85.3
0	7	83.18	79.28
0	8	82.15	80.67
0	9	81.94	81.52
0	10	81.66	79.4
0	11	80.7	74.84
0	12	80.32	49.41
0	13	78.01	74.32
0	14	75.63	36.6
0	15	73.05	71.13
0	16	69.66	55.82
0	17	67.97	58.42
0	18	67.48	64.66
0	19	66.09	40.02
0	20	64.81	60.36
0	21	64.04	33.92
0	22	63.74	56.14
0	23	63.45	56.06
0	24	63.02	46.01
0	25	61.2	54.56
0	26	61.13	44.17
0	27	59.87	29.64
0	28	59.38	56.88
0	29	59.21	44.58
0	30	58.76	58.02
0	31	58.36	43.42
0	32	58.25	52.78
0	33	57.52	53.04
0	34	57.11	51.65
0	35	56.27	37.5
0	36	56.09	38.89
0	37	55.83	54.61
0	38	55.59	44.85
0	39	54.97	47.75
0	40	54.92	52.83
0	41	54.14	51.44
0	42	53.91	35.24
0	43	53.61	49.92
0	44	53.05	52.26
0	45	52.86	43.91
0	46	52.8	49.55
0	47	52.56	41.3
0	48	52.49	51.63
0	49	52.18	40.58
0	50	52.16	50.97
0	51	52.08	32.46
0	52	51.86	51.14
0	53	51.78	46.29
0	54	51.22	49.97
0	55	51.06	51.01
0	56	50.72	41.01
0	57	49.85	45.15
0	58	49.75	47.78
0	59	48.85	46.4
0	60	48.8	33.18
0	61	48.52	46.32
0	62	48.49	40.77
0	63	48.18	5.78
0	64	47.87	47.52
0	65	47.87	35.89
0	66	47.73	34.98
0	67	47.11	36.64
0	68	47.03	21.84
0	69	46.98	45.42
0	70	46.57	28.85
0	71	46.2	45.7
0	72	45.95	29.26
0	73	45.91	43.81
0	74	45.82	38.55
0	75	45.62	27.42
0	76	45.32	19.85
0	77	45.19	29.55
0	78	44.9	42.21
0	79	44.84	0.0
0	80	44.68	34.1
0	81	44.56	43.86
0	82	44.38	40.13
0	83	43.78	35.57
0	84	43.54	13.13
0	85	43.53	39.86
0	86	43.14	41.97
0	87	43.03	33.66
0	88	42.83	38.36
0	89	42.82	42.55
0	90	42.76	35.85
0	91	42.56	34.26
0	92	42.45	35.22
0	93	42.13	22.33
0	94	41.98	22.34
0	95	41.75	37.3
0	96	41.74	31.92
0	97	41.49	40.38
0	98	41.41	33.22
0	99	41.33	0.0
0	100	41.31	38.32
0	101	41.31	35.5
0	102	41.3	40.18
0	103	41.18	32.58
0	104	40.95	39.23
0	105	40.52	30.65
0	106	40.52	12.82
0	107	40.21	33.48
0	108	40.15	36.94
0	109	39.95	0.0
0	110	39.84	32.89
0	111	39.81	38.94
0	112	39.65	23.93
0	113	39.38	35.19
0	114	39.2	38.34
0	115	39.2	20.34
0	116	39.13	15.4
0	117	39.11	36.48
0	118	39.08	18.46
0	119	38.87	33.17
0	120	38.86	38.26
0	121	38.77	20.33
0	122	38.75	36.74
0	123	38.74	16.84
0	124	38.73	29.04
0	125	38.53	27.72
0	126	38.37	0.0
0	127	38.31	35.56
0	128	38.17	28.95
0	129	38.06	0.0
0	130	37.98	33.56
0	131	37.91	18.39
0	132	37.52	34.75
0	133	37.46	29.48
0	134	37.44	33.65
0	135	37.35	21.59
0	136	37.17	32.1
0	137	37.16	35.6
0	138	37.16	25.63
0	139	37.05	32.46
0	140	36.91	36.14
0	141	36.68	36.01
0	142	36.67	4.69
0	143	36.64	33.01
0	144	36.58	25.4
0	145	36.51	0.0
0	146	36.37	17.7
0	147	36.27	33.18
0	148	36.08	24.69
0	149	36.03	30.29
0	150	35.96	34.11
0	151	35.79	31.24
0	152	35.75	34.78
0	153	35.74	17.47
0	154	35.61	29.88
0	155	35.61	31.79
0	156	35.12	30.17
0	157	35.08	10.6
0	158	35.0	34.65
0	159	34.97	17.8
0	160	34.87	33.28
0	161	34.61	31.15
0	162	34.44	24.89
0	163	34.32	30.91
0	164	34.31	29.1
0	165	34.23	28.95
0	166	34.08	14.15
0	167	34.04	29.2
0	168	33.9	27.52
0	169	33.9	32.59
0	170	33.88	11.81
0	171	33.72	26.71
0	172	33.56	21.1
0	173	33.43	31.25
0	174	33.27	28.32
0	175	33.26	18.17
0	176	33.21	14.05
0	177	33.16	32.78
0	178	33.14	28.06
0	179	33.13	27.82
0	180	33.12	17.98
0	181	33.0	21.93
0	182	32.98	32.42
0	183	32.98	15.64
0	184	32.97	30.58
0	185	32.91	28.0
0	186	32.75	21.29
0	187	32.65	20.43
0	188	32.62	28.57
0	189	32.56	29.99
0	190	32.47	32.1
0	191	32.32	23.35
0	192	32.26	30.78
0	193	32.22	30.22
0	194	31.94	22.48
0	195	31.91	31.56
0	196	31.89	29.86
0	197	31.73	26.94
0	198	31.71	30.68
0	199	31.63	19.63
0	200	31.59	31.37
0	201	31.39	28.18
0	202	31.26	2.93
0	203	31.2	17.63
0	204	31.16	0.0
0	205	31.03	27.91
0	206	30.93	15.03
0	207	30.72	19.04
0	208	30.66	22.08
0	209	30.66	22.81
0	210	30.61	22.58
0	211	30.49	28.22
0	212	30.31	26.29
0	213	30.3	29.47
0	214	30.27	26.92
0	215	30.23	16.14
0	216	29.93	23.08
0	217	29.87	15.0
0	218	29.85	14.01
0	219	29.61	23.63
0	220	29.57	29.36
0	221	29.51	8.82
0	222	29.41	24.88
0	223	29.32	24.34
0	224	29.19	26.87
0	225	29.16	3.22
0	226	29.11	26.19
0	227	29.06	0.0
0	228	29.04	14.77
0	229	29.04	26.39
0	230	28.98	0.0
0	231	28.84	0.0
0	232	28.84	27.54
0	233	28.81	16.27
0	234	28.8	27.53
0	235	28.7	12.85
0	236	28.66	0.0
0	237	28.65	0.0
0	238	28.61	13.29
0	239	28.59	26.65
0	240	28.52	25.62
0	241	28.49	27.68
0	242	28.38	27.65
0	243	28.15	0.0
0	244	28.03	27.87
0	245	27.99	20.83
0	246	27.89	7.52
0	247	27.88	23.82
0	248	27.86	20.34
0	249	27.81	12.49
0	250	27.76	22.68
0	251	27.74	14.21
0	252	27.71	17.21
0	253	27.67	9.65
0	254	27.64	26.53
0	255	27.6	25.01
0	256	27.47	27.1
0	257	27.41	21.02
0	258	27.34	22.58
0	259	27.33	0.0
0	260	27.33	19.84
0	261	27.29	9.2
0	262	27.23	26.14
0	263	27.22	13.28
0	264	27.21	15.82
0	265	27.16	9.1
0	266	27.03	20.3
0	267	26.97	13.14
0	268	26.96	23.1
0	269	26.93	19.02
0	270	26.89	12.66
0	271	26.85	17.98
0	272	26.84	18.43
0	273	26.79	16.51
0	274	26.75	23.79
0	275	26.75	0.0
0	276	26.59	23.7
0	277	26.56	4.2
0	278	26.53	14.1
0	279	26.41	18.03
0	280	26.28	9.32
0	281	26.27	25.9
0	282	26.27	15.19
0	283	26.25	2.46
0	284	26.06	22.46
0	285	26.03	16.27
0	286	26.02	17.15
0	287	25.98	24.57
0	288	25.95	23.1
0	289	25.92	23.71
0	290	25.92	24.44
0	291	25.88	16.71
0	292	25.85	23.73
0	293	25.81	7.52
0	294	25.78	0.0
0	295	25.75	17.01
0	296	25.75	13.74
0	297	25.74	23.65
0	298	25.66	16.7
0	299	25.62	18.88
0	300	25.61	5.14
0	301	25.52	24.6
0	302	25.51	24.87
0	303	25.46	13.68
0	304	25.4	19.46
0	305	25.38	18.7
0	306	25.3	0.0
0	307	25.28	0.0
0	308	25.05	21.71
0	309	25.04	11.85
0	310	25.03	21.84
0	311	25.01	13.19
0	312	24.98	24.87
0	313	24.84	23.27
0	314	24.82	18.02
0	315	24.73	20.33
0	316	24.71	11.28
0	317	24.68	22.9
0	318	24.63	0.0
0	319	24.61	20.66
0	320	24.61	19.82
0	321	24.51	20.52
0	322	24.37	9.7
0	323	24.35	7.68
0	324	24.34	18.49
0	325	24.32	15.43
0	326	24.29	22.5
0	327	24.17	17.66
0	328	24.13	8.65
0	329	24.04	2.88
0	330	24.01	21.76
0	331	23.94	0.0
0	332	23.93	18.75
0	333	23.89	17.32
0	334	23.87	9.22
0	335	23.79	0.0
0	336	23.77	11.73
0	337	23.76	23.7
0	338	23.75	17.51
0	339	23.7	22.33
0	340	23.67	0.0
0	341	23.65	17.09
0	342	23.63	16.32
0	343	23.55	23.05
0	344	23.39	22.95
0	345	23.38	0.0
0	346	23.35	19.75
0	347	23.33	22.26
0	348	23.31	19.34
0	349	23.31	17.22
0	350	23.25	5.29
0	351	23.24	7.01
0	352	23.1	14.88
0	353	23.02	5.24
0	354	22.97	21.35
0	355	22.97	21.46
0	356	22.96	4.58
0	357	22.89	0.0
0	358	22.88	21.96
0	359	22.81	6.29
0	360	22.75	15.59
0	361	22.72	12.69
0	362	22.71	18.35
0	363	22.71	16.27
0	364	22.65	22.19
0	365	22.65	22.08
0	366	22.64	0.0
0	367	22.63	6.32
0	368	22.62	21.6
0	369	22.59	13.08
0	370	22.5	22.43
0	371	22.49	11.36
0	372	22.46	21.99
0	373	22.46	14.53
0	374	22.42	20.77
0	375	22.35	0.56
0	376	22.34	17.62
0	377	22.33	0.0
0	378	22.32	18.43
0	379	22.31	0.0
0	380	22.3	20.67
0	381	22.23	0.0
0	382	22.23	11.56
0	383	22.12	15.74
0	384	22.12	20.0
0	385	22.1	0.03
0	386	22.06	7.69
0	387	22.03	17.17
0	388	22.02	18.87
0	389	21.94	0.0
0	390	21.83	12.13
0	391	21.75	11.25
0	392	21.74	17.77
0	393	21.71	21.48
0	394	21.68	12.71
0	395	21.66	21.01
0	396	21.64	0.0
0	397	21.61	12.66
0	398	21.61	1.89
0	399	21.56	19.26
0	400	21.5	16.06
0	401	21.48	15.72
0	402	21.43	15.29
0	403	21.39	13.14
0	404	21.35	18.18
0	405	21.31	21.09
0	406	21.29	21.1
0	407	21.2	0.04
0	408	21.18	13.57
0	409	21.18	12.81
0	410	21.17	12.56
0	411	21.16	17.56
0	412	21.14	19.56
0	413	21.08	17.0
0	414	21.01	17.13
0	415	20.99	0.0
0	416	20.99	12.47
0	417	20.95	8.31
0	418	20.92	0.0
0	419	20.81	2.07
0	420	20.8	9.18
0	421	20.66	15.54
0	422	20.66	0.0
0	423	20.65	5.85
0	424	20.59	17.14
0	425	20.41	0.0
0	426	20.4	19.71
0	427	20.36	17.36
0	428	20.36	7.19
0	429	20.33	0.0
0	430	20.29	19.52
0	431	20.26	12.78
0	432	20.24	16.19
0	433	20.2	17.36
0	434	20.18	9.06
0	435	20.15	0.0
0	436	20.13	20.12
0	437	20.1	19.17
0	438	20.09	0.0
0	439	20.08	7.57
0	440	20.03	19.55
0	441	19.93	16.28
0	442	19.9	18.63
0	443	19.86	14.02
0	444	19.86	13.98
0	445	19.83	0.76
0	446	19.77	9.42
0	447	19.74	19.26
0	448	19.72	16.05
0	449	19.64	10.38
0	450	19.63	3.2
0	451	19.62	9.74
0	452	19.6	0.0
0	453	19.58	18.37
0	454	19.57	0.0
0	455	19.56	14.26
0	456	19.55	0.0
0	457	19.54	16.05
0	458	19.52	17.42
0	459	19.51	10.06
0	460	19.51	12.78
0	461	19.47	7.82
0	462	19.4	17.61
0	463	19.35	16.44
0	464	19.34	9.39
0	465	19.32	18.85
0	466	19.31	12.54
0	467	19.29	17.26
0	468	19.25	10.58
0	469	19.23	18.9
0	470	19.21	0.0
0	471	19.16	9.94
0	472	19.08	7.39
0	473	19.04	4.56
0	474	19.04	18.5
0	475	19.03	17.17
0	476	18.98	1.62
0	477	18.95	13.93
0	478	18.93	1.21
0	479	18.92	0.54
0	480	18.85	18.72
0	481	18.84	13.92
0	482	18.8	18.26
0	483	18.64	3.91
0	484	18.64	18.42
0	485	18.63	11.05
0	486	18.59	8.73
0	487	18.52	11.05
0	488	18.49	6.12
0	489	18.48	0.0
0	490	18.43	15.03
0	491	18.39	11.67
0	492	18.35	14.35
0	493	18.35	9.88
0	494	18.33	0.0
0	495	18.31	0.0
0	496	18.28	0.0
0	497	18.26	15.26
0	498	18.24	12.14
0	499	18.24	17.98
0	500	18.23	16.68
0	501	18.22	10.92
0	502	18.21	10.65
0	503	18.21	0.0
0	504	18.2	11.32
0	505	18.17	13.19
0	506	18.17	6.48
0	507	18.16	0.26
0	508	18.16	15.96
0	509	18.13	15.21
0	510	18.11	11.77
0	511	18.07	17.73
0	512	18.07	0.0
0	513	18.03	0.0
0	514	18.0	7.15
0	515	17.96	0.0
0	516	17.96	0.0
0	517	17.96	14.72
0	518	17.87	17.26
0	519	17.86	0.0
0	520	17.85	14.36
0	521	17.84	16.45
0	522	17.82	3.77
0	523	17.8	16.41
0	524	17.76	11.74
0	525	17.73	2.4
0	526	17.73	5.77
0	527	17.68	14.07
0	528	17.66	16.0
0	529	17.63	0.0
0	530	17.59	17.34
0	531	17.59	14.48
0	532	17.57	3.54
0	533	17.57	0.0
0	534	17.51	6.36
0	535	17.43	14.84
0	536	17.42	10.33
0	537	17.39	8.12
0	538	17.39	7.92
0	539	17.3	17.07
0	540	17.29	15.82
0	541	17.26	0.0
0	542	17.23	16.44
0	543	17.23	14.28
0	544	17.21	15.11
0	545	17.2	11.84
0	546	17.15	2.88
0	547	17.12	17.06
0	548	17.07	0.0
0	549	17.06	15.68
0	550	17.06	3.4
0	551	17.02	11.9
0	552	17.01	11.16
0	553	16.92	0.0
0	554	16.92	0.0
0	555	16.87	7.52
0	556	16.85	15.19
0	557	16.78	15.87
0	558	16.74	13.04
0	559	16.74	2.49
0	560	16.67	13.52
0	561	16.63	7.51
0	562	16.61	15.87
0	563	16.58	0.0
0	564	16.57	1.88
0	565	16.55	13.66
0	566	16.54	12.28
0	567	16.43	0.0
0	568	16.39	2.81
0	569	16.38	8.87
0	570	16.31	14.24
0	571	16.31	12.33
0	572	16.3	6.12
0	573	16.23	12.88
0	574	16.22	14.98
0	575	16.21	9.82
0	576	16.2	7.3
0	577	16.2	5.98
0	578	16.19	0.0
0	579	16.19	0.0
0	580	16.18	4.79
0	581	16.15	13.16
0	582	16.14	0.0
0	583	16.11	10.74
0	584	16.1	0.0
0	585	16.07	15.86
0	586	16.06	2.26
0	587	16.06	5.29
0	588	15.98	0.0
0	589	15.9	0.0
0	590	15.89	13.52
0	591	15.89	1.97
0	592	15.88	14.26
0	593	15.85	11.85
0	594	15.85	5.98
0	595	15.83	11.36
0	596	15.81	12.11
0	597	15.79	11.82
0	598	15.72	0.0
0	599	15.72	13.61
0	600	15.68	6.38
0	601	15.66	6.51
0	602	15.65	5.11
0	603	15.64	5.97
0	604	15.63	9.14
0	605	15.63	15.36
0	606	15.59	4.67
0	607	15.57	0.0
0	608	15.54	4.81
0	609	15.53	10.34
0	610	15.53	0.0
0	611	15.47	0.0
0	612	15.4	14.83
0	613	15.39	5.13
0	614	15.39	11.17
0	615	15.37	0.0
0	616	15.37	11.03
0	617	15.36	14.6
0	618	15.33	8.41
0	619	15.32	0.0
0	620	15.31	15.11
0	621	15.24	1.97
0	622	15.17	4.5
0	623	15.15	0.0
0	624	15.14	5.87
0	625	15.14	6.69
0	626	15.14	5.27
0	627	15.13	8.14
0	628	15.11	5.72
0	629	15.07	6.95
0	630	15.06	6.68
0	631	15.0	0.0
0	632	15.0	7.38
0	633	14.97	6.35
0	634	14.96	0.0
0	635	14.94	11.69
0	636	14.91	6.96
0	637	14.9	11.66
0	638	14.9	0.0
0	639	14.81	5.43
0	640	14.8	13.77
0	641	14.8	0.0
0	642	14.79	13.01
0	643	14.77	12.13
0	644	14.69	14.3
0	645	14.62	0.0
0	646	14.62	8.12
0	647	14.61	0.0
0	648	14.61	9.1
0	649	14.6	7.57
0	650	14.58	12.71
0	651	14.52	13.38
0	652	14.52	10.53
0	653	14.52	13.04
0	654	14.51	0.0
0	655	14.47	12.56
0	656	14.46	13.84
0	657	14.43	0.0
0	658	14.41	10.63
0	659	14.4	0.89
0	660	14.39	12.61
0	661	14.37	10.99
0	662	14.35	5.52
0	663	14.35	12.59
0	664	14.34	0.33
0	665	14.34	0.0
0	666	14.31	13.1
0	667	14.31	12.31
0	668	14.3	2.76
0	669	14.3	0.0
0	670	14.28	12.18
0	671	14.27	0.0
0	672	14.26	0.0
0	673	14.22	13.62
0	674	14.2	0.0
0	675	14.19	0.0
0	676	14.14	7.79
0	677	14.11	9.57
0	678	14.11	0.0
0	679	14.1	12.52
0	680	14.06	10.55
0	681	14.01	0.0
0	682	13.95	9.79
0	683	13.94	0.0
0	684	13.84	7.75
0	685	13.8	0.0
0	686	13.77	10.31
0	687	13.75	1.28
0	688	13.65	13.41
0	689	13.61	11.27
0	690	13.6	0.0
0	691	13.59	5.61
0	692	13.59	10.15
0	693	13.58	12.38
0	694	13.55	3.4
0	695	13.54	8.93
0	696	13.52	12.85
0	697	13.48	10.61
0	698	13.46	12.91
0	699	13.45	0.0
0	700	13.42	9.93
0	701	13.42	12.26
0	702	13.41	3.63
0	703	13.39	6.11
0	704	13.37	0.0
0	705	13.35	6.39
0	706	13.33	11.54
0	707	13.32	11.59
0	708	13.3	2.74
0	709	13.28	0.0
0	710	13.26	0.0
0	711	13.24	8.06
0	712	13.23	10.31
0	713	13.21	9.99
0	714	13.19	0.0
0	715	13.17	12.05
0	716	13.16	12.07
0	717	13.15	1.36
0	718	13.13	12.72
0	719	13.12	11.13
0	720	13.12	0.0
0	721	13.12	12.28
0	722	13.09	2.88
0	723	13.09	0.0
0	724	13.09	11.39
0	725	13.08	12.42
0	726	13.08	10.01
0	727	13.05	8.64
0	728	13.03	9.54
0	729	13.0	7.76
0	730	13.0	3.41
0	731	12.97	9.19
0	732	12.96	0.0
0	733	12.96	4.68
0	734	12.93	0.0
0	735	12.93	0.0
0	736	12.92	12.52
0	737	12.9	0.0
0	738	12.9	8.99
0	739	12.9	0.0
0	740	12.89	12.6
0	741	12.88	0.0
0	742	12.87	7.59
0	743	12.86	0.0
0	744	12.86	12.79
0	745	12.85	5.12
0	746	12.82	4.96
0	747	12.82	9.94
0	748	12.81	0.0
0	749	12.78	11.51
0	750	12.78	11.27
0	751	12.76	12.54
0	752	12.76	2.22
0	753	12.75	4.94
0	754	12.75	10.53
0	755	12.73	10.49
0	756	12.71	7.8
0	757	12.69	4.34
0	758	12.69	0.0
0	759	12.66	11.36
0	760	12.65	5.63
0	761	12.61	11.66
0	762	12.61	11.51
0	763	12.6	0.0
0	764	12.58	11.0
0	765	12.56	4.29
0	766	12.56	0.26
0	767	12.55	0.0
0	768	12.55	2.0
0	769	12.55	8.89
0	770	12.54	4.23
0	771	12.54	9.83
0	772	12.52	0.0
0	773	12.52	0.0
0	774	12.51	0.0
0	775	12.49	10.43
0	776	12.46	0.0
0	777	12.44	10.49
0	778	12.44	0.0
0	779	12.42	3.7
0	780	12.42	6.61
0	781	12.41	8.95
0	782	12.38	0.0
0	783	12.37	3.42
0	784	12.35	0.0
0	785	12.34	0.0
0	786	12.33	9.59
0	787	12.23	6.16
0	788	12.19	2.57
0	789	12.18	11.97
0	790	12.17	3.91
0	791	12.16	7.75
0	792	12.12	8.01
0	793	12.09	0.0
0	794	12.07	5.64
0	795	12.05	10.65
0	796	12.03	9.84
0	797	12.02	0.0
0	798	12.02	0.0
0	799	11.98	0.0
0	800	11.96	5.13
0	801	11.94	5.63
0	802	11.93	5.14
0	803	11.9	2.96
0	804	11.87	0.0
0	805	11.86	8.37
0	806	11.85	11.58
0	807	11.82	0.47
0	808	11.75	0.0
0	809	11.74	0.0
0	810	11.72	0.62
0	811	11.69	0.0
0	812	11.68	7.24
0	813	11.65	2.12
0	814	11.63	1.22
0	815	11.58	0.0
0	816	11.57	9.5
0	817	11.54	10.34
0	818	11.53	0.0
0	819	11.51	0.0
0	820	11.51	3.13
0	821	11.49	9.36
0	822	11.48	8.53
0	823	11.47	10.48
0	824	11.47	0.0
0	825	11.45	7.25
0	826	11.45	0.0
0	827	11.45	6.89
0	828	11.44	0.0
0	829	11.43	6.29
0	830	11.41	8.11
0	831	11.4	0.0
0	832	11.38	0.0
0	833	11.37	0.54
0	834	11.34	1.71
0	835	11.32	9.37
0	836	11.31	0.0
0	837	11.3	0.0
0	838	11.27	9.28
0	839	11.23	9.8
0	840	11.23	0.0
0	841	11.22	0.0
0	842	11.2	0.0
0	843	11.15	6.47
0	844	11.14	1.0
0	845	11.14	6.65
0	846	11.1	10.91
0	847	11.08	8.91
0	848	11.05	10.85
0	849	11.04	0.96
0	850	11.02	6.06
0	851	10.97	0.0
0	852	10.96	10.56
0	853	10.93	0.0
0	854	10.91	9.36
0	855	10.86	0.0
0	856	10.85	10.6
0	857	10.85	0.0
0	858	10.81	4.52
0	859	10.8	9.49
0	860	10.76	3.35
0	861	10.73	9.67
0	862	10.71	2.0
0	863	10.71	7.73
0	864	10.68	0.0
0	865	10.63	0.0
0	866	10.63	1.79
0	867	10.61	0.0
0	868	10.6	0.0
0	869	10.6	4.92
0	870	10.6	0.0
0	871	10.59	0.0
0	872	10.59	8.54
0	873	10.58	6.5
0	874	10.55	7.18
0	875	10.54	8.3
0	876	10.54	0.0
0	877	10.52	7.98
0	878	10.52	8.8
0	879	10.5	3.24
0	880	10.43	10.27
0	881	10.4	6.16
0	882	10.39	7.95
0	883	10.37	0.0
0	884	10.35	0.0
0	885	10.34	0.0
0	886	10.33	8.67
0	887	10.32	9.57
0	888	10.31	2.75
0	889	10.31	0.0
0	890	10.25	0.0
0	891	10.25	5.08
0	892	10.24	8.99
0	893	10.22	3.43
0	894	10.18	8.97
0	895	10.18	0.0
0	896	10.16	6.7
0	897	10.16	4.54
0	898	10.14	5.82
0	899	10.14	0.0
0	900	10.14	8.47
0	901	10.13	0.9
0	902	10.09	0.0
0	903	10.09	0.0
0	904	10.08	0.0
0	905	10.05	0.0
0	906	10.03	0.79
0	907	10.03	6.69
0	908	10.03	0.0
0	909	10.01	8.7
0	910	9.99	5.22
0	911	9.99	3.06
0	912	9.94	0.0
0	913	9.94	0.0
0	914	9.94	0.0
0	915	9.93	6.07
0	916	9.9	0.0
0	917	9.9	8.72
0	918	9.88	0.0
0	919	9.86	0.0
0	920	9.86	0.38
0	921	9.85	0.73
0	922	9.82	5.18
0	923	9.8	9.4
0	924	9.79	0.0
0	925	9.79	0.0
0	926	9.78	6.27
0	927	9.75	7.98
0	928	9.74	7.13
0	929	9.73	6.54
0	930	9.73	1.88
0	931	9.7	0.0
0	932	9.68	0.0
0	933	9.67	8.55
0	934	9.64	3.77
0	935	9.63	8.07
0	936	9.63	6.59
0	937	9.62	0.0
0	938	9.61	0.43
0	939	9.58	0.0
0	940	9.57	7.82
0	941	9.56	0.93
0	942	9.55	4.85
0	943	9.51	0.0
0	944	9.49	8.16
0	945	9.49	7.52
0	946	9.48	0.0
0	947	9.46	0.0
0	948	9.46	8.43
0	949	9.45	8.49
0	950	9.45	7.72
0	951	9.44	8.6
0	952	9.44	0.0
0	953	9.42	1.71
0	954	9.35	4.59
0	955	9.34	7.26
0	956	9.31	8.49
0	957	9.29	3.01
0	958	9.28	0.9
0	959	9.28	7.51
0	960	9.27	5.1
0	961	9.24	0.0
0	962	9.18	8.73
0	963	9.18	0.0
0	964	9.18	0.0
0	965	9.16	0.0
0	966	9.1	0.0
0	967	9.1	5.97
0	968	9.1	0.0
0	969	9.08	6.77
0	970	9.05	2.65
0	971	9.05	5.67
0	972	9.05	8.98
0	973	9.04	3.35
0	974	9.04	4.54
0	975	9.04	0.0
0	976	9.03	0.0
0	977	9.03	1.61
0	978	9.03	8.64
0	979	9.01	2.24
0	980	9.0	0.0
0	981	8.99	2.04
0	982	8.99	7.42
0	983	8.99	5.84
0	984	8.99	0.0
0	985	8.98	3.04
0	986	8.96	0.0
0	987	8.96	2.17
0	988	8.96	7.66
0	989	8.93	0.0
0	990	8.93	0.0
0	991	8.91	0.0
0	992	8.9	6.85
0	993	8.89	0.0
0	994	8.88	7.43
0	995	8.88	0.0
0	996	8.86	0.0
0	997	8.85	0.0
0	998	8.83	0.0
0	999	8.82	0.0
0	1000	8.82	3.37
0	1001	8.82	0.0
0	1002	8.8	6.14
0	1003	8.8	8.72
0	1004	8.78	6.68
0	1005	8.78	0.0
0	1006	8.78	8.66
0	1007	8.75	3.64
0	1008	8.75	8.33
0	1009	8.75	6.94
0	1010	8.73	0.79
0	1011	8.72	2.77
0	1012	8.71	4.98
0	1013	8.69	7.84
0	1014	8.68	2.87
0	1015	8.68	0.0
0	1016	8.68	0.0
0	1017	8.67	0.0
0	1018	8.66	0.0
0	1019	8.65	0.0
0	1020	8.6	5.45
0	1021	8.58	0.0
0	1022	8.58	2.09
0	1023	8.56	5.32
0	1024	8.55	7.8
0	1025	8.52	8.24
0	1026	8.51	6.67
0	1027	8.51	0.0
0	1028	8.5	0.93
0	1029	8.48	0.0
0	1030	8.45	8.35
0	1031	8.44	8.14
0	1032	8.44	0.0
0	1033	8.44	6.54
0	1034	8.39	0.0
0	1035	8.38	0.0
0	1036	8.38	8.05
0	1037	8.37	5.97
0	1038	8.36	2.31
0	1039	8.33	7.94
0	1040	8.29	3.04
0	1041	8.29	5.09
0	1042	8.28	6.41
0	1043	8.28	0.0
0	1044	8.28	3.73
0	1045	8.26	0.0
0	1046	8.26	0.0
0	1047	8.24	3.01
0	1048	8.24	5.35
0	1049	8.23	6.67
0	1050	8.23	3.05
0	1051	8.22	0.0
0	1052	8.22	0.0
0	1053	8.21	0.0
0	1054	8.19	0.0
0	1055	8.16	0.0
0	1056	8.16	6.54
0	1057	8.16	0.0
0	1058	8.1	0.13
0	1059	8.1	6.0
0	1060	8.07	5.46
0	1061	8.05	4.99
0	1062	8.05	2.34
0	1063	8.01	0.0
0	1064	7.98	6.4
0	1065	7.98	0.0
0	1066	7.98	0.0
0	1067	7.98	4.3
0	1068	7.97	0.0
0	1069	7.97	2.58
0	1070	7.95	0.0
0	1071	7.94	4.97
0	1072	7.93	4.43
0	1073	7.93	0.97
0	1074	7.9	7.41
0	1075	7.9	0.64
0	1076	7.89	4.51
0	1077	7.88	0.0
0	1078	7.87	0.0
0	1079	7.83	0.0
0	1080	7.82	7.43
0	1081	7.82	7.52
0	1082	7.79	0.0
0	1083	7.78	0.0
0	1084	7.78	2.71
0	1085	7.77	0.0
0	1086	7.77	0.0
0	1087	7.74	2.26
0	1088	7.73	0.0
0	1089	7.71	0.0
0	1090	7.7	1.84
0	1091	7.7	0.0
0	1092	7.69	0.0
0	1093	7.67	0.0
0	1094	7.67	0.84
0	1095	7.66	0.0
0	1096	7.63	0.0
0	1097	7.62	0.0
0	1098	7.62	0.0
0	1099	7.59	6.43
0	1100	7.58	0.0
0	1101	7.55	3.84
0	1102	7.55	7.48
0	1103	7.55	7.5
0	1104	7.53	4.65
0	1105	7.51	0.0
0	1106	7.5	4.19
0	1107	7.49	7.29
0	1108	7.47	0.0
0	1109	7.46	0.0
0	1110	7.45	0.0
0	1111	7.44	0.15
0	1112	7.43	0.0
0	1113	7.42	0.0
0	1114	7.4	6.31
0	1115	7.4	0.0
0	1116	7.39	1.53
0	1117	7.38	0.0
0	1118	7.37	1.65
0	1119	7.37	7.13
0	1120	7.36	0.0
0	1121	7.35	1.56
0	1122	7.35	5.34
0	1123	7.34	0.0
0	1124	7.34	0.0
0	1125	7.33	0.0
0	1126	7.31	5.24
0	1127	7.31	6.93
0	1128	7.3	0.0
0	1129	7.29	0.0
0	1130	7.28	6.2
0	1131	7.28	0.0
0	1132	7.26	3.62
0	1133	7.26	0.0
0	1134	7.24	4.42
0	1135	7.24	5.14
0	1136	7.23	0.0
0	1137	7.22	5.89
0	1138	7.22	0.0
0	1139	7.21	0.0
0	1140	7.21	0.0
0	1141	7.21	0.0
0	1142	7.2	1.76
0	1143	7.19	4.31
0	1144	7.18	4.71
0	1145	7.18	3.37
0	1146	7.15	0.0
0	1147	7.13	5.42
0	1148	7.13	0.0
0	1149	7.12	6.12
0	1150	7.12	5.71
0	1151	7.06	0.0
0	1152	7.06	0.0
0	1153	7.06	0.0
0	1154	7.05	5.59
0	1155	7.04	0.0
0	1156	7.04	0.0
0	1157	7.03	0.0
0	1158	7.03	0.0
0	1159	7.02	4.37
0	1160	7.01	0.0
0	1161	7.01	0.0
0	1162	7.01	1.44
0	1163	7.0	0.0
0	1164	7.0	1.86
0	1165	6.99	5.79
0	1166	6.99	0.0
0	1167	6.98	2.58
0	1168	6.97	3.53
0	1169	6.95	0.0
0	1170	6.92	0.0
0	1171	6.91	6.35
0	1172	6.91	6.22
0	1173	6.88	4.13
0	1174	6.88	0.0
0	1175	6.87	0.0
0	1176	6.87	3.15
0	1177	6.87	0.0
0	1178	6.85	3.96
0	1179	6.84	3.07
0	1180	6.83	0.0
0	1181	6.8	0.0
0	1182	6.79	6.65
0	1183	6.77	2.21
0	1184	6.77	0.0
0	1185	6.76	5.56
0	1186	6.75	0.0
0	1187	6.74	0.0
0	1188	6.72	5.18
0	1189	6.72	0.0
0	1190	6.7	0.0
0	1191	6.7	3.33
0	1192	6.69	0.0
0	1193	6.67	2.54
0	1194	6.66	0.0
0	1195	6.65	0.0
0	1196	6.62	6.18
0	1197	6.62	1.55
0	1198	6.6	0.0
0	1199	6.59	1.22
0	1200	6.58	0.0
0	1201	6.58	0.0
0	1202	6.57	0.0
0	1203	6.56	5.26
0	1204	6.54	0.0
0	1205	6.54	1.99
0	1206	6.53	1.67
0	1207	6.52	0.0
0	1208	6.5	0.0
0	1209	6.5	2.95
0	1210	6.49	0.0
0	1211	6.47	4.71
0	1212	6.47	5.19
0	1213	6.46	0.0
0	1214	6.46	4.45
0	1215	6.43	2.16
0	1216	6.43	0.0
0	1217	6.43	2.25
0	1218	6.42	5.01
0	1219	6.41	3.23
0	1220	6.4	0.0
0	1221	6.38	1.74
0	1222	6.38	1.29
0	1223	6.37	0.0
0	1224	6.34	0.0
0	1225	6.34	0.0
0	1226	6.33	0.04
0	1227	6.33	0.0
0	1228	6.31	0.0
0	1229	6.3	2.17
0	1230	6.3	0.0
0	1231	6.3	5.54
0	1232	6.28	0.0
0	1233	6.28	0.0
0	1234	6.27	0.12
0	1235	6.27	0.0
0	1236	6.25	0.0
0	1237	6.24	0.0
0	1238	6.23	0.0
0	1239	6.22	0.0
0	1240	6.21	0.0
0	1241	6.21	0.0
0	1242	6.17	2.49
0	1243	6.16	3.93
0	1244	6.15	0.03
0	1245	6.15	0.31
0	1246	6.14	0.0
0	1247	6.14	0.0
0	1248	6.14	0.0
0	1249	6.11	0.0
0	1250	6.08	0.0
0	1251	6.06	0.0
0	1252	6.06	0.0
0	1253	6.06	0.28
0	1254	6.06	0.0
0	1255	6.03	1.91
0	1256	6.03	0.7
0	1257	6.02	0.63
0	1258	6.02	0.0
0	1259	5.99	5.67
0	1260	5.98	0.0
0	1261	5.97	4.53
0	1262	5.96	4.73
0	1263	5.96	0.0
0	1264	5.95	4.58
0	1265	5.94	3.4
0	1266	5.94	5.19
0	1267	5.93	5.35
0	1268	5.88	0.0
0	1269	5.87	0.0
0	1270	5.87	0.0
0	1271	5.85	0.0
0	1272	5.85	0.0
0	1273	5.83	0.0
0	1274	5.83	0.0
0	1275	5.77	0.0
0	1276	5.75	1.0
0	1277	5.74	5.6
0	1278	5.73	0.0
0	1279	5.72	0.0
0	1280	5.71	0.0
0	1281	5.7	0.0
0	1282	5.68	0.0
0	1283	5.67	0.0
0	1284	5.65	0.0
0	1285	5.65	1.38
0	1286	5.64	0.0
0	1287	5.63	0.0
0	1288	5.62	0.0
0	1289	5.61	0.0
0	1290	5.61	0.0
0	1291	5.61	5.36
0	1292	5.6	0.0
0	1293	5.59	0.0
0	1294	5.59	2.01
0	1295	5.58	0.0
0	1296	5.58	5.42
0	1297	5.57	1.61
0	1298	5.54	2.5
0	1299	5.52	5.16
0	1300	5.51	2.53
0	1301	5.51	0.0
0	1302	5.48	0.0
0	1303	5.47	0.82
0	1304	5.47	2.2
0	1305	5.47	4.44
0	1306	5.46	0.0
0	1307	5.45	0.0
0	1308	5.44	4.2
0	1309	5.44	4.72
0	1310	5.43	0.82
0	1311	5.41	0.0
0	1312	5.41	4.64
0	1313	5.4	2.8
0	1314	5.37	0.0
0	1315	5.35	0.0
0	1316	5.33	0.0
0	1317	5.33	0.0
0	1318	5.32	1.78
0	1319	5.32	0.0
0	1320	5.3	0.0
0	1321	5.27	3.28
0	1322	5.27	0.0
0	1323	5.27	5.13
0	1324	5.26	0.0
0	1325	5.26	3.16
0	1326	5.24	0.0
0	1327	5.24	4.62
0	1328	5.24	0.0
0	1329	5.23	0.0
0	1330	5.23	3.8
0	1331	5.22	0.0
0	1332	5.2	3.87
0	1333	5.2	1.2
0	1334	5.19	0.0
0	1335	5.19	0.0
0	1336	5.17	1.38
0	1337	5.17	0.0
0	1338	5.17	0.0
0	1339	5.16	0.0
0	1340	5.16	4.78
0	1341	5.14	0.0
0	1342	5.14	0.0
0	1343	5.12	0.0
0	1344	5.09	0.0
0	1345	5.07	0.0
0	1346	5.07	3.84
0	1347	5.06	3.48
0	1348	5.06	0.0
0	1349	5.04	1.07
0	1350	5.03	4.29
0	1351	4.99	0.0
0	1352	4.97	0.0
0	1353	4.96	0.0
0	1354	4.96	0.0
0	1355	4.95	0.0
0	1356	4.95	0.0
0	1357	4.94	3.39
0	1358	4.94	0.0
0	1359	4.93	3.31
0	1360	4.92	0.0
0	1361	4.9	0.0
0	1362	4.88	2.27
0	1363	4.87	1.32
0	1364	4.86	0.0
0	1365	4.84	4.15
0	1366	4.84	0.0
0	1367	4.83	0.0
0	1368	4.83	0.0
0	1369	4.82	0.0
0	1370	4.82	3.81
0	1371	4.81	0.0
0	1372	4.81	0.0
0	1373	4.81	4.17
0	1374	4.8	0.0
0	1375	4.79	0.0
0	1376	4.78	0.0
0	1377	4.76	0.0
0	1378	4.76	0.0
0	1379	4.75	3.02
0	1380	4.74	0.0
0	1381	4.7	0.0
0	1382	4.69	4.43
0	1383	4.66	3.38
0	1384	4.64	3.64
0	1385	4.64	0.83
0	1386	4.63	3.27
0	1387	4.61	0.0
0	1388	4.61	0.23
0	1389	4.58	0.0
0	1390	4.57	0.0
0	1391	4.57	0.0
0	1392	4.57	4.46
0	1393	4.56	2.09
0	1394	4.54	4.0
0	1395	4.53	4.24
0	1396	4.52	0.0
0	1397	4.5	0.0
0	1398	4.49	0.0
0	1399	4.49	1.64
0	1400	4.49	0.0
0	1401	4.48	0.0
0	1402	4.48	0.0
0	1403	4.48	0.0
0	1404	4.45	0.0
0	1405	4.44	0.0
0	1406	4.43	3.48
0	1407	4.42	0.0
0	1408	4.42	0.0
0	1409	4.41	0.0
0	1410	4.4	0.97
0	1411	4.39	0.95
0	1412	4.39	3.88
0	1413	4.38	0.0
0	1414	4.36	0.0
0	1415	4.35	0.0
0	1416	4.34	0.0
0	1417	4.33	0.0
0	1418	4.33	0.0
0	1419	4.32	2.78
0	1420	4.31	4.18
0	1421	4.31	0.0
0	1422	4.31	0.0
0	1423	4.3	0.0
0	1424	4.29	0.0
0	1425	4.29	0.0
0	1426	4.28	0.0
0	1427	4.28	0.0
0	1428	4.28	0.07
0	1429	4.27	1.85
0	1430	4.24	3.74
0	1431	4.21	0.0
0	1432	4.21	0.0
0	1433	4.18	0.0
0	1434	4.18	3.97
0	1435	4.16	0.0
0	1436	4.15	2.15
0	1437	4.14	1.62
0	1438	4.14	0.0
0	1439	4.14	0.0
0	1440	4.14	0.0
0	1441	4.14	2.69
0	1442	4.12	1.45
0	1443	4.11	0.0
0	1444	4.1	1.88
0	1445	4.09	2.66
0	1446	4.07	2.66
0	1447	4.07	0.0
0	1448	4.05	0.0
0	1449	4.05	0.0
0	1450	4.05	1.83
0	1451	4.02	0.0
0	1452	4.0	0.0
0	1453	3.99	0.0
0	1454	3.99	3.7
0	1455	3.96	3.43
0	1456	3.96	0.0
0	1457	3.95	0.0
0	1458	3.94	0.0
0	1459	3.94	3.07
0	1460	3.93	0.0
0	1461	3.93	0.0
0	1462	3.93	0.0
0	1463	3.92	0.0
0	1464	3.92	0.0
0	1465	3.92	0.0
0	1466	3.91	2.63
0	1467	3.87	0.0
0	1468	3.85	0.0
0	1469	3.84	0.0
0	1470	3.81	0.0
0	1471	3.8	0.0
0	1472	3.8	1.75
0	1473	3.79	0.09
0	1474	3.79	0.0
0	1475	3.79	0.78
0	1476	3.77	0.0
0	1477	3.77	0.0
0	1478	3.76	3.23
0	1479	3.75	0.0
0	1480	3.74	0.0
0	1481	3.73	0.0
0	1482	3.73	0.0
0	1483	3.71	0.0
0	1484	3.71	0.0
0	1485	3.71	0.0
0	1486	3.69	0.0
0	1487	3.68	0.0
0	1488	3.67	0.0
0	1489	3.66	0.0
0	1490	3.64	0.0
0	1491	3.63	3.24
0	1492	3.63	0.0
0	1493	3.62	0.0
0	1494	3.62	0.0
0	1495	3.61	0.0
0	1496	3.59	0.0
0	1497	3.56	0.97
0	1498	3.55	0.0
0	1499	3.51	0.0
0	1500	3.51	0.0
0	1501	3.51	2.63
0	1502	3.49	0.0
0	1503	3.47	0.0
0	1504	3.46	0.0
0	1505	3.46	3.22
0	1506	3.46	0.0
0	1507	3.46	0.0
0	1508	3.44	0.0
0	1509	3.43	0.0
0	1510	3.42	0.0
0	1511	3.42	0.0
0	1512	3.4	0.0
0	1513	3.38	0.0
0	1514	3.37	0.0
0	1515	3.37	2.95
0	1516	3.36	0.76
0	1517	3.36	0.0
0	1518	3.35	0.0
0	1519	3.34	0.0
0	1520	3.34	0.0
0	1521	3.33	0.0
0	1522	3.32	0.0
0	1523	3.32	0.0
0	1524	3.3	1.6
0	1525	3.29	0.0
0	1526	3.28	0.0
0	1527	3.26	0.0
0	1528	3.26	0.0
0	1529	3.26	2.13
0	1530	3.25	0.0
0	1531	3.24	0.0
0	1532	3.24	0.0
0	1533	3.23	1.98
0	1534	3.23	0.0
0	1535	3.23	0.0
0	1536	3.22	1.03
0	1537	3.21	0.0
0	1538	3.2	0.0
0	1539	3.19	2.44
0	1540	3.19	1.65
0	1541	3.19	0.0
0	1542	3.19	0.0
0	1543	3.17	0.0
0	1544	3.17	0.0
0	1545	3.17	0.0
0	1546	3.15	0.0
0	1547	3.15	0.0
0	1548	3.15	0.0
0	1549	3.14	0.0
0	1550	3.13	0.0
0	1551	3.13	0.01
0	1552	3.13	0.0
0	1553	3.12	0.0
0	1554	3.11	0.0
0	1555	3.11	0.0
0	1556	3.11	0.0
0	1557	3.1	0.0
0	1558	3.1	0.39
0	1559	3.09	1.35
0	1560	3.09	0.0
0	1561	3.09	0.0
0	1562	3.09	0.0
0	1563	3.08	0.0
0	1564	3.07	0.0
0	1565	3.04	0.42
0	1566	3.03	0.0
0	1567	3.03	0.0
0	1568	3.03	0.36
0	1569	3.02	0.91
0	1570	3.01	0.0
0	1571	3.01	0.0
0	1572	3.0	0.0
0	1573	2.99	0.38
0	1574	2.99	0.32
0	1575	2.97	0.0
0	1576	2.97	1.62
0	1577	2.96	0.0
0	1578	2.95	0.0
0	1579	2.95	0.0
0	1580	2.95	0.0
0	1581	2.93	0.0
0	1582	2.92	0.0
0	1583	2.92	0.0
0	1584	2.92	0.0
0	1585	2.92	0.0
0	1586	2.91	0.0
0	1587	2.9	0.0
0	1588	2.9	0.0
0	1589	2.89	1.85
0	1590	2.88	2.54
0	1591	2.87	2.56
0	1592	2.86	0.0
0	1593	2.85	0.74
0	1594	2.85	0.0
0	1595	2.85	1.1
0	1596	2.84	0.67
0	1597	2.82	0.0
0	1598	2.81	0.0
0	1599	2.8	0.0
0	1600	2.8	0.0
0	1601	2.8	0.0
0	1602	2.78	0.0
0	1603	2.77	0.0
0	1604	2.77	0.0
0	1605	2.76	0.0
0	1606	2.76	0.0
0	1607	2.76	0.0
0	1608	2.75	0.0
0	1609	2.73	0.0
0	1610	2.72	1.92
0	1611	2.71	0.0
0	1612	2.68	0.0
0	1613	2.66	0.92
0	1614	2.65	0.0
0	1615	2.61	2.15
0	1616	2.61	0.0
0	1617	2.6	0.0
0	1618	2.59	0.0
0	1619	2.57	0.0
0	1620	2.57	0.0
0	1621	2.56	0.0
0	1622	2.55	0.0
0	1623	2.55	0.0
0	1624	2.54	0.33
0	1625	2.53	0.0
0	1626	2.52	0.0
0	1627	2.51	1.57
0	1628	2.51	0.0
0	1629	2.49	0.0
0	1630	2.49	0.0
0	1631	2.49	0.0
0	1632	2.47	0.0
0	1633	2.46	0.0
0	1634	2.46	0.0
0	1635	2.42	1.32
0	1636	2.41	0.0
0	1637	2.41	0.0
0	1638	2.41	0.0
0	1639	2.39	0.0
0	1640	2.39	0.0
0	1641	2.38	0.0
0	1642	2.38	1.45
0	1643	2.37	0.0
0	1644	2.37	0.0
0	1645	2.35	0.05
0	1646	2.34	0.0
0	1647	2.33	0.0
0	1648	2.33	1.41
0	1649	2.33	0.0
0	1650	2.33	0.0
0	1651	2.32	0.0
0	1652	2.32	0.0
0	1653	2.32	0.3
0	1654	2.32	0.0
0	1655	2.31	0.0
0	1656	2.31	0.0
0	1657	2.3	0.0
0	1658	2.29	0.0
0	1659	2.28	0.0
0	1660	2.28	0.0
0	1661	2.27	0.0
0	1662	2.27	0.0
0	1663	2.27	1.14
0	1664	2.27	0.0
0	1665	2.27	0.0
0	1666	2.27	0.0
0	1667	2.27	0.0
0	1668	2.26	0.61
0	1669	2.24	0.0
0	1670	2.24	0.0
0	1671	2.24	0.0
0	1672	2.24	1.35
0	1673	2.23	0.0
0	1674	2.23	0.0
0	1675	2.23	0.0
0	1676	2.23	0.0
0	1677	2.21	0.0
0	1678	2.2	0.0
0	1679	2.19	0.0
0	1680	2.18	0.0
0	1681	2.17	0.0
0	1682	2.16	0.0
0	1683	2.14	0.0
0	1684	2.14	0.0
0	1685	2.12	0.0
0	1686	2.11	0.0
0	1687	2.11	0.0
0	1688	2.09	0.0
0	1689	2.08	0.14
0	1690	2.08	0.38
0	1691	2.07	0.0
0	1692	2.07	0.0
0	1693	2.07	0.0
0	1694	2.06	0.0
0	1695	2.05	0.0
0	1696	2.05	0.0
0	1697	2.05	0.0
0	1698	2.05	0.0
0	1699	2.05	0.0
0	1700	2.04	0.0
0	1701	2.03	0.0
0	1702	2.01	0.0
0	1703	2.01	0.0
0	1704	2.0	0.0
0	1705	1.99	0.0
0	1706	1.99	0.0
0	1707	1.98	0.0
0	1708	1.96	0.0
0	1709	1.95	0.0
0	1710	1.94	0.0
0	1711	1.94	0.0
0	1712	1.94	0.7
0	1713	1.93	0.0
0	1714	1.92	0.0
0	1715	1.91	0.0
0	1716	1.91	0.0
0	1717	1.9	0.0
0	1718	1.89	0.0
0	1719	1.89	0.0
0	1720	1.89	0.0
0	1721	1.87	0.0
0	1722	1.86	0.0
0	1723	1.85	0.0
0	1724	1.83	1.19
0	1725	1.82	0.0
0	1726	1.82	0.0
0	1727	1.81	0.0
0	1728	1.8	0.0
0	1729	1.8	0.0
0	1730	1.8	0.0
0	1731	1.78	1.64
0	1732	1.77	0.82
0	1733	1.77	0.0
0	1734	1.77	0.0
0	1735	1.76	0.0
0	1736	1.75	0.0
0	1737	1.73	0.0
0	1738	1.73	0.0
0	1739	1.72	0.0
0	1740	1.71	0.0
0	1741	1.71	0.0
0	1742	1.69	0.0
0	1743	1.68	0.67
0	1744	1.68	0.0
0	1745	1.67	0.0
0	1746	1.67	0.0
0	1747	1.66	0.0
0	1748	1.66	0.0
0	1749	1.65	0.0
0	1750	1.63	0.0
0	1751	1.63	1.23
0	1752	1.63	0.0
0	1753	1.62	0.0
0	1754	1.62	0.0
0	1755	1.61	0.0
0	1756	1.6	0.0
0	1757	1.6	0.0
0	1758	1.6	0.0
0	1759	1.59	0.0
0	1760	1.59	1.4
0	1761	1.57	0.78
0	1762	1.57	0.0
0	1763	1.57	0.0
0	1764	1.57	0.0
0	1765	1.56	0.0
0	1766	1.56	0.0
0	1767	1.54	0.0
0	1768	1.52	0.0
0	1769	1.52	0.76
0	1770	1.52	0.0
0	1771	1.52	0.0
0	1772	1.51	0.0
0	1773	1.5	0.0
0	1774	1.49	0.0
0	1775	1.49	0.0
0	1776	1.49	0.0
0	1777	1.46	0.0
0	1778	1.44	0.0
0	1779	1.44	0.0
0	1780	1.43	0.0
0	1781	1.43	0.0
0	1782	1.42	0.0
0	1783	1.42	0.0
0	1784	1.41	0.96
0	1785	1.41	0.0
0	1786	1.39	0.0
0	1787	1.39	0.0
0	1788	1.39	0.0
0	1789	1.37	0.0
0	1790	1.37	0.0
0	1791	1.36	0.0
0	1792	1.35	0.0
0	1793	1.35	0.0
0	1794	1.35	0.0
0	1795	1.35	1.29
0	1796	1.34	0.0
0	1797	1.34	0.0
0	1798	1.33	0.0
0	1799	1.33	0.0
0	1800	1.32	0.0
0	1801	1.32	0.0
0	1802	1.32	0.0
0	1803	1.3	0.0
0	1804	1.29	0.0
0	1805	1.29	0.0
0	1806	1.28	0.0
0	1807	1.25	0.0
0	1808	1.24	0.0
0	1809	1.22	0.91
0	1810	1.22	0.0
0	1811	1.21	0.0
0	1812	1.21	0.0
0	1813	1.21	0.0
0	1814	1.2	0.0
0	1815	1.19	0.0
0	1816	1.19	0.0
0	1817	1.18	0.0
0	1818	1.18	0.0
0	1819	1.18	0.25
0	1820	1.17	0.0
0	1821	1.15	0.0
0	1822	1.15	1.11
0	1823	1.14	0.0
0	1824	1.13	0.0
0	1825	1.12	0.0
0	1826	1.11	1.02
0	1827	1.11	0.0
0	1828	1.11	0.0
0	1829	1.1	0.0
0	1830	1.1	0.0
0	1831	1.08	0.0
0	1832	1.08	0.0
0	1833	1.08	0.0
0	1834	1.08	0.0
0	1835	1.07	0.16
0	1836	1.07	0.82
0	1837	1.06	0.0
0	1838	1.06	0.0
0	1839	1.04	0.0
0	1840	1.04	0.0
0	1841	1.03	0.0
0	1842	1.02	0.0
0	1843	1.01	0.0
0	1844	1.01	0.0
0	1845	1.0	0.0
0	1846	1.0	0.0
0	1847	1.0	0.0
0	1848	0.97	0.0
0	1849	0.97	0.0
0	1850	0.97	0.0
0	1851	0.96	0.0
0	1852	0.95	0.0
0	1853	0.95	0.0
0	1854	0.94	0.0
0	1855	0.94	0.0
0	1856	0.93	0.0
0	1857	0.92	0.0
0	1858	0.92	0.0
0	1859	0.92	0.0
0	1860	0.91	0.0
0	1861	0.91	0.0
0	1862	0.9	0.0
0	1863	0.89	0.0
0	1864	0.89	0.0
0	1865	0.86	0.0
0	1866	0.86	0.6
0	1867	0.86	0.0
0	1868	0.85	0.0
0	1869	0.83	0.0
0	1870	0.82	0.0
0	1871	0.82	0.0
0	1872	0.8	0.0
0	1873	0.77	0.06
0	1874	0.77	0.0
0	1875	0.77	0.0
0	1876	0.76	0.0
0	1877	0.75	0.0
0	1878	0.75	0.0
0	1879	0.75	0.0
0	1880	0.74	0.55
0	1881	0.74	0.0
0	1882	0.72	0.0
0	1883	0.72	0.0
0	1884	0.72	0.61
0	1885	0.71	0.0
0	1886	0.71	0.0
0	1887	0.71	0.0
0	1888	0.7	0.0
0	1889	0.7	0.0
0	1890	0.67	0.0
0	1891	0.67	0.0
0	1892	0.66	0.0
0	1893	0.66	0.0
0	1894	0.65	0.0
0	1895	0.65	0.0
0	1896	0.64	0.0
0	1897	0.63	0.0
0	1898	0.63	0.0
0	1899	0.62	0.0
0	1900	0.62	0.0
0	1901	0.61	0.0
0	1902	0.6	0.0
0	1903	0.6	0.0
0	1904	0.59	0.0
0	1905	0.58	0.0
0	1906	0.58	0.0
0	1907	0.58	0.0
0	1908	0.57	0.0
0	1909	0.57	0.0
0	1910	0.57	0.0
0	1911	0.56	0.0
0	1912	0.55	0.0
0	1913	0.54	0.0
0	1914	0.53	0.0
0	1915	0.51	0.0
0	1916	0.51	0.0
0	1917	0.51	0.0
0	1918	0.49	0.0
0	1919	0.49	0.33
0	1920	0.48	0.0
0	1921	0.47	0.24
0	1922	0.46	0.0
0	1923	0.43	0.0
0	1924	0.43	0.0
0	1925	0.42	0.0
0	1926	0.41	0.0
0	1927	0.41	0.0
0	1928	0.41	0.0
0	1929	0.41	0.0
0	1930	0.4	0.0
0	1931	0.4	0.0
0	1932	0.39	0.0
0	1933	0.38	0.0
0	1934	0.36	0.0
0	1935	0.35	0.0
0	1936	0.35	0.0
0	1937	0.34	0.0
0	1938	0.34	0.0
0	1939	0.33	0.0
0	1940	0.32	0.0
0	1941	0.3	0.0
0	1942	0.29	0.0
0	1943	0.27	0.0
0	1944	0.26	0.0
0	1945	0.26	0.0
0	1946	0.26	0.0
0	1947	0.25	0.0
0	1948	0.25	0.0
0	1949	0.22	0.0
0	1950	0.22	0.0
0	1951	0.21	0.0
0	1952	0.19	0.0
0	1953	0.19	0.0
0	1954	0.18	0.0
0	1955	0.18	0.0
0	1956	0.18	0.0
0	1957	0.18	0.0
0	1958	0.18	0.0
0	1959	0.16	0.0
0	1960	0.15	0.0
0	1961	0.15	0.0
0	1962	0.14	0.0
0	1963	0.14	0.0
0	1964	0.14	0.0
0	1965	0.12	0.0
0	1966	0.12	0.0
0	1967	0.11	0.0
0	1968	0.11	0.0
0	1969	0.11	0.0
0	1970	0.1	0.0
0	1971	0.09	0.0
0	1972	0.08	0.0
0	1973	0.06	0.0
0	1974	0.05	0.0
0	1975	0.05	0.0
0	1976	0.03	0.0
0	1977	0.01	0.0
