clade	species	ts	te
0	1	100.0	94.8
0	2	99.89	89.48
0	3	94.95	74.99
0	4	87.31	58.88
0	5	86.87	83.55
0	6	80.43	75.63
0	7	79.12	63.18
0	8	77.24	63.27
0	9	74.32	73.34
0	10	70.23	62.76
0	11	69.27	59.73
0	12	67.48	63.91
0	13	66.3	63.26
0	14	65.64	64.24
0	15	65.25	56.78
0	16	64.89	51.54
0	17	64.72	57.69
0	18	64.46	61.44
0	19	63.96	36.37
0	20	63.39	62.76
0	21	60.19	55.03
0	22	60.11	40.02
0	23	60.04	42.95
0	24	59.74	59.5
0	25	57.16	32.67
0	26	57.13	51.45
0	27	55.29	49.4
0	28	54.84	54.2
0	29	54.8	22.15
0	30	54.14	41.89
0	31	53.88	36.04
0	32	53.75	37.25
0	33	52.97	42.56
0	34	52.69	41.81
0	35	52.64	45.84
0	36	52.57	48.39
0	37	52.39	20.97
0	38	52.21	37.34
0	39	52.02	49.93
0	40	51.65	46.49
0	41	51.6	8.59
0	42	51.5	49.55
0	43	50.33	41.31
0	44	50.15	43.21
0	45	50.09	37.5
0	46	48.85	38.88
0	47	48.45	16.47
0	48	48.43	41.66
0	49	48.29	45.93
0	50	48.0	44.95
0	51	47.79	32.23
0	52	47.69	46.08
0	53	47.29	39.35
0	54	47.24	30.92
0	55	46.12	37.77
0	56	46.06	31.65
0	57	46.04	12.55
0	58	45.91	19.82
0	59	45.05	33.25
0	60	44.79	44.34
0	61	44.62	37.24
0	62	44.43	31.38
0	63	44.36	43.57
0	64	44.3	38.54
0	65	44.09	28.08
0	66	43.87	37.15
0	67	43.71	38.4
0	68	43.69	39.53
0	69	43.56	1.73
0	70	43.49	26.34
0	71	43.45	32.0
0	72	43.33	33.78
0	73	42.8	13.59
0	74	42.75	32.28
0	75	42.27	36.79
0	76	41.66	37.34
0	77	41.65	0.0
0	78	41.35	19.58
0	79	41.31	37.87
0	80	41.28	6.77
0	81	41.08	30.62
0	82	40.61	32.87
0	83	40.35	16.05
0	84	40.32	31.67
0	85	40.12	0.0
0	86	40.06	35.94
0	87	39.99	29.03
0	88	39.83	39.17
0	89	39.79	29.07
0	90	39.7	34.18
0	91	39.44	37.71
0	92	39.43	32.74
0	93	39.06	32.6
0	94	38.98	11.98
0	95	38.97	27.91
0	96	38.86	29.57
0	97	38.83	12.38
0	98	38.77	18.53
0	99	38.76	20.55
0	100	38.74	38.51
0	101	38.71	23.72
0	102	38.51	36.96
0	103	38.51	33.22
0	104	38.49	36.97
0	105	38.3	27.6
0	106	38.29	38.25
0	107	38.14	32.32
0	108	37.89	22.99
0	109	37.75	21.5
0	110	37.59	0.0
0	111	37.51	37.46
0	112	37.39	29.55
0	113	37.39	31.77
0	114	37.35	32.09
0	115	37.22	36.86
0	116	37.21	36.02
0	117	37.17	14.58
0	118	37.16	33.24
0	119	36.96	27.67
0	120	36.77	11.65
0	121	36.64	17.62
0	122	36.55	32.86
0	123	36.53	23.46
0	124	36.39	31.81
0	125	36.36	29.33
0	126	36.28	36.0
0	127	36.23	32.78
0	128	35.99	23.03
0	129	35.86	25.11
0	130	35.75	33.33
0	131	35.56	6.62
0	132	35.51	16.59
0	133	35.48	25.46
0	134	35.37	0.0
0	135	35.22	28.54
0	136	35.02	8.52
0	137	34.94	33.43
0	138	34.8	30.49
0	139	34.61	23.0
0	140	34.58	32.91
0	141	34.48	30.11
0	142	34.31	0.79
0	143	34.27	20.02
0	144	34.21	30.79
0	145	34.13	33.73
0	146	34.11	18.41
0	147	33.92	32.44
0	148	33.84	31.18
0	149	33.79	27.18
0	150	33.69	12.61
0	151	33.65	22.9
0	152	33.64	31.12
0	153	33.53	9.2
0	154	33.32	26.39
0	155	33.26	32.85
0	156	33.26	19.26
0	157	33.24	28.18
0	158	33.24	32.44
0	159	33.2	31.8
0	160	33.17	32.06
0	161	32.97	29.99
0	162	32.93	26.34
0	163	32.93	29.37
0	164	32.89	32.0
0	165	32.86	31.65
0	166	32.85	30.51
0	167	32.73	27.22
0	168	32.72	32.7
0	169	32.56	19.63
0	170	32.56	23.65
0	171	32.53	27.84
0	172	32.44	23.01
0	173	32.37	14.68
0	174	32.36	25.04
0	175	32.34	29.49
0	176	32.3	25.81
0	177	32.22	23.42
0	178	32.18	19.84
0	179	32.13	25.52
0	180	32.05	4.49
0	181	31.95	27.32
0	182	31.91	28.37
0	183	31.89	31.6
0	184	31.89	7.14
0	185	31.74	28.39
0	186	31.68	27.97
0	187	31.68	30.05
0	188	31.58	28.96
0	189	31.48	29.61
0	190	31.38	18.77
0	191	31.34	23.44
0	192	31.23	29.39
0	193	31.14	4.0
0	194	31.13	27.55
0	195	31.04	23.23
0	196	30.98	18.99
0	197	30.92	26.59
0	198	30.86	27.71
0	199	30.85	29.16
0	200	30.79	28.15
0	201	30.76	0.0
0	202	30.68	19.11
0	203	30.68	21.95
0	204	30.56	30.23
0	205	30.56	14.59
0	206	30.45	7.09
0	207	30.42	27.02
0	208	30.4	27.24
0	209	30.39	24.44
0	210	30.36	28.71
0	211	30.35	21.34
0	212	30.3	24.55
0	213	30.2	15.74
0	214	30.13	29.59
0	215	30.04	26.14
0	216	29.98	28.42
0	217	29.91	0.0
0	218	29.56	0.84
0	219	29.55	4.53
0	220	29.51	13.77
0	221	29.39	17.52
0	222	29.35	29.05
0	223	29.34	12.83
0	224	29.33	16.03
0	225	29.24	28.12
0	226	29.2	25.46
0	227	28.93	25.21
0	228	28.92	8.48
0	229	28.9	27.81
0	230	28.88	18.98
0	231	28.84	14.37
0	232	28.68	14.17
0	233	28.59	21.99
0	234	28.37	27.11
0	235	28.35	26.65
0	236	28.3	22.6
0	237	28.25	20.12
0	238	28.2	27.33
0	239	28.19	25.36
0	240	28.17	17.66
0	241	28.14	21.31
0	242	28.14	22.4
0	243	28.07	21.03
0	244	27.96	27.29
0	245	27.89	20.3
0	246	27.84	22.5
0	247	27.82	15.16
0	248	27.81	0.0
0	249	27.81	23.43
0	250	27.64	18.19
0	251	27.55	27.17
0	252	27.43	19.15
0	253	27.4	0.0
0	254	27.39	10.93
0	255	27.39	23.46
0	256	27.37	21.55
0	257	27.31	19.21
0	258	27.28	19.17
0	259	27.03	27.02
0	260	26.79	17.25
0	261	26.75	22.18
0	262	26.67	25.31
0	263	26.56	3.45
0	264	26.56	6.04
0	265	26.5	23.65
0	266	26.43	19.9
0	267	26.34	14.26
0	268	26.27	15.11
0	269	26.26	8.45
0	270	26.25	0.0
0	271	26.23	25.72
0	272	26.22	18.64
0	273	26.16	3.03
0	274	26.1	24.63
0	275	26.08	23.24
0	276	26.02	21.37
0	277	26.0	12.64
0	278	25.96	22.61
0	279	25.95	3.0
0	280	25.87	23.79
0	281	25.84	10.18
0	282	25.79	16.8
0	283	25.73	0.0
0	284	25.72	9.52
0	285	25.7	23.08
0	286	25.67	15.9
0	287	25.66	18.2
0	288	25.66	10.05
0	289	25.61	0.0
0	290	25.61	20.49
0	291	25.55	11.62
0	292	25.52	18.98
0	293	25.46	19.04
0	294	25.45	14.62
0	295	25.45	23.73
0	296	25.44	4.74
0	297	25.4	12.1
0	298	25.37	19.89
0	299	25.36	9.7
0	300	25.34	19.73
0	301	25.3	24.04
0	302	25.29	24.58
0	303	25.29	9.64
0	304	25.27	17.59
0	305	25.26	15.01
0	306	25.25	24.55
0	307	25.21	12.52
0	308	25.2	21.78
0	309	25.08	11.33
0	310	25.07	22.93
0	311	25.04	3.48
0	312	24.99	10.71
0	313	24.95	17.74
0	314	24.93	24.87
0	315	24.9	19.51
0	316	24.89	13.38
0	317	24.87	21.18
0	318	24.84	14.43
0	319	24.7	11.62
0	320	24.7	14.24
0	321	24.68	21.32
0	322	24.57	19.47
0	323	24.55	18.36
0	324	24.55	19.94
0	325	24.5	24.06
0	326	24.47	0.52
0	327	24.37	0.0
0	328	24.36	17.49
0	329	24.34	3.63
0	330	24.28	21.62
0	331	24.25	6.18
0	332	24.25	11.36
0	333	24.21	10.27
0	334	24.2	22.89
0	335	24.17	23.44
0	336	24.16	16.41
0	337	24.15	21.85
0	338	24.09	11.75
0	339	24.03	15.61
0	340	24.02	21.31
0	341	24.0	22.58
0	342	23.93	17.32
0	343	23.9	21.08
0	344	23.89	21.72
0	345	23.83	20.54
0	346	23.81	15.67
0	347	23.72	0.0
0	348	23.69	23.05
0	349	23.65	11.47
0	350	23.6	3.79
0	351	23.56	6.38
0	352	23.52	19.18
0	353	23.49	12.66
0	354	23.48	10.71
0	355	23.46	17.44
0	356	23.43	21.39
0	357	23.41	23.39
0	358	23.4	4.91
0	359	23.4	23.38
0	360	23.39	20.71
0	361	23.32	2.64
0	362	23.3	16.64
0	363	23.15	14.44
0	364	23.08	12.65
0	365	23.06	14.09
0	366	23.04	21.41
0	367	23.02	19.99
0	368	22.91	8.73
0	369	22.85	18.45
0	370	22.82	16.86
0	371	22.82	4.65
0	372	22.8	22.73
0	373	22.74	21.97
0	374	22.74	18.36
0	375	22.7	20.31
0	376	22.67	13.0
0	377	22.62	0.0
0	378	22.6	18.21
0	379	22.55	18.65
0	380	22.55	22.17
0	381	22.51	3.34
0	382	22.5	17.02
0	383	22.46	15.33
0	384	22.4	17.0
0	385	22.32	15.0
0	386	22.31	0.0
0	387	22.31	7.83
0	388	22.18	8.51
0	389	22.14	16.52
0	390	22.12	17.76
0	391	22.09	10.87
0	392	22.09	17.57
0	393	22.08	11.21
0	394	21.98	0.0
0	395	21.98	19.01
0	396	21.89	15.01
0	397	21.87	8.71
0	398	21.86	0.0
0	399	21.8	19.64
0	400	21.68	0.0
0	401	21.63	16.35
0	402	21.62	19.42
0	403	21.61	16.24
0	404	21.55	21.25
0	405	21.55	21.13
0	406	21.37	0.0
0	407	21.33	13.15
0	408	21.31	17.51
0	409	21.26	20.47
0	410	21.22	15.9
0	411	21.19	13.79
0	412	21.16	19.17
0	413	21.13	21.08
0	414	21.05	19.21
0	415	21.04	8.21
0	416	21.03	14.25
0	417	21.02	13.89
0	418	20.99	20.97
0	419	20.98	17.07
0	420	20.96	0.39
0	421	20.88	13.29
0	422	20.88	12.34
0	423	20.8	0.0
0	424	20.79	11.91
0	425	20.65	0.0
0	426	20.64	10.33
0	427	20.53	15.69
0	428	20.53	18.22
0	429	20.5	20.4
0	430	20.47	17.62
0	431	20.44	0.0
0	432	20.4	17.39
0	433	20.4	19.98
0	434	20.39	4.49
0	435	20.37	18.75
0	436	20.37	8.91
0	437	20.35	0.0
0	438	20.33	20.24
0	439	20.31	14.98
0	440	20.3	20.17
0	441	20.29	5.93
0	442	20.25	12.91
0	443	20.2	15.59
0	444	20.13	20.03
0	445	20.11	18.2
0	446	20.08	15.82
0	447	20.07	8.71
0	448	20.04	17.72
0	449	20.03	18.11
0	450	19.94	0.0
0	451	19.91	0.0
0	452	19.9	17.95
0	453	19.85	8.54
0	454	19.85	1.86
0	455	19.75	13.39
0	456	19.74	0.0
0	457	19.69	0.0
0	458	19.68	18.21
0	459	19.68	19.54
0	460	19.64	9.27
0	461	19.54	16.24
0	462	19.48	16.98
0	463	19.46	10.64
0	464	19.42	8.66
0	465	19.36	4.18
0	466	19.35	1.18
0	467	19.34	5.95
0	468	19.29	15.19
0	469	19.28	0.0
0	470	19.28	2.98
0	471	19.27	15.92
0	472	19.24	0.83
0	473	19.24	0.0
0	474	19.2	12.05
0	475	19.18	10.6
0	476	19.18	13.08
0	477	19.13	13.97
0	478	19.13	3.63
0	479	19.12	5.04
0	480	19.12	18.37
0	481	19.1	8.44
0	482	19.06	9.59
0	483	19.06	16.3
0	484	19.04	18.94
0	485	19.01	14.66
0	486	18.96	18.31
0	487	18.94	4.93
0	488	18.93	2.89
0	489	18.92	13.05
0	490	18.91	7.3
0	491	18.89	16.66
0	492	18.88	16.16
0	493	18.84	12.75
0	494	18.82	10.92
0	495	18.82	11.76
0	496	18.74	18.35
0	497	18.68	0.0
0	498	18.63	13.71
0	499	18.63	0.0
0	500	18.62	16.2
0	501	18.61	18.59
0	502	18.56	14.87
0	503	18.54	4.46
0	504	18.53	13.91
0	505	18.53	0.0
0	506	18.53	17.69
0	507	18.52	0.0
0	508	18.5	8.69
0	509	18.47	0.0
0	510	18.43	0.0
0	511	18.41	17.43
0	512	18.37	0.92
0	513	18.34	16.64
0	514	18.32	4.83
0	515	18.27	15.98
0	516	18.26	15.37
0	517	18.24	2.44
0	518	18.19	14.15
0	519	18.14	0.0
0	520	18.06	0.0
0	521	18.06	11.14
0	522	18.03	17.23
0	523	18.01	0.0
0	524	17.99	9.46
0	525	17.88	1.99
0	526	17.87	13.31
0	527	17.85	12.97
0	528	17.84	15.41
0	529	17.84	0.0
0	530	17.82	12.69
0	531	17.8	15.76
0	532	17.8	11.98
0	533	17.77	10.99
0	534	17.76	8.28
0	535	17.76	16.85
0	536	17.75	17.67
0	537	17.74	0.0
0	538	17.74	10.62
0	539	17.74	2.28
0	540	17.65	3.15
0	541	17.65	10.46
0	542	17.65	11.1
0	543	17.61	4.85
0	544	17.6	8.13
0	545	17.57	15.19
0	546	17.54	8.14
0	547	17.48	9.83
0	548	17.48	15.68
0	549	17.48	0.0
0	550	17.47	0.0
0	551	17.46	14.09
0	552	17.42	7.42
0	553	17.36	17.07
0	554	17.35	4.41
0	555	17.34	13.58
0	556	17.25	7.12
0	557	17.24	8.88
0	558	17.24	2.43
0	559	17.22	12.29
0	560	17.2	13.78
0	561	17.13	15.45
0	562	17.13	15.42
0	563	17.12	17.1
0	564	17.12	11.92
0	565	17.04	7.7
0	566	17.03	0.0
0	567	17.0	0.0
0	568	16.97	4.06
0	569	16.95	13.11
0	570	16.95	14.15
0	571	16.9	2.19
0	572	16.82	0.0
0	573	16.82	13.41
0	574	16.79	15.9
0	575	16.79	15.55
0	576	16.78	0.0
0	577	16.77	12.18
0	578	16.77	14.32
0	579	16.74	6.0
0	580	16.73	16.42
0	581	16.72	10.56
0	582	16.72	16.08
0	583	16.71	0.0
0	584	16.7	10.74
0	585	16.68	7.01
0	586	16.65	8.6
0	587	16.65	11.29
0	588	16.62	0.0
0	589	16.57	11.64
0	590	16.56	13.77
0	591	16.49	3.7
0	592	16.41	10.32
0	593	16.38	9.81
0	594	16.36	0.0
0	595	16.34	16.18
0	596	16.3	15.34
0	597	16.29	13.85
0	598	16.27	16.11
0	599	16.26	0.0
0	600	16.25	6.04
0	601	16.24	10.45
0	602	16.18	0.0
0	603	16.14	8.5
0	604	16.13	4.04
0	605	16.06	14.75
0	606	16.06	3.12
0	607	16.04	12.05
0	608	16.02	13.14
0	609	16.02	0.0
0	610	15.99	1.45
0	611	15.97	0.0
0	612	15.95	3.36
0	613	15.89	11.78
0	614	15.88	15.67
0	615	15.81	0.0
0	616	15.79	14.72
0	617	15.79	11.64
0	618	15.74	9.52
0	619	15.73	9.03
0	620	15.72	13.18
0	621	15.7	10.8
0	622	15.68	12.85
0	623	15.68	0.0
0	624	15.55	4.47
0	625	15.54	9.63
0	626	15.54	0.0
0	627	15.52	14.6
0	628	15.51	12.11
0	629	15.45	12.97
0	630	15.42	0.0
0	631	15.41	12.8
0	632	15.39	12.39
0	633	15.37	10.29
0	634	15.31	10.58
0	635	15.27	0.0
0	636	15.22	11.85
0	637	15.18	9.07
0	638	15.18	8.41
0	639	15.18	7.25
0	640	15.17	14.23
0	641	15.15	12.6
0	642	15.15	11.69
0	643	15.05	7.98
0	644	15.03	0.0
0	645	15.03	14.46
0	646	15.03	4.11
0	647	14.99	13.77
0	648	14.98	9.19
0	649	14.97	13.91
0	650	14.97	2.13
0	651	14.96	0.0
0	652	14.95	11.14
0	653	14.95	0.0
0	654	14.92	11.84
0	655	14.92	12.34
0	656	14.91	11.61
0	657	14.88	0.0
0	658	14.88	0.0
0	659	14.86	10.71
0	660	14.85	5.88
0	661	14.85	12.75
0	662	14.85	12.6
0	663	14.84	0.0
0	664	14.84	13.41
0	665	14.82	10.04
0	666	14.8	7.8
0	667	14.7	1.82
0	668	14.67	0.0
0	669	14.66	13.09
0	670	14.63	13.56
0	671	14.6	0.0
0	672	14.58	0.0
0	673	14.57	7.44
0	674	14.55	10.4
0	675	14.55	3.45
0	676	14.55	0.0
0	677	14.54	4.62
0	678	14.5	11.51
0	679	14.49	5.62
0	680	14.49	8.17
0	681	14.46	13.99
0	682	14.45	6.43
0	683	14.39	9.36
0	684	14.38	12.24
0	685	14.37	13.32
0	686	14.33	8.25
0	687	14.33	0.0
0	688	14.28	6.95
0	689	14.21	12.89
0	690	14.18	11.98
0	691	14.16	0.0
0	692	14.16	10.79
0	693	14.15	12.4
0	694	14.1	0.0
0	695	14.1	12.83
0	696	14.1	0.0
0	697	14.08	9.34
0	698	14.07	9.61
0	699	14.07	5.54
0	700	14.07	0.4
0	701	13.94	13.39
0	702	13.89	13.87
0	703	13.88	12.15
0	704	13.88	0.0
0	705	13.88	6.65
0	706	13.87	4.14
0	707	13.87	4.08
0	708	13.87	2.16
0	709	13.82	9.33
0	710	13.82	0.42
0	711	13.79	10.34
0	712	13.78	8.49
0	713	13.77	6.52
0	714	13.74	3.53
0	715	13.72	9.65
0	716	13.65	13.4
0	717	13.62	0.0
0	718	13.6	8.11
0	719	13.58	5.25
0	720	13.57	2.62
0	721	13.5	11.63
0	722	13.47	11.7
0	723	13.46	12.34
0	724	13.46	11.9
0	725	13.39	1.0
0	726	13.38	12.56
0	727	13.38	8.4
0	728	13.37	12.93
0	729	13.35	10.24
0	730	13.34	9.34
0	731	13.32	5.87
0	732	13.32	9.08
0	733	13.31	0.0
0	734	13.26	9.78
0	735	13.23	12.18
0	736	13.21	0.0
0	737	13.19	8.07
0	738	13.17	6.3
0	739	13.16	0.14
0	740	13.08	2.05
0	741	13.05	12.25
0	742	13.05	7.89
0	743	13.04	4.75
0	744	13.04	12.47
0	745	13.04	1.93
0	746	13.04	9.28
0	747	13.0	12.37
0	748	12.98	8.32
0	749	12.94	0.0
0	750	12.9	0.0
0	751	12.89	12.63
0	752	12.87	0.0
0	753	12.83	11.33
0	754	12.83	0.0
0	755	12.83	0.19
0	756	12.77	11.48
0	757	12.76	11.06
0	758	12.74	5.85
0	759	12.74	12.51
0	760	12.74	0.0
0	761	12.73	11.48
0	762	12.72	4.27
0	763	12.68	11.38
0	764	12.66	0.0
0	765	12.65	6.24
0	766	12.65	10.3
0	767	12.64	7.9
0	768	12.63	10.55
0	769	12.62	3.27
0	770	12.59	5.42
0	771	12.57	10.99
0	772	12.55	0.0
0	773	12.52	0.0
0	774	12.51	9.64
0	775	12.51	7.33
0	776	12.49	6.22
0	777	12.48	0.0
0	778	12.47	10.01
0	779	12.43	5.86
0	780	12.41	4.27
0	781	12.35	8.15
0	782	12.33	0.0
0	783	12.32	7.68
0	784	12.29	5.36
0	785	12.26	9.83
0	786	12.2	2.89
0	787	12.19	0.0
0	788	12.18	8.69
0	789	12.15	3.39
0	790	12.15	0.0
0	791	12.14	6.82
0	792	12.13	0.0
0	793	12.12	10.95
0	794	12.12	10.94
0	795	12.1	0.0
0	796	12.09	7.14
0	797	12.03	3.87
0	798	12.03	8.18
0	799	12.01	0.0
0	800	11.99	8.01
0	801	11.99	10.37
0	802	11.98	10.81
0	803	11.96	8.37
0	804	11.9	10.87
0	805	11.89	7.77
0	806	11.89	3.71
0	807	11.87	3.35
0	808	11.86	10.63
0	809	11.77	7.05
0	810	11.75	7.53
0	811	11.75	10.23
0	812	11.72	8.27
0	813	11.71	11.69
0	814	11.7	11.44
0	815	11.69	0.0
0	816	11.64	5.01
0	817	11.64	6.97
0	818	11.61	2.4
0	819	11.6	7.54
0	820	11.6	2.8
0	821	11.58	4.87
0	822	11.57	3.39
0	823	11.55	4.72
0	824	11.54	8.47
0	825	11.54	4.24
0	826	11.52	0.89
0	827	11.52	5.09
0	828	11.51	8.24
0	829	11.5	0.0
0	830	11.49	0.0
0	831	11.49	0.0
0	832	11.44	0.0
0	833	11.43	3.77
0	834	11.38	0.0
0	835	11.38	0.0
0	836	11.36	0.0
0	837	11.35	4.2
0	838	11.34	0.0
0	839	11.29	3.89
0	840	11.28	0.0
0	841	11.28	0.0
0	842	11.28	0.0
0	843	11.25	9.5
0	844	11.25	7.35
0	845	11.15	0.0
0	846	11.15	4.85
0	847	11.13	0.0
0	848	11.08	4.04
0	849	11.07	10.78
0	850	11.06	0.0
0	851	11.02	2.12
0	852	11.02	0.0
0	853	11.01	9.36
0	854	11.0	1.87
0	855	10.98	0.0
0	856	10.93	7.93
0	857	10.92	7.94
0	858	10.92	3.47
0	859	10.92	8.11
0	860	10.92	10.64
0	861	10.91	9.36
0	862	10.91	9.2
0	863	10.9	5.49
0	864	10.89	0.0
0	865	10.87	0.0
0	866	10.84	0.0
0	867	10.83	0.46
0	868	10.81	9.07
0	869	10.75	0.0
0	870	10.74	0.0
0	871	10.73	0.0
0	872	10.72	0.0
0	873	10.72	7.84
0	874	10.72	8.59
0	875	10.72	5.87
0	876	10.7	0.0
0	877	10.65	9.6
0	878	10.63	10.31
0	879	10.57	9.71
0	880	10.56	7.6
0	881	10.56	0.0
0	882	10.53	4.91
0	883	10.49	0.0
0	884	10.47	9.61
0	885	10.44	3.87
0	886	10.42	6.79
0	887	10.42	6.34
0	888	10.42	1.05
0	889	10.41	6.97
0	890	10.39	5.39
0	891	10.36	0.0
0	892	10.35	0.0
0	893	10.34	10.14
0	894	10.34	9.65
0	895	10.32	0.0
0	896	10.27	0.0
0	897	10.27	0.0
0	898	10.27	7.91
0	899	10.25	7.82
0	900	10.22	2.17
0	901	10.21	0.0
0	902	10.2	0.0
0	903	10.19	2.56
0	904	10.13	9.23
0	905	10.11	8.45
0	906	10.1	2.18
0	907	10.09	0.0
0	908	10.08	3.46
0	909	10.06	0.0
0	910	10.05	8.8
0	911	10.05	8.76
0	912	10.03	7.97
0	913	10.03	0.0
0	914	10.02	8.37
0	915	9.97	0.0
0	916	9.96	0.46
0	917	9.95	8.62
0	918	9.94	6.74
0	919	9.94	0.0
0	920	9.87	0.0
0	921	9.87	2.13
0	922	9.85	0.0
0	923	9.77	3.67
0	924	9.76	0.0
0	925	9.76	4.72
0	926	9.7	4.46
0	927	9.7	0.0
0	928	9.68	0.0
0	929	9.67	6.86
0	930	9.67	0.0
0	931	9.66	4.58
0	932	9.66	1.5
0	933	9.6	0.0
0	934	9.6	0.0
0	935	9.59	0.0
0	936	9.43	0.0
0	937	9.38	5.75
0	938	9.32	7.1
0	939	9.31	0.0
0	940	9.29	0.0
0	941	9.28	3.46
0	942	9.26	0.0
0	943	9.26	2.67
0	944	9.25	1.52
0	945	9.24	0.0
0	946	9.24	0.0
0	947	9.23	7.3
0	948	9.21	6.28
0	949	9.19	7.84
0	950	9.16	5.93
0	951	9.13	3.11
0	952	9.12	7.32
0	953	9.07	0.0
0	954	9.07	0.0
0	955	9.05	0.0
0	956	9.05	3.6
0	957	9.05	0.0
0	958	9.05	0.0
0	959	9.04	8.21
0	960	9.03	7.01
0	961	9.02	0.0
0	962	9.02	7.23
0	963	9.0	5.09
0	964	8.99	0.0
0	965	8.98	4.52
0	966	8.96	7.55
0	967	8.95	6.37
0	968	8.94	5.6
0	969	8.93	0.0
0	970	8.91	8.82
0	971	8.9	0.0
0	972	8.86	0.0
0	973	8.84	4.36
0	974	8.81	0.0
0	975	8.81	8.25
0	976	8.8	1.46
0	977	8.79	0.0
0	978	8.78	0.0
0	979	8.77	0.0
0	980	8.77	4.16
0	981	8.72	0.0
0	982	8.72	0.0
0	983	8.67	0.0
0	984	8.64	0.0
0	985	8.64	8.31
0	986	8.64	0.0
0	987	8.61	0.0
0	988	8.6	2.25
0	989	8.59	5.59
0	990	8.58	3.29
0	991	8.58	0.34
0	992	8.55	0.0
0	993	8.54	1.3
0	994	8.53	0.0
0	995	8.53	4.44
0	996	8.51	0.32
0	997	8.5	0.0
0	998	8.5	0.0
0	999	8.49	0.0
0	1000	8.46	3.31
0	1001	8.46	6.15
0	1002	8.46	3.36
0	1003	8.45	7.4
0	1004	8.45	0.0
0	1005	8.43	0.0
0	1006	8.41	0.0
0	1007	8.41	7.74
0	1008	8.41	0.0
0	1009	8.41	6.38
0	1010	8.37	0.0
0	1011	8.37	6.94
0	1012	8.36	0.0
0	1013	8.31	6.3
0	1014	8.24	0.0
0	1015	8.23	0.0
0	1016	8.22	2.76
0	1017	8.21	4.2
0	1018	8.21	7.19
0	1019	8.18	1.06
0	1020	8.14	0.0
0	1021	8.14	0.0
0	1022	8.07	0.49
0	1023	8.06	6.87
0	1024	8.06	7.77
0	1025	8.04	5.44
0	1026	8.02	2.34
0	1027	8.02	0.0
0	1028	8.02	0.34
0	1029	7.99	3.5
0	1030	7.99	0.0
0	1031	7.97	0.0
0	1032	7.97	2.72
0	1033	7.93	7.19
0	1034	7.92	0.0
0	1035	7.91	0.0
0	1036	7.88	6.57
0	1037	7.83	3.4
0	1038	7.82	2.77
0	1039	7.8	0.61
0	1040	7.78	2.64
0	1041	7.74	2.53
0	1042	7.72	7.17
0	1043	7.71	6.55
0	1044	7.7	7.63
0	1045	7.69	2.74
0	1046	7.68	4.12
0	1047	7.63	2.86
0	1048	7.62	1.45
0	1049	7.61	6.52
0	1050	7.59	0.0
0	1051	7.54	0.0
0	1052	7.54	4.13
0	1053	7.5	2.34
0	1054	7.48	1.5
0	1055	7.45	6.44
0	1056	7.44	2.07
0	1057	7.44	0.0
0	1058	7.41	0.0
0	1059	7.36	0.0
0	1060	7.34	3.35
0	1061	7.33	0.0
0	1062	7.33	5.7
0	1063	7.33	0.0
0	1064	7.32	5.22
0	1065	7.3	0.0
0	1066	7.3	0.0
0	1067	7.28	3.76
0	1068	7.26	0.0
0	1069	7.26	4.96
0	1070	7.26	0.0
0	1071	7.25	6.0
0	1072	7.25	5.24
0	1073	7.25	3.15
0	1074	7.22	0.0
0	1075	7.18	2.14
0	1076	7.17	0.0
0	1077	7.15	4.99
0	1078	7.15	0.0
0	1079	7.11	0.0
0	1080	7.08	0.0
0	1081	7.08	1.82
0	1082	7.07	6.94
0	1083	7.06	0.81
0	1084	7.06	0.0
0	1085	7.04	0.0
0	1086	7.03	0.0
0	1087	7.03	5.22
0	1088	7.03	0.0
0	1089	6.98	0.0
0	1090	6.98	6.29
0	1091	6.94	4.93
0	1092	6.94	6.37
0	1093	6.93	4.02
0	1094	6.93	0.0
0	1095	6.9	0.81
0	1096	6.9	0.0
0	1097	6.86	5.37
0	1098	6.85	0.0
0	1099	6.85	5.0
0	1100	6.83	0.0
0	1101	6.8	0.98
0	1102	6.78	6.6
0	1103	6.77	0.0
0	1104	6.76	0.0
0	1105	6.76	0.0
0	1106	6.75	0.0
0	1107	6.74	0.0
0	1108	6.71	2.84
0	1109	6.71	4.09
0	1110	6.71	0.0
0	1111	6.69	0.0
0	1112	6.58	0.0
0	1113	6.52	0.0
0	1114	6.51	0.0
0	1115	6.5	1.79
0	1116	6.5	5.86
0	1117	6.49	0.0
0	1118	6.47	5.88
0	1119	6.46	0.0
0	1120	6.44	0.0
0	1121	6.42	0.0
0	1122	6.41	0.0
0	1123	6.4	2.98
0	1124	6.4	0.0
0	1125	6.36	0.0
0	1126	6.35	0.0
0	1127	6.35	0.0
0	1128	6.32	0.0
0	1129	6.3	0.0
0	1130	6.29	0.0
0	1131	6.27	4.88
0	1132	6.23	0.35
0	1133	6.22	0.0
0	1134	6.22	0.0
0	1135	6.17	5.74
0	1136	6.17	0.0
0	1137	6.14	0.0
0	1138	6.13	0.33
0	1139	6.13	4.4
0	1140	6.1	4.35
0	1141	6.1	0.15
0	1142	6.06	0.0
0	1143	6.04	0.0
0	1144	6.03	3.28
0	1145	6.02	0.55
0	1146	6.02	0.0
0	1147	6.0	0.0
0	1148	6.0	2.04
0	1149	5.99	0.0
0	1150	5.98	0.0
0	1151	5.98	0.0
0	1152	5.96	5.19
0	1153	5.93	0.0
0	1154	5.91	0.48
0	1155	5.91	0.0
0	1156	5.9	2.1
0	1157	5.9	0.0
0	1158	5.89	0.56
0	1159	5.88	0.0
0	1160	5.88	0.0
0	1161	5.88	0.0
0	1162	5.8	0.0
0	1163	5.8	0.0
0	1164	5.72	1.96
0	1165	5.7	0.0
0	1166	5.66	5.34
0	1167	5.66	4.66
0	1168	5.65	0.9
0	1169	5.62	0.0
0	1170	5.6	1.15
0	1171	5.59	4.04
0	1172	5.59	0.0
0	1173	5.58	0.0
0	1174	5.58	5.38
0	1175	5.57	1.83
0	1176	5.55	0.0
0	1177	5.55	0.0
0	1178	5.52	0.0
0	1179	5.51	1.6
0	1180	5.5	0.0
0	1181	5.49	0.0
0	1182	5.49	0.0
0	1183	5.49	0.0
0	1184	5.49	0.0
0	1185	5.49	0.0
0	1186	5.48	0.0
0	1187	5.45	0.0
0	1188	5.45	3.17
0	1189	5.44	0.0
0	1190	5.42	0.0
0	1191	5.4	0.0
0	1192	5.39	4.79
0	1193	5.38	2.86
0	1194	5.37	3.15
0	1195	5.34	0.0
0	1196	5.34	1.86
0	1197	5.28	0.0
0	1198	5.28	2.48
0	1199	5.25	0.0
0	1200	5.24	0.0
0	1201	5.23	0.0
0	1202	5.21	0.0
0	1203	5.16	4.49
0	1204	5.15	0.0
0	1205	5.12	0.0
0	1206	5.11	0.0
0	1207	5.09	4.46
0	1208	5.08	4.03
0	1209	5.06	4.24
0	1210	5.06	0.0
0	1211	5.05	3.75
0	1212	5.04	0.0
0	1213	5.03	3.35
0	1214	5.02	0.0
0	1215	5.01	0.0
0	1216	4.98	0.0
0	1217	4.91	0.0
0	1218	4.9	0.0
0	1219	4.89	0.0
0	1220	4.88	1.25
0	1221	4.83	0.0
0	1222	4.81	0.0
0	1223	4.81	0.0
0	1224	4.81	3.99
0	1225	4.8	3.32
0	1226	4.8	0.0
0	1227	4.77	0.0
0	1228	4.73	0.0
0	1229	4.73	0.0
0	1230	4.72	0.0
0	1231	4.71	2.27
0	1232	4.71	0.0
0	1233	4.7	0.0
0	1234	4.7	2.94
0	1235	4.69	0.0
0	1236	4.69	1.9
0	1237	4.68	0.0
0	1238	4.67	0.0
0	1239	4.66	0.0
0	1240	4.65	0.0
0	1241	4.64	0.31
0	1242	4.58	0.0
0	1243	4.57	0.0
0	1244	4.57	0.0
0	1245	4.56	0.0
0	1246	4.55	0.0
0	1247	4.55	0.0
0	1248	4.51	0.0
0	1249	4.49	1.32
0	1250	4.48	0.0
0	1251	4.45	0.0
0	1252	4.43	3.48
0	1253	4.42	0.0
0	1254	4.42	0.0
0	1255	4.41	0.0
0	1256	4.4	1.86
0	1257	4.4	0.0
0	1258	4.37	0.0
0	1259	4.35	0.0
0	1260	4.34	0.0
0	1261	4.33	0.0
0	1262	4.31	0.0
0	1263	4.31	3.26
0	1264	4.31	0.0
0	1265	4.3	0.0
0	1266	4.3	0.0
0	1267	4.29	0.0
0	1268	4.29	0.0
0	1269	4.28	0.0
0	1270	4.28	0.0
0	1271	4.27	0.0
0	1272	4.27	0.0
0	1273	4.26	0.0
0	1274	4.25	3.29
0	1275	4.25	0.0
0	1276	4.25	0.0
0	1277	4.23	0.0
0	1278	4.22	3.3
0	1279	4.22	1.93
0	1280	4.19	0.0
0	1281	4.18	2.55
0	1282	4.17	0.99
0	1283	4.17	0.0
0	1284	4.17	0.0
0	1285	4.16	0.92
0	1286	4.15	0.0
0	1287	4.15	0.0
0	1288	4.14	2.79
0	1289	4.1	0.8
0	1290	4.09	0.0
0	1291	4.07	0.0
0	1292	4.07	0.0
0	1293	4.06	0.0
0	1294	4.06	1.25
0	1295	4.05	1.36
0	1296	4.04	0.0
0	1297	4.03	2.3
0	1298	4.03	0.0
0	1299	4.03	0.0
0	1300	4.03	2.54
0	1301	4.02	3.92
0	1302	3.99	0.0
0	1303	3.97	0.0
0	1304	3.96	0.0
0	1305	3.95	0.03
0	1306	3.95	1.21
0	1307	3.94	0.0
0	1308	3.94	0.0
0	1309	3.93	0.0
0	1310	3.91	2.49
0	1311	3.91	0.04
0	1312	3.89	0.0
0	1313	3.87	0.0
0	1314	3.86	0.0
0	1315	3.84	0.0
0	1316	3.83	0.0
0	1317	3.81	0.0
0	1318	3.81	0.0
0	1319	3.81	0.0
0	1320	3.8	0.0
0	1321	3.79	0.0
0	1322	3.79	0.0
0	1323	3.78	0.0
0	1324	3.78	0.0
0	1325	3.76	3.6
0	1326	3.74	1.87
0	1327	3.72	0.0
0	1328	3.71	0.0
0	1329	3.7	0.0
0	1330	3.7	0.0
0	1331	3.68	3.43
0	1332	3.68	1.7
0	1333	3.67	2.38
0	1334	3.65	0.0
0	1335	3.65	1.28
0	1336	3.64	1.48
0	1337	3.63	0.0
0	1338	3.63	0.0
0	1339	3.62	0.0
0	1340	3.62	2.79
0	1341	3.61	0.0
0	1342	3.6	3.44
0	1343	3.59	0.0
0	1344	3.55	0.0
0	1345	3.53	0.0
0	1346	3.52	0.25
0	1347	3.51	0.0
0	1348	3.49	2.64
0	1349	3.48	0.0
0	1350	3.46	3.17
0	1351	3.45	0.0
0	1352	3.42	0.0
0	1353	3.4	2.72
0	1354	3.39	0.0
0	1355	3.39	1.41
0	1356	3.36	0.0
0	1357	3.35	0.0
0	1358	3.33	2.57
0	1359	3.32	2.56
0	1360	3.32	0.0
0	1361	3.3	0.0
0	1362	3.27	0.0
0	1363	3.26	0.0
0	1364	3.26	0.0
0	1365	3.24	2.77
0	1366	3.23	0.0
0	1367	3.22	0.0
0	1368	3.18	0.0
0	1369	3.17	1.3
0	1370	3.17	1.93
0	1371	3.16	2.99
0	1372	3.16	0.0
0	1373	3.16	0.0
0	1374	3.14	0.0
0	1375	3.13	0.0
0	1376	3.13	0.0
0	1377	3.09	0.0
0	1378	3.08	0.0
0	1379	3.06	0.0
0	1380	3.05	0.0
0	1381	3.04	0.05
0	1382	3.02	0.0
0	1383	3.01	0.0
0	1384	3.0	0.0
0	1385	3.0	2.67
0	1386	3.0	1.87
0	1387	2.99	0.0
0	1388	2.99	0.2
0	1389	2.99	0.0
0	1390	2.98	0.0
0	1391	2.98	0.0
0	1392	2.97	0.0
0	1393	2.96	0.0
0	1394	2.95	0.0
0	1395	2.94	0.0
0	1396	2.92	0.0
0	1397	2.92	0.0
0	1398	2.9	0.0
0	1399	2.9	0.0
0	1400	2.9	1.46
0	1401	2.87	0.0
0	1402	2.86	0.0
0	1403	2.85	0.0
0	1404	2.84	1.88
0	1405	2.84	2.23
0	1406	2.83	0.0
0	1407	2.83	0.0
0	1408	2.83	0.0
0	1409	2.82	0.0
0	1410	2.81	0.0
0	1411	2.78	0.0
0	1412	2.78	1.47
0	1413	2.78	0.0
0	1414	2.76	2.38
0	1415	2.75	0.0
0	1416	2.75	0.0
0	1417	2.72	0.7
0	1418	2.72	0.0
0	1419	2.72	2.26
0	1420	2.69	0.0
0	1421	2.69	0.0
0	1422	2.67	0.0
0	1423	2.65	0.0
0	1424	2.65	0.0
0	1425	2.61	0.0
0	1426	2.61	0.0
0	1427	2.61	0.0
0	1428	2.61	0.0
0	1429	2.6	0.76
0	1430	2.6	0.0
0	1431	2.59	0.0
0	1432	2.58	0.35
0	1433	2.58	0.0
0	1434	2.53	0.0
0	1435	2.52	0.0
0	1436	2.52	0.0
0	1437	2.52	0.0
0	1438	2.51	0.0
0	1439	2.51	1.59
0	1440	2.49	0.0
0	1441	2.48	0.0
0	1442	2.48	0.0
0	1443	2.48	0.0
0	1444	2.48	0.0
0	1445	2.47	0.0
0	1446	2.46	0.0
0	1447	2.45	0.0
0	1448	2.43	0.0
0	1449	2.42	0.0
0	1450	2.38	0.0
0	1451	2.34	0.0
0	1452	2.34	0.0
0	1453	2.34	0.0
0	1454	2.3	0.51
0	1455	2.27	0.0
0	1456	2.26	0.0
0	1457	2.26	1.36
0	1458	2.25	0.0
0	1459	2.25	0.0
0	1460	2.25	0.0
0	1461	2.23	0.0
0	1462	2.23	0.0
0	1463	2.23	0.0
0	1464	2.23	0.0
0	1465	2.22	0.0
0	1466	2.21	0.0
0	1467	2.2	0.0
0	1468	2.19	0.0
0	1469	2.19	0.0
0	1470	2.18	0.0
0	1471	2.14	0.0
0	1472	2.13	0.0
0	1473	2.13	0.0
0	1474	2.1	0.85
0	1475	2.07	0.0
0	1476	2.06	0.0
0	1477	2.06	0.0
0	1478	2.05	0.0
0	1479	2.05	0.0
0	1480	2.04	0.0
0	1481	2.03	0.0
0	1482	2.02	0.0
0	1483	2.02	0.0
0	1484	2.0	0.0
0	1485	1.99	0.0
0	1486	1.99	0.0
0	1487	1.99	0.0
0	1488	1.97	0.0
0	1489	1.96	0.86
0	1490	1.93	0.0
0	1491	1.92	0.0
0	1492	1.91	0.0
0	1493	1.91	0.0
0	1494	1.91	1.39
0	1495	1.89	0.0
0	1496	1.86	0.0
0	1497	1.85	0.0
0	1498	1.83	0.0
0	1499	1.8	0.0
0	1500	1.79	1.68
0	1501	1.78	0.0
0	1502	1.78	0.0
0	1503	1.77	0.0
0	1504	1.77	0.0
0	1505	1.76	0.0
0	1506	1.75	0.0
0	1507	1.75	0.53
0	1508	1.74	0.0
0	1509	1.74	0.0
0	1510	1.73	0.0
0	1511	1.72	0.0
0	1512	1.72	0.0
0	1513	1.71	0.0
0	1514	1.7	0.0
0	1515	1.68	0.0
0	1516	1.67	0.0
0	1517	1.67	0.0
0	1518	1.63	0.0
0	1519	1.63	0.0
0	1520	1.61	0.0
0	1521	1.59	0.0
0	1522	1.58	0.0
0	1523	1.57	0.0
0	1524	1.56	0.0
0	1525	1.55	0.0
0	1526	1.54	0.0
0	1527	1.53	0.0
0	1528	1.52	0.0
0	1529	1.52	0.0
0	1530	1.51	0.0
0	1531	1.51	0.0
0	1532	1.5	0.0
0	1533	1.5	0.0
0	1534	1.49	0.0
0	1535	1.49	0.0
0	1536	1.48	0.75
0	1537	1.48	0.0
0	1538	1.47	0.0
0	1539	1.46	0.0
0	1540	1.43	0.0
0	1541	1.39	0.0
0	1542	1.39	0.0
0	1543	1.39	0.0
0	1544	1.39	0.0
0	1545	1.39	0.0
0	1546	1.39	0.0
0	1547	1.38	0.0
0	1548	1.38	0.19
0	1549	1.37	0.0
0	1550	1.36	0.0
0	1551	1.36	0.0
0	1552	1.35	0.76
0	1553	1.34	0.0
0	1554	1.34	0.0
0	1555	1.33	0.0
0	1556	1.32	0.0
0	1557	1.31	1.09
0	1558	1.29	0.0
0	1559	1.28	0.0
0	1560	1.26	0.0
0	1561	1.26	0.0
0	1562	1.26	0.0
0	1563	1.24	0.0
0	1564	1.23	0.0
0	1565	1.2	0.0
0	1566	1.2	0.0
0	1567	1.19	0.0
0	1568	1.17	0.0
0	1569	1.17	0.0
0	1570	1.13	0.0
0	1571	1.13	0.0
0	1572	1.12	0.0
0	1573	1.11	0.0
0	1574	1.1	0.0
0	1575	1.1	0.0
0	1576	1.1	0.0
0	1577	1.08	0.0
0	1578	1.07	0.0
0	1579	1.07	0.0
0	1580	1.06	0.0
0	1581	1.05	0.0
0	1582	1.04	0.92
0	1583	1.04	0.0
0	1584	1.04	0.87
0	1585	1.0	0.0
0	1586	1.0	0.0
0	1587	0.98	0.0
0	1588	0.97	0.0
0	1589	0.97	0.0
0	1590	0.96	0.0
0	1591	0.96	0.0
0	1592	0.96	0.0
0	1593	0.95	0.0
0	1594	0.95	0.0
0	1595	0.95	0.0
0	1596	0.94	0.0
0	1597	0.93	0.0
0	1598	0.9	0.0
0	1599	0.9	0.0
0	1600	0.88	0.0
0	1601	0.88	0.79
0	1602	0.88	0.0
0	1603	0.87	0.0
0	1604	0.87	0.0
0	1605	0.87	0.0
0	1606	0.86	0.0
0	1607	0.85	0.0
0	1608	0.85	0.0
0	1609	0.84	0.0
0	1610	0.82	0.0
0	1611	0.81	0.0
0	1612	0.8	0.0
0	1613	0.8	0.0
0	1614	0.79	0.0
0	1615	0.79	0.0
0	1616	0.76	0.0
0	1617	0.75	0.0
0	1618	0.74	0.0
0	1619	0.73	0.43
0	1620	0.72	0.0
0	1621	0.72	0.0
0	1622	0.71	0.0
0	1623	0.7	0.0
0	1624	0.7	0.4
0	1625	0.69	0.67
0	1626	0.68	0.0
0	1627	0.68	0.0
0	1628	0.67	0.0
0	1629	0.67	0.0
0	1630	0.67	0.0
0	1631	0.66	0.0
0	1632	0.64	0.0
0	1633	0.63	0.0
0	1634	0.62	0.0
0	1635	0.6	0.0
0	1636	0.6	0.0
0	1637	0.58	0.0
0	1638	0.57	0.53
0	1639	0.57	0.0
0	1640	0.57	0.0
0	1641	0.56	0.0
0	1642	0.54	0.0
0	1643	0.54	0.0
0	1644	0.54	0.0
0	1645	0.53	0.0
0	1646	0.53	0.0
0	1647	0.53	0.0
0	1648	0.52	0.0
0	1649	0.51	0.0
0	1650	0.51	0.0
0	1651	0.5	0.0
0	1652	0.49	0.0
0	1653	0.49	0.48
0	1654	0.46	0.0
0	1655	0.44	0.0
0	1656	0.44	0.0
0	1657	0.43	0.0
0	1658	0.42	0.0
0	1659	0.42	0.0
0	1660	0.41	0.15
0	1661	0.4	0.0
0	1662	0.39	0.0
0	1663	0.39	0.0
0	1664	0.39	0.0
0	1665	0.36	0.0
0	1666	0.35	0.0
0	1667	0.34	0.0
0	1668	0.32	0.0
0	1669	0.32	0.0
0	1670	0.31	0.0
0	1671	0.27	0.0
0	1672	0.27	0.0
0	1673	0.27	0.0
0	1674	0.26	0.0
0	1675	0.26	0.0
0	1676	0.26	0.0
0	1677	0.24	0.0
0	1678	0.22	0.0
0	1679	0.22	0.0
0	1680	0.21	0.0
0	1681	0.2	0.0
0	1682	0.2	0.0
0	1683	0.19	0.0
0	1684	0.18	0.0
0	1685	0.18	0.0
0	1686	0.17	0.0
0	1687	0.16	0.0
0	1688	0.15	0.0
0	1689	0.15	0.0
0	1690	0.14	0.0
0	1691	0.14	0.0
0	1692	0.12	0.0
0	1693	0.11	0.0
0	1694	0.1	0.0
0	1695	0.09	0.0
0	1696	0.08	0.0
0	1697	0.08	0.0
0	1698	0.07	0.0
0	1699	0.06	0.0
0	1700	0.05	0.0
0	1701	0.03	0.0
0	1702	0.03	0.0
0	1703	0.03	0.0
0	1704	0.03	0.0
0	1705	0.02	0.0
0	1706	0.02	0.0
