clade	species	ts	te
0	1	100.0	90.89
0	2	97.73	95.7
0	3	97.7	96.27
0	4	95.14	94.57
0	5	91.66	81.22
0	6	90.22	84.75
0	7	88.16	83.68
0	8	86.97	84.87
0	9	81.97	60.97
0	10	77.18	43.31
0	11	70.92	58.89
0	12	68.76	65.76
0	13	66.04	58.5
0	14	60.31	55.64
0	15	58.29	35.29
0	16	57.62	51.25
0	17	56.78	53.35
0	18	56.15	39.69
0	19	55.72	26.01
0	20	54.36	51.95
0	21	52.86	48.12
0	22	52.48	42.69
0	23	52.06	29.19
0	24	51.38	42.57
0	25	51.18	41.05
0	26	51.02	38.51
0	27	50.66	46.67
0	28	49.59	26.94
0	29	49.48	43.51
0	30	49.4	42.93
0	31	49.2	26.37
0	32	48.95	30.35
0	33	48.93	23.53
0	34	48.9	28.47
0	35	48.73	46.66
0	36	47.75	47.18
0	37	47.73	44.83
0	38	47.41	42.22
0	39	47.28	26.84
0	40	47.24	0.0
0	41	47.2	44.82
0	42	47.07	46.69
0	43	47.01	38.38
0	44	47.01	34.69
0	45	46.8	34.3
0	46	46.76	43.99
0	47	46.74	44.43
0	48	46.31	44.2
0	49	45.98	32.35
0	50	45.5	34.36
0	51	45.28	24.2
0	52	45.14	39.02
0	53	45.07	24.08
0	54	44.97	35.57
0	55	44.88	20.04
0	56	44.81	36.21
0	57	44.56	36.87
0	58	44.54	43.59
0	59	44.52	41.97
0	60	44.47	35.77
0	61	44.41	38.39
0	62	44.2	37.07
0	63	44.03	36.18
0	64	44.01	27.26
0	65	43.94	27.28
0	66	43.7	42.32
0	67	43.53	20.85
0	68	43.27	41.2
0	69	42.74	36.13
0	70	42.73	42.38
0	71	42.59	42.22
0	72	42.51	34.45
0	73	42.42	34.56
0	74	42.42	17.77
0	75	42.4	29.09
0	76	42.04	40.56
0	77	41.86	30.72
0	78	41.44	27.94
0	79	41.42	23.84
0	80	41.41	36.7
0	81	41.36	39.06
0	82	41.15	37.37
0	83	41.08	26.92
0	84	40.88	26.78
0	85	40.78	38.59
0	86	40.62	34.58
0	87	40.6	25.38
0	88	40.52	38.22
0	89	40.4	38.68
0	90	40.23	36.14
0	91	40.17	27.05
0	92	39.82	27.29
0	93	39.74	32.93
0	94	39.47	0.0
0	95	39.36	23.48
0	96	39.0	7.54
0	97	38.79	15.98
0	98	38.65	38.49
0	99	38.62	14.69
0	100	38.41	30.56
0	101	38.35	22.67
0	102	38.19	22.35
0	103	38.19	35.55
0	104	38.15	30.31
0	105	38.08	35.27
0	106	37.58	3.16
0	107	37.4	25.85
0	108	37.35	36.53
0	109	37.32	0.0
0	110	37.16	21.23
0	111	37.15	31.21
0	112	37.13	30.67
0	113	36.85	34.68
0	114	36.79	24.76
0	115	36.41	36.18
0	116	36.33	35.79
0	117	36.12	31.04
0	118	35.94	23.33
0	119	35.83	32.56
0	120	35.76	29.4
0	121	35.6	31.35
0	122	35.42	32.07
0	123	35.31	29.75
0	124	35.29	24.34
0	125	35.17	30.79
0	126	34.96	29.55
0	127	34.8	25.16
0	128	34.65	25.98
0	129	34.6	16.8
0	130	34.51	33.26
0	131	34.39	32.5
0	132	34.39	21.86
0	133	34.29	2.01
0	134	34.26	32.9
0	135	34.12	24.77
0	136	34.12	27.68
0	137	34.05	31.6
0	138	33.94	27.61
0	139	33.77	31.97
0	140	33.75	1.63
0	141	33.65	27.1
0	142	33.62	30.31
0	143	33.6	12.18
0	144	33.41	33.08
0	145	33.22	8.95
0	146	33.13	30.8
0	147	33.12	28.3
0	148	33.08	17.49
0	149	32.9	24.28
0	150	32.85	32.17
0	151	32.57	21.92
0	152	32.49	13.74
0	153	32.48	27.9
0	154	32.41	23.29
0	155	32.33	22.62
0	156	32.31	30.09
0	157	32.29	24.89
0	158	32.27	30.28
0	159	32.27	27.72
0	160	32.15	16.16
0	161	32.12	29.76
0	162	32.0	15.74
0	163	31.75	27.48
0	164	31.75	21.58
0	165	31.66	24.49
0	166	31.64	19.47
0	167	31.52	24.52
0	168	31.51	25.34
0	169	31.39	28.32
0	170	31.37	11.35
0	171	31.3	30.91
0	172	31.13	30.32
0	173	31.13	24.56
0	174	31.12	27.49
0	175	31.1	27.46
0	176	30.83	29.1
0	177	30.52	0.0
0	178	30.41	6.26
0	179	30.25	27.05
0	180	30.22	0.34
0	181	30.2	27.38
0	182	30.2	28.26
0	183	30.16	23.9
0	184	29.88	21.86
0	185	29.69	24.35
0	186	29.64	23.36
0	187	29.64	23.23
0	188	29.57	9.45
0	189	29.51	27.87
0	190	29.5	9.74
0	191	29.41	25.57
0	192	29.4	27.93
0	193	29.39	28.96
0	194	29.36	12.51
0	195	29.34	15.42
0	196	29.23	28.91
0	197	29.19	12.7
0	198	29.16	19.62
0	199	29.12	19.75
0	200	29.09	23.13
0	201	29.03	19.26
0	202	28.91	28.52
0	203	28.87	24.93
0	204	28.84	25.66
0	205	28.81	18.47
0	206	28.78	23.82
0	207	28.78	23.87
0	208	28.77	20.19
0	209	28.77	19.79
0	210	28.71	0.0
0	211	28.67	28.07
0	212	28.64	12.58
0	213	28.62	26.23
0	214	28.56	18.98
0	215	28.5	24.58
0	216	28.49	20.38
0	217	28.48	27.31
0	218	28.47	27.71
0	219	28.46	28.18
0	220	28.4	15.06
0	221	28.33	22.13
0	222	28.27	0.0
0	223	28.22	23.97
0	224	28.18	14.21
0	225	28.18	3.96
0	226	28.15	21.62
0	227	28.13	27.78
0	228	28.02	23.37
0	229	28.02	26.37
0	230	27.99	21.69
0	231	27.96	27.9
0	232	27.94	0.0
0	233	27.84	16.03
0	234	27.75	13.2
0	235	27.48	26.41
0	236	27.39	26.17
0	237	27.33	4.9
0	238	27.3	17.81
0	239	27.27	15.59
0	240	27.26	5.3
0	241	27.22	19.56
0	242	27.21	0.0
0	243	27.19	0.0
0	244	27.09	25.39
0	245	27.0	13.63
0	246	26.96	10.48
0	247	26.88	4.28
0	248	26.85	17.13
0	249	26.79	21.24
0	250	26.74	16.91
0	251	26.7	20.12
0	252	26.68	19.78
0	253	26.67	25.24
0	254	26.67	24.6
0	255	26.6	20.32
0	256	26.59	21.53
0	257	26.57	21.56
0	258	26.4	15.81
0	259	26.32	16.24
0	260	26.28	3.22
0	261	26.24	25.66
0	262	26.18	23.96
0	263	26.14	0.11
0	264	26.14	7.15
0	265	26.08	14.64
0	266	26.05	24.79
0	267	25.94	7.69
0	268	25.93	19.16
0	269	25.89	14.99
0	270	25.78	18.48
0	271	25.72	24.73
0	272	25.69	13.76
0	273	25.68	16.86
0	274	25.59	24.74
0	275	25.59	20.12
0	276	25.53	23.43
0	277	25.48	7.58
0	278	25.4	0.0
0	279	25.39	22.18
0	280	25.36	23.28
0	281	25.35	12.76
0	282	25.21	20.67
0	283	25.2	8.43
0	284	25.04	22.44
0	285	24.86	0.95
0	286	24.8	20.61
0	287	24.78	16.94
0	288	24.77	16.87
0	289	24.77	20.48
0	290	24.72	8.85
0	291	24.7	15.58
0	292	24.45	5.64
0	293	24.4	24.23
0	294	24.36	17.62
0	295	24.35	22.14
0	296	24.35	21.78
0	297	24.18	19.81
0	298	24.16	0.0
0	299	24.06	23.83
0	300	24.02	20.78
0	301	24.01	17.21
0	302	24.01	13.52
0	303	23.97	17.28
0	304	23.95	7.61
0	305	23.89	0.0
0	306	23.88	10.54
0	307	23.84	15.01
0	308	23.77	7.4
0	309	23.73	20.53
0	310	23.66	23.11
0	311	23.6	17.76
0	312	23.52	18.22
0	313	23.42	13.76
0	314	23.27	12.97
0	315	23.24	14.31
0	316	23.18	13.51
0	317	22.83	22.38
0	318	22.71	17.75
0	319	22.7	9.77
0	320	22.66	18.99
0	321	22.66	16.46
0	322	22.63	7.83
0	323	22.49	21.68
0	324	22.43	21.62
0	325	22.37	7.93
0	326	22.37	4.08
0	327	22.31	18.09
0	328	22.3	17.65
0	329	22.3	15.56
0	330	22.26	0.0
0	331	22.24	4.54
0	332	22.23	11.94
0	333	22.22	18.21
0	334	22.09	19.02
0	335	22.07	18.15
0	336	22.05	12.28
0	337	22.05	15.46
0	338	22.02	16.6
0	339	21.99	19.28
0	340	21.96	0.0
0	341	21.96	3.17
0	342	21.93	21.54
0	343	21.9	10.32
0	344	21.87	6.22
0	345	21.82	0.0
0	346	21.82	16.64
0	347	21.8	0.0
0	348	21.79	12.19
0	349	21.77	18.73
0	350	21.75	0.0
0	351	21.75	0.0
0	352	21.72	3.44
0	353	21.71	20.36
0	354	21.7	15.78
0	355	21.69	0.0
0	356	21.68	17.01
0	357	21.6	2.21
0	358	21.57	7.8
0	359	21.54	20.63
0	360	21.54	15.62
0	361	21.53	9.55
0	362	21.47	17.56
0	363	21.46	11.78
0	364	21.44	2.09
0	365	21.44	18.14
0	366	21.4	0.0
0	367	21.4	14.16
0	368	21.39	14.87
0	369	21.38	19.83
0	370	21.31	18.89
0	371	21.29	8.05
0	372	21.27	16.74
0	373	21.27	6.8
0	374	21.26	0.0
0	375	21.26	13.28
0	376	21.24	20.95
0	377	21.22	20.56
0	378	21.21	15.22
0	379	21.16	18.09
0	380	21.16	0.0
0	381	21.11	15.03
0	382	21.09	17.68
0	383	21.09	0.0
0	384	21.05	14.25
0	385	21.01	11.58
0	386	20.97	18.24
0	387	20.94	11.44
0	388	20.93	19.09
0	389	20.92	10.55
0	390	20.91	3.75
0	391	20.85	3.79
0	392	20.77	16.23
0	393	20.75	17.23
0	394	20.7	17.79
0	395	20.68	19.55
0	396	20.61	19.27
0	397	20.49	16.75
0	398	20.43	0.0
0	399	20.42	13.37
0	400	20.39	16.2
0	401	20.38	0.0
0	402	20.35	20.13
0	403	20.26	15.07
0	404	20.24	9.75
0	405	20.23	13.2
0	406	20.17	20.03
0	407	20.13	18.11
0	408	20.11	13.89
0	409	20.09	16.38
0	410	20.07	4.54
0	411	19.99	11.6
0	412	19.97	10.01
0	413	19.95	17.82
0	414	19.94	9.06
0	415	19.85	9.97
0	416	19.84	11.52
0	417	19.83	17.26
0	418	19.76	7.11
0	419	19.71	0.0
0	420	19.71	18.4
0	421	19.68	15.75
0	422	19.66	0.0
0	423	19.58	18.75
0	424	19.56	14.87
0	425	19.52	7.4
0	426	19.5	11.85
0	427	19.49	18.99
0	428	19.48	16.26
0	429	19.47	16.17
0	430	19.46	17.19
0	431	19.45	0.0
0	432	19.44	0.0
0	433	19.44	18.6
0	434	19.42	0.0
0	435	19.38	15.39
0	436	19.36	14.13
0	437	19.29	18.15
0	438	19.23	18.07
0	439	19.21	14.51
0	440	19.2	0.42
0	441	19.19	8.55
0	442	19.16	11.77
0	443	19.11	16.15
0	444	19.06	6.56
0	445	19.03	15.73
0	446	19.01	14.21
0	447	18.94	15.81
0	448	18.94	9.66
0	449	18.9	0.0
0	450	18.89	17.24
0	451	18.88	12.02
0	452	18.86	13.34
0	453	18.85	0.0
0	454	18.81	0.0
0	455	18.79	14.87
0	456	18.76	18.74
0	457	18.75	15.81
0	458	18.75	0.3
0	459	18.74	0.0
0	460	18.69	16.28
0	461	18.6	14.24
0	462	18.56	6.31
0	463	18.53	8.73
0	464	18.51	17.62
0	465	18.49	13.51
0	466	18.43	12.57
0	467	18.41	12.09
0	468	18.34	3.55
0	469	18.33	14.01
0	470	18.33	0.0
0	471	18.31	10.65
0	472	18.26	10.43
0	473	18.25	11.24
0	474	18.25	11.59
0	475	18.22	0.0
0	476	18.21	11.33
0	477	18.17	3.9
0	478	18.15	9.71
0	479	18.11	16.17
0	480	18.1	11.52
0	481	18.09	16.52
0	482	18.08	5.24
0	483	18.02	14.35
0	484	18.01	0.0
0	485	17.98	0.25
0	486	17.98	0.0
0	487	17.93	9.5
0	488	17.92	2.38
0	489	17.91	15.82
0	490	17.87	2.99
0	491	17.77	4.86
0	492	17.76	14.13
0	493	17.71	6.44
0	494	17.67	15.56
0	495	17.64	0.0
0	496	17.56	0.9
0	497	17.56	15.04
0	498	17.53	7.49
0	499	17.53	17.3
0	500	17.49	17.26
0	501	17.47	13.12
0	502	17.29	7.24
0	503	17.24	12.04
0	504	17.2	0.0
0	505	17.18	16.31
0	506	17.17	14.1
0	507	17.05	0.0
0	508	17.02	15.67
0	509	17.0	1.29
0	510	16.99	16.22
0	511	16.99	14.0
0	512	16.98	10.58
0	513	16.97	16.44
0	514	16.94	12.44
0	515	16.91	7.9
0	516	16.9	13.9
0	517	16.89	14.84
0	518	16.87	1.01
0	519	16.86	4.21
0	520	16.83	0.0
0	521	16.83	6.52
0	522	16.82	0.0
0	523	16.78	11.25
0	524	16.78	2.82
0	525	16.77	15.94
0	526	16.77	15.92
0	527	16.76	8.76
0	528	16.74	0.0
0	529	16.74	7.92
0	530	16.73	15.17
0	531	16.69	0.0
0	532	16.66	12.37
0	533	16.65	4.43
0	534	16.64	6.54
0	535	16.63	7.7
0	536	16.58	12.44
0	537	16.46	10.62
0	538	16.38	8.06
0	539	16.38	0.0
0	540	16.37	11.89
0	541	16.35	10.0
0	542	16.33	0.64
0	543	16.33	11.51
0	544	16.32	15.72
0	545	16.31	15.87
0	546	16.28	3.93
0	547	16.27	0.0
0	548	16.26	7.96
0	549	16.24	13.54
0	550	16.22	0.0
0	551	16.21	5.42
0	552	16.21	0.0
0	553	16.18	8.89
0	554	16.18	12.65
0	555	16.12	11.56
0	556	16.06	14.85
0	557	16.01	8.95
0	558	15.99	0.0
0	559	15.96	8.89
0	560	15.93	8.76
0	561	15.9	13.59
0	562	15.89	10.94
0	563	15.88	10.63
0	564	15.82	14.82
0	565	15.8	10.52
0	566	15.79	14.25
0	567	15.78	0.0
0	568	15.76	7.98
0	569	15.72	11.73
0	570	15.71	11.39
0	571	15.71	4.15
0	572	15.7	0.02
0	573	15.67	11.52
0	574	15.66	3.12
0	575	15.65	12.42
0	576	15.63	10.52
0	577	15.63	13.6
0	578	15.5	0.0
0	579	15.5	5.57
0	580	15.48	15.24
0	581	15.48	12.93
0	582	15.48	10.19
0	583	15.42	10.15
0	584	15.37	7.74
0	585	15.36	0.0
0	586	15.35	0.0
0	587	15.34	15.18
0	588	15.3	12.01
0	589	15.21	0.0
0	590	15.2	2.12
0	591	15.19	8.44
0	592	15.18	7.48
0	593	15.18	0.0
0	594	15.17	4.34
0	595	15.14	11.68
0	596	15.13	14.16
0	597	15.11	15.06
0	598	15.02	9.5
0	599	15.01	7.84
0	600	14.99	0.75
0	601	14.96	11.69
0	602	14.94	13.61
0	603	14.93	10.87
0	604	14.93	6.32
0	605	14.88	8.18
0	606	14.86	8.32
0	607	14.83	0.0
0	608	14.81	0.0
0	609	14.8	0.0
0	610	14.73	4.02
0	611	14.73	4.29
0	612	14.73	3.9
0	613	14.72	8.16
0	614	14.7	13.15
0	615	14.64	12.45
0	616	14.6	10.51
0	617	14.58	11.65
0	618	14.57	8.93
0	619	14.54	7.25
0	620	14.53	8.35
0	621	14.53	4.64
0	622	14.51	10.47
0	623	14.5	11.09
0	624	14.5	14.11
0	625	14.5	0.0
0	626	14.5	14.21
0	627	14.44	14.18
0	628	14.44	7.95
0	629	14.42	12.39
0	630	14.4	13.68
0	631	14.4	0.0
0	632	14.4	0.0
0	633	14.26	9.83
0	634	14.25	7.83
0	635	14.22	7.93
0	636	14.19	12.46
0	637	14.19	8.51
0	638	14.16	8.06
0	639	14.15	0.0
0	640	14.15	11.39
0	641	14.14	6.31
0	642	14.13	11.85
0	643	14.11	0.0
0	644	14.09	1.21
0	645	14.08	11.65
0	646	14.07	0.0
0	647	14.0	3.18
0	648	13.98	0.0
0	649	13.95	0.0
0	650	13.94	8.68
0	651	13.86	2.39
0	652	13.86	10.94
0	653	13.82	13.29
0	654	13.81	12.22
0	655	13.75	0.0
0	656	13.75	0.0
0	657	13.74	0.0
0	658	13.7	12.66
0	659	13.61	7.9
0	660	13.56	6.25
0	661	13.55	10.13
0	662	13.53	3.18
0	663	13.51	2.47
0	664	13.51	3.49
0	665	13.45	11.45
0	666	13.43	11.94
0	667	13.4	5.6
0	668	13.4	5.34
0	669	13.34	3.11
0	670	13.25	11.95
0	671	13.24	7.79
0	672	13.22	11.9
0	673	13.22	0.0
0	674	13.18	2.93
0	675	13.16	5.67
0	676	13.14	11.1
0	677	13.13	11.15
0	678	13.12	5.49
0	679	13.12	11.65
0	680	13.1	0.0
0	681	13.09	9.83
0	682	13.06	0.0
0	683	13.0	0.0
0	684	12.99	3.94
0	685	12.99	10.62
0	686	12.96	9.3
0	687	12.95	9.51
0	688	12.92	6.3
0	689	12.89	0.0
0	690	12.88	2.87
0	691	12.84	12.62
0	692	12.84	3.14
0	693	12.84	11.13
0	694	12.83	10.5
0	695	12.79	8.29
0	696	12.73	8.01
0	697	12.71	9.77
0	698	12.7	4.34
0	699	12.66	9.78
0	700	12.64	10.94
0	701	12.64	5.33
0	702	12.64	0.93
0	703	12.63	4.85
0	704	12.6	9.21
0	705	12.6	0.0
0	706	12.59	7.76
0	707	12.56	10.02
0	708	12.55	0.0
0	709	12.53	0.0
0	710	12.52	0.0
0	711	12.41	0.0
0	712	12.41	1.98
0	713	12.37	0.49
0	714	12.37	7.37
0	715	12.37	11.46
0	716	12.36	8.33
0	717	12.35	10.26
0	718	12.33	6.5
0	719	12.3	3.31
0	720	12.24	7.92
0	721	12.24	9.41
0	722	12.23	10.4
0	723	12.19	10.83
0	724	12.17	8.97
0	725	12.15	10.96
0	726	12.14	6.51
0	727	12.11	9.4
0	728	12.1	0.0
0	729	12.09	11.27
0	730	12.08	0.0
0	731	12.05	0.51
0	732	12.05	0.0
0	733	12.04	0.0
0	734	12.04	0.0
0	735	12.03	0.0
0	736	12.02	8.42
0	737	12.0	0.0
0	738	11.96	2.05
0	739	11.95	0.16
0	740	11.92	0.0
0	741	11.9	0.0
0	742	11.89	0.0
0	743	11.84	0.0
0	744	11.84	7.53
0	745	11.82	11.19
0	746	11.76	0.0
0	747	11.76	0.0
0	748	11.74	6.63
0	749	11.74	1.71
0	750	11.72	5.33
0	751	11.71	10.54
0	752	11.66	8.01
0	753	11.65	0.0
0	754	11.64	6.23
0	755	11.62	11.05
0	756	11.52	8.64
0	757	11.52	8.97
0	758	11.52	0.0
0	759	11.51	5.32
0	760	11.51	0.97
0	761	11.5	2.46
0	762	11.5	6.91
0	763	11.5	0.0
0	764	11.44	7.06
0	765	11.44	7.13
0	766	11.4	0.53
0	767	11.4	2.34
0	768	11.39	1.87
0	769	11.37	9.97
0	770	11.36	2.49
0	771	11.34	9.03
0	772	11.32	8.99
0	773	11.31	10.77
0	774	11.26	8.57
0	775	11.25	9.92
0	776	11.24	5.95
0	777	11.23	0.0
0	778	11.22	5.3
0	779	11.22	3.19
0	780	11.2	5.27
0	781	11.18	10.24
0	782	11.16	9.18
0	783	11.13	0.0
0	784	11.11	0.0
0	785	11.1	0.0
0	786	11.09	0.79
0	787	11.04	0.0
0	788	11.03	10.7
0	789	11.03	7.4
0	790	11.0	0.0
0	791	10.99	9.48
0	792	10.97	3.28
0	793	10.95	0.0
0	794	10.9	10.49
0	795	10.89	7.14
0	796	10.87	0.0
0	797	10.87	10.6
0	798	10.82	0.91
0	799	10.82	0.0
0	800	10.81	4.48
0	801	10.79	0.0
0	802	10.79	3.3
0	803	10.78	0.0
0	804	10.76	9.32
0	805	10.74	4.27
0	806	10.72	0.85
0	807	10.7	0.0
0	808	10.7	2.85
0	809	10.7	0.0
0	810	10.67	0.0
0	811	10.64	7.62
0	812	10.61	9.04
0	813	10.61	0.0
0	814	10.6	6.62
0	815	10.6	0.06
0	816	10.6	8.23
0	817	10.58	10.27
0	818	10.57	4.51
0	819	10.57	0.99
0	820	10.48	6.21
0	821	10.46	0.0
0	822	10.42	0.0
0	823	10.42	9.77
0	824	10.42	0.0
0	825	10.41	2.0
0	826	10.4	0.0
0	827	10.39	7.08
0	828	10.39	0.0
0	829	10.39	0.0
0	830	10.38	0.68
0	831	10.36	1.31
0	832	10.32	4.5
0	833	10.32	10.19
0	834	10.3	0.0
0	835	10.29	9.32
0	836	10.28	0.0
0	837	10.28	0.0
0	838	10.25	2.49
0	839	10.24	5.14
0	840	10.24	6.06
0	841	10.23	0.0
0	842	10.22	0.0
0	843	10.21	0.0
0	844	10.21	9.11
0	845	10.2	0.0
0	846	10.19	0.0
0	847	10.17	0.0
0	848	10.17	4.29
0	849	10.16	6.8
0	850	10.15	0.96
0	851	10.14	6.85
0	852	10.12	0.0
0	853	10.11	1.93
0	854	10.09	0.0
0	855	10.03	9.01
0	856	9.98	0.41
0	857	9.98	0.25
0	858	9.93	0.0
0	859	9.91	0.0
0	860	9.91	3.02
0	861	9.81	6.6
0	862	9.8	0.36
0	863	9.8	0.0
0	864	9.78	6.74
0	865	9.77	8.89
0	866	9.75	0.0
0	867	9.73	7.32
0	868	9.72	1.68
0	869	9.7	3.99
0	870	9.7	0.0
0	871	9.68	0.0
0	872	9.67	0.0
0	873	9.63	8.26
0	874	9.63	0.0
0	875	9.62	8.66
0	876	9.61	3.52
0	877	9.61	0.0
0	878	9.56	4.79
0	879	9.55	0.0
0	880	9.54	6.61
0	881	9.54	0.0
0	882	9.53	9.22
0	883	9.53	9.2
0	884	9.5	6.77
0	885	9.49	1.79
0	886	9.44	4.86
0	887	9.41	9.37
0	888	9.41	6.04
0	889	9.39	0.0
0	890	9.36	1.1
0	891	9.34	6.22
0	892	9.33	1.84
0	893	9.32	0.0
0	894	9.32	2.08
0	895	9.31	6.63
0	896	9.31	8.22
0	897	9.3	0.0
0	898	9.28	5.7
0	899	9.28	0.0
0	900	9.26	0.0
0	901	9.25	7.34
0	902	9.25	8.76
0	903	9.24	5.13
0	904	9.23	0.0
0	905	9.22	0.0
0	906	9.21	0.0
0	907	9.17	0.0
0	908	9.15	0.0
0	909	9.15	0.0
0	910	9.14	0.0
0	911	9.08	0.0
0	912	9.06	0.0
0	913	9.04	7.32
0	914	9.03	5.89
0	915	9.03	8.97
0	916	9.03	0.0
0	917	8.98	0.0
0	918	8.95	0.0
0	919	8.94	8.11
0	920	8.93	0.0
0	921	8.92	0.0
0	922	8.92	0.05
0	923	8.9	5.7
0	924	8.89	4.14
0	925	8.88	0.39
0	926	8.82	6.1
0	927	8.82	2.32
0	928	8.81	0.0
0	929	8.8	4.77
0	930	8.79	0.0
0	931	8.79	6.38
0	932	8.77	4.87
0	933	8.77	0.0
0	934	8.74	6.78
0	935	8.73	4.17
0	936	8.67	2.21
0	937	8.65	0.0
0	938	8.65	4.99
0	939	8.63	5.63
0	940	8.62	4.08
0	941	8.62	0.53
0	942	8.6	0.0
0	943	8.58	7.99
0	944	8.57	6.09
0	945	8.55	0.39
0	946	8.54	5.93
0	947	8.53	1.82
0	948	8.53	0.0
0	949	8.53	3.0
0	950	8.5	0.28
0	951	8.47	5.23
0	952	8.43	0.0
0	953	8.34	0.0
0	954	8.33	1.61
0	955	8.32	8.11
0	956	8.31	6.8
0	957	8.3	0.0
0	958	8.29	6.38
0	959	8.24	6.65
0	960	8.23	0.0
0	961	8.18	2.72
0	962	8.18	5.97
0	963	8.17	4.72
0	964	8.13	1.29
0	965	8.09	0.0
0	966	8.08	1.9
0	967	8.04	0.0
0	968	8.03	5.16
0	969	8.03	1.44
0	970	7.95	0.0
0	971	7.94	0.0
0	972	7.94	3.08
0	973	7.9	0.0
0	974	7.9	4.75
0	975	7.89	0.0
0	976	7.89	7.19
0	977	7.86	0.0
0	978	7.85	7.81
0	979	7.84	2.13
0	980	7.84	0.0
0	981	7.81	6.91
0	982	7.8	7.47
0	983	7.79	0.0
0	984	7.78	0.0
0	985	7.77	5.53
0	986	7.75	0.0
0	987	7.75	1.7
0	988	7.75	0.0
0	989	7.72	0.47
0	990	7.69	0.0
0	991	7.66	0.0
0	992	7.66	2.62
0	993	7.66	0.8
0	994	7.6	7.59
0	995	7.58	0.0
0	996	7.57	0.0
0	997	7.57	0.0
0	998	7.56	0.0
0	999	7.52	0.0
0	1000	7.49	3.96
0	1001	7.48	0.0
0	1002	7.48	6.82
0	1003	7.47	0.0
0	1004	7.46	0.0
0	1005	7.45	0.0
0	1006	7.45	0.0
0	1007	7.41	3.5
0	1008	7.36	3.36
0	1009	7.36	1.86
0	1010	7.35	1.9
0	1011	7.35	6.62
0	1012	7.35	4.4
0	1013	7.31	1.48
0	1014	7.31	0.0
0	1015	7.27	0.0
0	1016	7.26	0.0
0	1017	7.24	6.82
0	1018	7.2	4.13
0	1019	7.16	0.0
0	1020	7.16	1.55
0	1021	7.14	1.78
0	1022	7.13	0.0
0	1023	7.12	0.0
0	1024	7.1	0.0
0	1025	7.1	5.92
0	1026	7.08	5.53
0	1027	7.08	0.19
0	1028	7.06	0.0
0	1029	7.05	0.0
0	1030	7.0	0.0
0	1031	7.0	0.0
0	1032	7.0	0.0
0	1033	6.97	0.0
0	1034	6.96	0.0
0	1035	6.94	0.0
0	1036	6.93	3.45
0	1037	6.91	6.18
0	1038	6.9	0.0
0	1039	6.89	0.0
0	1040	6.88	1.77
0	1041	6.87	2.12
0	1042	6.85	0.0
0	1043	6.83	0.0
0	1044	6.81	0.0
0	1045	6.81	0.0
0	1046	6.81	0.0
0	1047	6.8	4.95
0	1048	6.79	0.0
0	1049	6.78	2.48
0	1050	6.77	5.77
0	1051	6.77	4.59
0	1052	6.73	5.99
0	1053	6.69	0.0
0	1054	6.68	3.78
0	1055	6.68	1.35
0	1056	6.68	0.0
0	1057	6.66	6.63
0	1058	6.65	0.0
0	1059	6.63	0.0
0	1060	6.62	4.22
0	1061	6.61	4.46
0	1062	6.58	0.0
0	1063	6.58	0.0
0	1064	6.57	0.0
0	1065	6.56	0.15
0	1066	6.53	0.0
0	1067	6.53	4.89
0	1068	6.5	2.65
0	1069	6.47	0.0
0	1070	6.47	0.0
0	1071	6.45	5.96
0	1072	6.44	0.0
0	1073	6.44	0.0
0	1074	6.44	0.0
0	1075	6.41	0.0
0	1076	6.4	2.47
0	1077	6.4	0.52
0	1078	6.4	0.0
0	1079	6.39	1.72
0	1080	6.38	3.04
0	1081	6.38	5.92
0	1082	6.36	0.0
0	1083	6.36	0.0
0	1084	6.35	0.0
0	1085	6.34	5.92
0	1086	6.34	0.0
0	1087	6.3	0.0
0	1088	6.29	0.0
0	1089	6.29	0.0
0	1090	6.28	4.39
0	1091	6.26	0.0
0	1092	6.26	2.9
0	1093	6.25	0.0
0	1094	6.23	5.78
0	1095	6.16	0.0
0	1096	6.13	2.11
0	1097	6.12	0.0
0	1098	6.08	0.59
0	1099	6.05	0.0
0	1100	6.03	2.92
0	1101	6.02	0.0
0	1102	6.01	2.88
0	1103	6.0	3.1
0	1104	6.0	0.0
0	1105	5.98	0.0
0	1106	5.95	0.0
0	1107	5.93	0.0
0	1108	5.92	0.0
0	1109	5.91	0.0
0	1110	5.88	5.55
0	1111	5.86	3.98
0	1112	5.83	0.79
0	1113	5.83	4.79
0	1114	5.81	0.0
0	1115	5.8	0.0
0	1116	5.8	1.05
0	1117	5.79	3.07
0	1118	5.78	0.0
0	1119	5.75	0.0
0	1120	5.75	1.73
0	1121	5.74	0.0
0	1122	5.69	4.62
0	1123	5.67	0.0
0	1124	5.67	0.0
0	1125	5.65	1.84
0	1126	5.61	0.0
0	1127	5.6	0.98
0	1128	5.58	4.04
0	1129	5.55	0.0
0	1130	5.53	1.84
0	1131	5.52	0.0
0	1132	5.51	0.0
0	1133	5.5	0.98
0	1134	5.49	0.0
0	1135	5.48	0.0
0	1136	5.48	0.0
0	1137	5.44	0.0
0	1138	5.41	0.0
0	1139	5.41	0.0
0	1140	5.4	3.41
0	1141	5.4	0.0
0	1142	5.39	3.89
0	1143	5.38	0.0
0	1144	5.36	0.0
0	1145	5.35	1.94
0	1146	5.35	0.0
0	1147	5.34	1.06
0	1148	5.32	0.0
0	1149	5.31	0.0
0	1150	5.29	2.01
0	1151	5.28	5.13
0	1152	5.28	0.0
0	1153	5.27	0.0
0	1154	5.16	0.0
0	1155	5.15	2.4
0	1156	5.14	4.27
0	1157	5.12	0.0
0	1158	5.08	1.57
0	1159	5.07	0.0
0	1160	5.03	0.0
0	1161	5.0	3.26
0	1162	4.97	0.0
0	1163	4.96	0.0
0	1164	4.94	0.0
0	1165	4.91	2.21
0	1166	4.9	0.0
0	1167	4.88	3.22
0	1168	4.85	0.0
0	1169	4.84	0.69
0	1170	4.82	0.0
0	1171	4.81	0.0
0	1172	4.81	3.48
0	1173	4.78	0.0
0	1174	4.77	0.0
0	1175	4.76	0.0
0	1176	4.76	4.67
0	1177	4.74	0.0
0	1178	4.72	3.63
0	1179	4.69	0.0
0	1180	4.69	0.2
0	1181	4.66	3.09
0	1182	4.66	4.29
0	1183	4.66	3.36
0	1184	4.65	0.0
0	1185	4.64	0.0
0	1186	4.64	1.17
0	1187	4.63	0.0
0	1188	4.61	2.93
0	1189	4.54	0.0
0	1190	4.53	0.0
0	1191	4.52	0.0
0	1192	4.51	0.0
0	1193	4.5	3.29
0	1194	4.48	2.06
0	1195	4.47	0.0
0	1196	4.46	0.0
0	1197	4.42	0.0
0	1198	4.42	0.01
0	1199	4.42	0.0
0	1200	4.42	0.32
0	1201	4.41	1.96
0	1202	4.4	0.0
0	1203	4.4	0.0
0	1204	4.4	0.4
0	1205	4.39	0.0
0	1206	4.37	3.31
0	1207	4.35	0.72
0	1208	4.35	0.0
0	1209	4.35	0.0
0	1210	4.33	0.0
0	1211	4.31	0.0
0	1212	4.31	0.0
0	1213	4.3	0.0
0	1214	4.29	1.77
0	1215	4.29	0.0
0	1216	4.29	0.0
0	1217	4.28	0.0
0	1218	4.27	0.0
0	1219	4.26	0.0
0	1220	4.26	0.0
0	1221	4.22	3.99
0	1222	4.21	0.0
0	1223	4.18	1.82
0	1224	4.17	0.0
0	1225	4.16	0.0
0	1226	4.15	0.0
0	1227	4.15	0.0
0	1228	4.12	0.0
0	1229	4.11	0.0
0	1230	4.11	0.0
0	1231	4.11	0.0
0	1232	4.1	0.0
0	1233	4.07	0.0
0	1234	4.05	1.21
0	1235	4.05	0.0
0	1236	4.05	0.0
0	1237	4.04	0.0
0	1238	4.02	0.0
0	1239	3.98	0.0
0	1240	3.96	0.0
0	1241	3.95	2.72
0	1242	3.93	3.67
0	1243	3.93	2.76
0	1244	3.93	0.0
0	1245	3.91	0.0
0	1246	3.9	1.03
0	1247	3.88	0.0
0	1248	3.87	2.91
0	1249	3.86	1.79
0	1250	3.85	3.76
0	1251	3.84	0.0
0	1252	3.83	3.07
0	1253	3.83	2.63
0	1254	3.83	0.18
0	1255	3.83	0.0
0	1256	3.82	0.0
0	1257	3.81	0.0
0	1258	3.78	0.0
0	1259	3.76	0.0
0	1260	3.76	0.84
0	1261	3.75	3.32
0	1262	3.75	0.0
0	1263	3.73	0.0
0	1264	3.71	2.03
0	1265	3.71	0.0
0	1266	3.71	0.0
0	1267	3.7	0.0
0	1268	3.7	0.0
0	1269	3.69	0.0
0	1270	3.69	0.0
0	1271	3.69	3.1
0	1272	3.68	0.0
0	1273	3.65	0.38
0	1274	3.64	0.83
0	1275	3.63	0.0
0	1276	3.62	0.0
0	1277	3.62	0.0
0	1278	3.61	0.0
0	1279	3.58	0.0
0	1280	3.57	0.0
0	1281	3.57	0.0
0	1282	3.57	2.43
0	1283	3.56	0.0
0	1284	3.55	0.0
0	1285	3.54	0.0
0	1286	3.52	0.0
0	1287	3.52	0.0
0	1288	3.51	0.0
0	1289	3.49	0.0
0	1290	3.49	0.0
0	1291	3.49	0.0
0	1292	3.48	0.0
0	1293	3.48	2.82
0	1294	3.43	0.0
0	1295	3.43	2.92
0	1296	3.4	0.11
0	1297	3.39	1.26
0	1298	3.38	0.0
0	1299	3.38	0.0
0	1300	3.38	0.0
0	1301	3.36	0.0
0	1302	3.35	0.0
0	1303	3.3	0.0
0	1304	3.28	0.0
0	1305	3.27	0.0
0	1306	3.27	0.0
0	1307	3.26	3.16
0	1308	3.25	0.0
0	1309	3.25	2.14
0	1310	3.25	0.0
0	1311	3.23	0.12
0	1312	3.21	0.0
0	1313	3.19	0.0
0	1314	3.17	0.0
0	1315	3.16	1.35
0	1316	3.13	0.0
0	1317	3.12	0.0
0	1318	3.1	0.0
0	1319	3.07	1.84
0	1320	3.05	1.64
0	1321	3.05	0.0
0	1322	3.04	0.0
0	1323	3.01	0.0
0	1324	3.01	0.0
0	1325	3.01	0.0
0	1326	3.0	2.56
0	1327	3.0	0.0
0	1328	2.97	0.0
0	1329	2.96	0.0
0	1330	2.95	2.02
0	1331	2.95	2.27
0	1332	2.94	2.49
0	1333	2.94	0.0
0	1334	2.91	0.0
0	1335	2.86	0.0
0	1336	2.85	0.0
0	1337	2.83	1.57
0	1338	2.79	0.0
0	1339	2.78	0.0
0	1340	2.78	1.94
0	1341	2.78	0.0
0	1342	2.78	0.0
0	1343	2.77	2.76
0	1344	2.77	0.0
0	1345	2.76	0.0
0	1346	2.71	0.0
0	1347	2.7	0.0
0	1348	2.67	0.0
0	1349	2.65	0.0
0	1350	2.64	1.44
0	1351	2.64	0.0
0	1352	2.63	0.0
0	1353	2.61	1.68
0	1354	2.61	0.0
0	1355	2.61	0.0
0	1356	2.59	0.0
0	1357	2.57	2.54
0	1358	2.57	1.53
0	1359	2.57	0.48
0	1360	2.54	0.0
0	1361	2.54	0.0
0	1362	2.54	0.11
0	1363	2.53	0.0
0	1364	2.53	0.0
0	1365	2.53	0.89
0	1366	2.51	0.0
0	1367	2.49	0.0
0	1368	2.47	0.05
0	1369	2.46	1.82
0	1370	2.46	1.11
0	1371	2.43	1.5
0	1372	2.43	0.0
0	1373	2.42	0.0
0	1374	2.42	0.0
0	1375	2.4	0.0
0	1376	2.39	0.0
0	1377	2.37	0.0
0	1378	2.36	0.0
0	1379	2.36	0.0
0	1380	2.36	0.0
0	1381	2.35	0.0
0	1382	2.34	0.0
0	1383	2.3	0.0
0	1384	2.29	0.09
0	1385	2.24	0.0
0	1386	2.24	0.0
0	1387	2.22	0.0
0	1388	2.19	2.07
0	1389	2.18	0.0
0	1390	2.18	0.0
0	1391	2.18	0.0
0	1392	2.17	0.0
0	1393	2.15	0.0
0	1394	2.15	0.0
0	1395	2.14	1.15
0	1396	2.11	0.0
0	1397	2.11	0.0
0	1398	2.1	0.0
0	1399	2.1	0.0
0	1400	2.1	0.64
0	1401	2.1	0.0
0	1402	2.07	0.0
0	1403	2.07	0.33
0	1404	2.07	0.0
0	1405	2.05	0.0
0	1406	2.05	0.0
0	1407	2.05	0.0
0	1408	2.04	0.0
0	1409	2.02	0.0
0	1410	2.01	0.0
0	1411	1.98	0.0
0	1412	1.96	0.0
0	1413	1.94	0.0
0	1414	1.93	0.0
0	1415	1.92	1.9
0	1416	1.92	0.0
0	1417	1.91	0.0
0	1418	1.91	0.0
0	1419	1.91	0.0
0	1420	1.91	0.0
0	1421	1.89	0.0
0	1422	1.88	0.0
0	1423	1.88	0.0
0	1424	1.87	0.0
0	1425	1.87	0.0
0	1426	1.86	0.0
0	1427	1.86	0.0
0	1428	1.83	0.0
0	1429	1.83	0.42
0	1430	1.81	0.0
0	1431	1.8	0.0
0	1432	1.77	0.0
0	1433	1.75	0.0
0	1434	1.74	0.0
0	1435	1.73	0.0
0	1436	1.72	0.0
0	1437	1.72	0.0
0	1438	1.71	0.0
0	1439	1.71	0.69
0	1440	1.71	0.0
0	1441	1.7	0.0
0	1442	1.7	0.0
0	1443	1.69	0.0
0	1444	1.69	0.0
0	1445	1.69	0.0
0	1446	1.68	0.0
0	1447	1.68	0.0
0	1448	1.66	0.0
0	1449	1.65	0.0
0	1450	1.65	0.0
0	1451	1.65	0.0
0	1452	1.65	0.0
0	1453	1.64	0.0
0	1454	1.63	0.0
0	1455	1.63	0.0
0	1456	1.62	0.0
0	1457	1.61	0.0
0	1458	1.6	0.64
0	1459	1.59	0.0
0	1460	1.59	0.7
0	1461	1.58	0.0
0	1462	1.58	0.0
0	1463	1.57	0.0
0	1464	1.57	0.0
0	1465	1.57	0.0
0	1466	1.53	0.0
0	1467	1.53	0.0
0	1468	1.53	0.0
0	1469	1.53	0.0
0	1470	1.48	1.33
0	1471	1.46	0.0
0	1472	1.45	0.0
0	1473	1.44	0.0
0	1474	1.43	0.0
0	1475	1.43	0.41
0	1476	1.42	0.0
0	1477	1.41	0.0
0	1478	1.4	0.0
0	1479	1.39	0.73
0	1480	1.38	0.0
0	1481	1.38	0.0
0	1482	1.37	0.0
0	1483	1.37	0.0
0	1484	1.35	0.0
0	1485	1.35	0.21
0	1486	1.34	1.21
0	1487	1.33	0.0
0	1488	1.32	0.0
0	1489	1.32	0.0
0	1490	1.31	0.64
0	1491	1.29	0.0
0	1492	1.27	0.0
0	1493	1.27	0.0
0	1494	1.26	0.0
0	1495	1.26	0.0
0	1496	1.26	0.0
0	1497	1.25	0.0
0	1498	1.25	0.0
0	1499	1.25	0.0
0	1500	1.24	0.0
0	1501	1.23	0.0
0	1502	1.23	0.0
0	1503	1.22	0.0
0	1504	1.22	0.0
0	1505	1.22	0.0
0	1506	1.2	0.0
0	1507	1.18	0.0
0	1508	1.17	0.0
0	1509	1.16	0.0
0	1510	1.14	0.0
0	1511	1.11	0.0
0	1512	1.1	0.18
0	1513	1.1	0.0
0	1514	1.08	0.0
0	1515	1.08	0.0
0	1516	1.07	0.0
0	1517	1.07	0.13
0	1518	1.07	0.99
0	1519	1.06	0.0
0	1520	1.05	0.0
0	1521	1.04	0.6
0	1522	1.03	0.0
0	1523	1.03	0.0
0	1524	1.02	0.0
0	1525	1.02	0.0
0	1526	1.02	0.0
0	1527	1.0	0.0
0	1528	1.0	0.0
0	1529	0.99	0.0
0	1530	0.98	0.0
0	1531	0.98	0.0
0	1532	0.97	0.0
0	1533	0.97	0.0
0	1534	0.97	0.0
0	1535	0.95	0.0
0	1536	0.94	0.0
0	1537	0.94	0.71
0	1538	0.94	0.0
0	1539	0.92	0.0
0	1540	0.92	0.0
0	1541	0.9	0.0
0	1542	0.9	0.0
0	1543	0.89	0.0
0	1544	0.89	0.0
0	1545	0.87	0.0
0	1546	0.86	0.0
0	1547	0.84	0.0
0	1548	0.84	0.39
0	1549	0.83	0.0
0	1550	0.82	0.0
0	1551	0.78	0.0
0	1552	0.78	0.0
0	1553	0.77	0.0
0	1554	0.77	0.0
0	1555	0.76	0.0
0	1556	0.76	0.0
0	1557	0.75	0.0
0	1558	0.74	0.0
0	1559	0.73	0.0
0	1560	0.73	0.0
0	1561	0.73	0.0
0	1562	0.73	0.0
0	1563	0.72	0.0
0	1564	0.71	0.0
0	1565	0.71	0.0
0	1566	0.7	0.0
0	1567	0.69	0.0
0	1568	0.68	0.0
0	1569	0.68	0.0
0	1570	0.66	0.0
0	1571	0.66	0.0
0	1572	0.66	0.0
0	1573	0.62	0.0
0	1574	0.61	0.0
0	1575	0.61	0.0
0	1576	0.61	0.02
0	1577	0.61	0.0
0	1578	0.6	0.0
0	1579	0.59	0.0
0	1580	0.59	0.0
0	1581	0.57	0.27
0	1582	0.57	0.0
0	1583	0.57	0.0
0	1584	0.56	0.36
0	1585	0.54	0.25
0	1586	0.53	0.0
0	1587	0.53	0.0
0	1588	0.52	0.0
0	1589	0.52	0.0
0	1590	0.51	0.0
0	1591	0.49	0.0
0	1592	0.48	0.0
0	1593	0.48	0.0
0	1594	0.47	0.0
0	1595	0.46	0.0
0	1596	0.45	0.0
0	1597	0.45	0.0
0	1598	0.45	0.0
0	1599	0.44	0.0
0	1600	0.44	0.0
0	1601	0.44	0.0
0	1602	0.43	0.0
0	1603	0.42	0.13
0	1604	0.41	0.0
0	1605	0.4	0.0
0	1606	0.38	0.0
0	1607	0.38	0.0
0	1608	0.35	0.0
0	1609	0.34	0.0
0	1610	0.34	0.0
0	1611	0.32	0.0
0	1612	0.31	0.0
0	1613	0.3	0.0
0	1614	0.3	0.0
0	1615	0.3	0.0
0	1616	0.29	0.0
0	1617	0.28	0.0
0	1618	0.27	0.0
0	1619	0.27	0.0
0	1620	0.27	0.0
0	1621	0.26	0.0
0	1622	0.26	0.0
0	1623	0.25	0.0
0	1624	0.25	0.0
0	1625	0.24	0.0
0	1626	0.23	0.0
0	1627	0.23	0.0
0	1628	0.23	0.0
0	1629	0.22	0.0
0	1630	0.2	0.0
0	1631	0.2	0.0
0	1632	0.2	0.0
0	1633	0.16	0.0
0	1634	0.16	0.0
0	1635	0.15	0.0
0	1636	0.15	0.0
0	1637	0.13	0.0
0	1638	0.13	0.0
0	1639	0.12	0.0
0	1640	0.12	0.0
0	1641	0.11	0.0
0	1642	0.08	0.0
0	1643	0.07	0.0
0	1644	0.04	0.0
0	1645	0.03	0.0
0	1646	0.03	0.0
0	1647	0.01	0.0
0	1648	0.01	0.0
