clade	species	ts	te
0	1	100.0	93.25
0	2	97.12	88.85
0	3	97.08	97.02
0	4	95.1	38.65
0	5	92.27	80.7
0	6	89.45	85.36
0	7	89.28	86.07
0	8	89.27	84.55
0	9	89.05	79.92
0	10	88.95	69.98
0	11	88.73	84.22
0	12	88.23	86.02
0	13	87.93	84.35
0	14	87.62	85.61
0	15	86.75	77.72
0	16	85.71	84.36
0	17	85.37	83.14
0	18	85.08	80.95
0	19	84.92	84.02
0	20	84.19	79.07
0	21	82.36	78.33
0	22	82.31	80.27
0	23	81.86	78.52
0	24	81.81	75.55
0	25	81.05	76.02
0	26	80.51	76.0
0	27	80.03	76.63
0	28	78.99	67.61
0	29	78.69	63.66
0	30	78.43	74.0
0	31	78.23	70.16
0	32	77.17	70.78
0	33	77.1	64.8
0	34	76.21	75.53
0	35	75.88	56.45
0	36	75.59	56.44
0	37	75.47	68.64
0	38	75.42	73.45
0	39	71.08	70.25
0	40	71.0	58.79
0	41	69.48	65.5
0	42	65.52	51.87
0	43	64.42	50.48
0	44	64.27	48.44
0	45	63.17	34.14
0	46	62.72	46.9
0	47	62.58	59.63
0	48	62.27	46.31
0	49	58.48	57.81
0	50	57.63	52.32
0	51	56.15	46.88
0	52	55.74	23.85
0	53	55.69	54.86
0	54	55.6	49.89
0	55	55.19	47.51
0	56	54.81	0.0
0	57	53.5	47.82
0	58	52.79	42.63
0	59	52.74	47.55
0	60	52.72	43.32
0	61	52.57	51.82
0	62	52.42	36.4
0	63	52.2	51.26
0	64	52.12	50.25
0	65	51.91	40.27
0	66	51.86	44.71
0	67	51.51	50.16
0	68	51.44	38.6
0	69	51.24	46.4
0	70	50.7	35.75
0	71	50.51	47.14
0	72	50.38	45.75
0	73	49.58	29.76
0	74	49.54	38.13
0	75	49.47	43.3
0	76	49.32	43.69
0	77	49.3	43.86
0	78	49.1	43.04
0	79	48.49	45.09
0	80	48.47	29.87
0	81	48.36	40.25
0	82	48.13	37.54
0	83	48.02	40.04
0	84	47.84	43.47
0	85	47.81	42.24
0	86	47.76	34.26
0	87	47.42	46.84
0	88	47.36	42.55
0	89	47.09	40.33
0	90	46.62	28.01
0	91	46.38	24.36
0	92	45.9	34.75
0	93	45.25	38.23
0	94	45.03	37.85
0	95	44.99	35.79
0	96	44.94	44.06
0	97	44.81	39.3
0	98	44.72	35.83
0	99	44.64	25.19
0	100	44.55	27.53
0	101	44.54	41.72
0	102	44.36	43.25
0	103	44.33	38.52
0	104	44.19	25.13
0	105	44.03	26.96
0	106	43.98	38.57
0	107	43.92	35.85
0	108	43.88	37.45
0	109	43.57	37.77
0	110	43.54	34.97
0	111	43.45	30.21
0	112	43.36	40.0
0	113	42.77	39.04
0	114	42.51	29.54
0	115	42.37	17.71
0	116	42.21	36.78
0	117	42.0	20.32
0	118	41.97	31.98
0	119	41.94	0.48
0	120	41.91	37.67
0	121	41.79	39.86
0	122	41.58	34.3
0	123	41.24	39.98
0	124	41.18	39.66
0	125	41.06	40.14
0	126	41.04	30.87
0	127	40.99	39.24
0	128	40.93	0.0
0	129	40.93	38.83
0	130	40.9	28.75
0	131	40.8	26.91
0	132	40.77	24.99
0	133	40.71	34.85
0	134	40.69	32.48
0	135	40.37	28.6
0	136	40.21	22.73
0	137	40.17	34.71
0	138	40.08	1.05
0	139	40.06	23.55
0	140	39.88	26.07
0	141	39.72	37.18
0	142	39.63	11.16
0	143	39.58	31.6
0	144	39.55	39.46
0	145	39.42	38.02
0	146	39.34	30.64
0	147	39.33	24.81
0	148	39.26	31.81
0	149	39.14	18.44
0	150	39.07	34.4
0	151	39.03	23.77
0	152	38.97	30.68
0	153	38.88	35.01
0	154	38.88	35.12
0	155	38.85	0.0
0	156	38.8	36.87
0	157	38.74	35.64
0	158	38.73	27.85
0	159	38.63	36.18
0	160	38.61	19.12
0	161	38.57	34.26
0	162	38.56	36.48
0	163	38.26	30.56
0	164	38.2	34.46
0	165	38.14	30.2
0	166	38.07	26.27
0	167	38.05	31.42
0	168	38.03	33.35
0	169	37.99	16.74
0	170	37.97	34.3
0	171	37.89	29.78
0	172	37.85	27.92
0	173	37.84	36.31
0	174	37.62	30.46
0	175	37.57	28.84
0	176	37.46	36.0
0	177	37.43	30.57
0	178	37.42	36.99
0	179	37.32	32.87
0	180	37.2	30.5
0	181	36.97	35.13
0	182	36.88	33.72
0	183	36.85	9.53
0	184	36.83	35.38
0	185	36.71	34.5
0	186	36.67	28.98
0	187	36.45	20.16
0	188	36.29	31.4
0	189	36.25	5.47
0	190	36.14	28.99
0	191	36.09	32.11
0	192	35.99	26.14
0	193	35.95	30.41
0	194	35.72	20.47
0	195	35.61	24.7
0	196	35.57	27.22
0	197	35.52	34.86
0	198	35.37	21.26
0	199	35.19	33.62
0	200	35.19	31.97
0	201	35.13	28.54
0	202	35.06	29.44
0	203	35.05	0.0
0	204	35.04	28.76
0	205	35.01	27.61
0	206	34.82	31.03
0	207	34.8	17.48
0	208	34.79	4.7
0	209	34.7	4.97
0	210	34.65	26.6
0	211	34.56	27.79
0	212	34.51	0.72
0	213	34.36	33.67
0	214	34.25	29.91
0	215	34.23	18.94
0	216	34.2	33.5
0	217	34.13	0.0
0	218	34.02	17.36
0	219	33.96	20.41
0	220	33.88	25.91
0	221	33.76	14.63
0	222	33.68	33.25
0	223	33.67	32.05
0	224	33.67	26.8
0	225	33.64	25.07
0	226	33.63	12.93
0	227	33.62	20.65
0	228	33.56	26.15
0	229	33.53	17.26
0	230	33.16	26.02
0	231	33.16	32.19
0	232	33.08	4.67
0	233	33.07	5.89
0	234	33.0	32.11
0	235	32.94	20.27
0	236	32.93	31.81
0	237	32.91	28.98
0	238	32.88	30.96
0	239	32.87	11.7
0	240	32.81	32.56
0	241	32.73	24.9
0	242	32.66	11.26
0	243	32.65	27.32
0	244	32.63	18.92
0	245	32.58	31.86
0	246	32.44	12.21
0	247	32.43	0.0
0	248	32.4	25.7
0	249	32.37	29.47
0	250	32.36	12.1
0	251	32.35	30.07
0	252	32.22	10.19
0	253	32.12	2.36
0	254	32.01	30.64
0	255	32.0	20.7
0	256	31.99	19.88
0	257	31.9	10.6
0	258	31.71	31.33
0	259	31.65	29.3
0	260	31.6	27.92
0	261	31.59	26.92
0	262	31.51	0.0
0	263	31.49	23.51
0	264	31.48	29.95
0	265	31.48	30.39
0	266	31.45	25.02
0	267	31.4	29.64
0	268	31.39	8.18
0	269	31.35	17.02
0	270	31.29	21.25
0	271	31.05	30.79
0	272	30.92	24.71
0	273	30.92	1.09
0	274	30.82	28.41
0	275	30.81	28.77
0	276	30.81	27.76
0	277	30.74	30.66
0	278	30.63	21.83
0	279	30.52	2.29
0	280	30.5	18.6
0	281	30.48	0.0
0	282	30.45	15.38
0	283	30.34	24.85
0	284	30.32	23.63
0	285	30.3	13.43
0	286	30.25	29.98
0	287	30.2	15.71
0	288	30.06	29.79
0	289	30.03	16.88
0	290	30.0	29.34
0	291	29.78	26.21
0	292	29.71	26.04
0	293	29.62	18.83
0	294	29.43	25.98
0	295	29.42	23.49
0	296	29.38	15.75
0	297	29.26	21.29
0	298	29.23	28.86
0	299	28.98	21.26
0	300	28.94	21.78
0	301	28.91	10.54
0	302	28.86	28.24
0	303	28.76	26.53
0	304	28.73	25.91
0	305	28.71	28.03
0	306	28.66	26.79
0	307	28.66	26.48
0	308	28.66	27.2
0	309	28.45	23.16
0	310	28.39	22.96
0	311	28.37	23.49
0	312	28.07	22.85
0	313	28.05	10.97
0	314	28.02	27.94
0	315	27.97	17.4
0	316	27.97	21.36
0	317	27.95	26.83
0	318	27.93	23.73
0	319	27.87	13.04
0	320	27.65	24.99
0	321	27.58	21.09
0	322	27.55	24.48
0	323	27.55	18.62
0	324	27.52	0.0
0	325	27.47	13.68
0	326	27.44	18.61
0	327	27.38	21.87
0	328	27.21	27.04
0	329	27.05	21.36
0	330	27.04	25.6
0	331	27.04	10.38
0	332	27.01	9.36
0	333	26.98	26.47
0	334	26.86	24.31
0	335	26.68	25.42
0	336	26.67	21.25
0	337	26.6	6.17
0	338	26.6	20.31
0	339	26.53	20.65
0	340	26.51	22.51
0	341	26.51	7.93
0	342	26.5	20.94
0	343	26.45	25.51
0	344	26.44	22.94
0	345	26.42	24.33
0	346	26.37	23.06
0	347	26.36	22.21
0	348	26.33	17.04
0	349	26.3	8.79
0	350	26.28	6.78
0	351	26.28	0.0
0	352	26.24	24.51
0	353	26.22	14.29
0	354	26.17	25.24
0	355	26.17	0.0
0	356	26.16	23.81
0	357	26.16	25.98
0	358	25.94	4.35
0	359	25.92	16.02
0	360	25.87	15.39
0	361	25.84	21.5
0	362	25.76	23.21
0	363	25.73	16.79
0	364	25.72	21.08
0	365	25.68	20.49
0	366	25.6	20.8
0	367	25.56	15.59
0	368	25.52	19.97
0	369	25.47	24.9
0	370	25.3	19.97
0	371	25.21	14.22
0	372	25.2	7.8
0	373	25.15	18.97
0	374	25.11	25.03
0	375	25.1	20.4
0	376	25.1	18.49
0	377	25.05	13.16
0	378	24.94	17.84
0	379	24.94	10.14
0	380	24.9	0.0
0	381	24.89	20.85
0	382	24.87	17.54
0	383	24.86	22.06
0	384	24.83	0.0
0	385	24.83	23.11
0	386	24.78	18.27
0	387	24.68	18.51
0	388	24.64	24.17
0	389	24.59	1.0
0	390	24.54	15.05
0	391	24.5	18.36
0	392	24.49	19.11
0	393	24.43	13.76
0	394	24.42	21.3
0	395	24.38	19.68
0	396	24.33	20.79
0	397	24.33	18.95
0	398	24.33	21.17
0	399	24.29	21.27
0	400	24.23	19.28
0	401	24.21	20.39
0	402	24.2	0.0
0	403	24.19	17.03
0	404	24.19	21.37
0	405	24.16	23.32
0	406	24.14	22.14
0	407	24.14	21.65
0	408	24.11	23.2
0	409	24.0	22.98
0	410	23.94	12.26
0	411	23.93	18.08
0	412	23.92	13.61
0	413	23.89	17.29
0	414	23.85	23.83
0	415	23.85	8.71
0	416	23.83	3.26
0	417	23.81	22.89
0	418	23.78	4.4
0	419	23.76	14.48
0	420	23.74	21.01
0	421	23.73	17.16
0	422	23.69	3.28
0	423	23.69	13.89
0	424	23.64	19.76
0	425	23.63	6.05
0	426	23.63	7.34
0	427	23.6	20.13
0	428	23.59	21.39
0	429	23.58	19.76
0	430	23.54	19.94
0	431	23.51	20.48
0	432	23.5	18.32
0	433	23.47	11.62
0	434	23.41	15.81
0	435	23.39	17.78
0	436	23.23	14.9
0	437	23.15	3.1
0	438	23.0	19.05
0	439	22.98	18.79
0	440	22.92	8.47
0	441	22.92	22.19
0	442	22.9	5.42
0	443	22.89	21.7
0	444	22.89	18.17
0	445	22.86	16.58
0	446	22.85	12.62
0	447	22.84	0.18
0	448	22.83	19.76
0	449	22.81	21.02
0	450	22.74	6.94
0	451	22.72	8.34
0	452	22.7	20.62
0	453	22.51	21.3
0	454	22.51	10.13
0	455	22.47	20.31
0	456	22.36	4.48
0	457	22.36	13.02
0	458	22.35	8.68
0	459	22.28	19.09
0	460	22.27	19.2
0	461	22.25	18.04
0	462	22.24	21.82
0	463	22.2	6.47
0	464	22.19	6.53
0	465	22.17	0.0
0	466	22.16	17.96
0	467	22.14	6.9
0	468	22.12	14.92
0	469	22.06	21.47
0	470	22.04	21.98
0	471	22.01	8.84
0	472	21.95	21.39
0	473	21.93	19.5
0	474	21.89	5.86
0	475	21.87	21.07
0	476	21.87	20.34
0	477	21.85	11.59
0	478	21.81	19.42
0	479	21.8	17.41
0	480	21.77	21.58
0	481	21.71	0.0
0	482	21.6	3.81
0	483	21.58	20.55
0	484	21.56	17.74
0	485	21.52	17.61
0	486	21.51	9.97
0	487	21.44	21.23
0	488	21.43	20.43
0	489	21.42	20.98
0	490	21.41	9.03
0	491	21.36	8.66
0	492	21.34	17.32
0	493	21.3	14.51
0	494	21.28	15.33
0	495	21.28	0.0
0	496	21.13	0.0
0	497	21.06	19.91
0	498	21.02	17.83
0	499	20.89	10.99
0	500	20.85	0.0
0	501	20.82	14.69
0	502	20.78	11.05
0	503	20.74	20.6
0	504	20.68	15.2
0	505	20.67	5.96
0	506	20.66	19.68
0	507	20.66	4.74
0	508	20.61	20.05
0	509	20.59	2.13
0	510	20.55	11.28
0	511	20.52	15.73
0	512	20.49	17.94
0	513	20.4	4.12
0	514	20.39	14.69
0	515	20.39	19.7
0	516	20.38	18.93
0	517	20.36	20.35
0	518	20.32	13.78
0	519	20.31	10.54
0	520	20.3	7.8
0	521	20.23	14.74
0	522	20.2	0.03
0	523	20.15	10.14
0	524	19.93	0.0
0	525	19.7	14.6
0	526	19.6	13.11
0	527	19.52	0.0
0	528	19.49	16.71
0	529	19.39	17.62
0	530	19.36	15.94
0	531	19.33	13.77
0	532	19.31	12.91
0	533	19.31	8.47
0	534	19.24	8.86
0	535	19.24	14.76
0	536	19.24	14.12
0	537	19.23	15.51
0	538	19.18	8.85
0	539	19.18	14.58
0	540	19.17	7.06
0	541	19.14	18.76
0	542	19.13	10.22
0	543	19.08	18.9
0	544	19.05	0.0
0	545	19.05	18.7
0	546	19.04	14.32
0	547	19.0	0.0
0	548	19.0	6.97
0	549	18.97	13.7
0	550	18.91	14.87
0	551	18.91	2.32
0	552	18.88	0.0
0	553	18.82	17.3
0	554	18.78	10.53
0	555	18.77	9.12
0	556	18.56	3.25
0	557	18.51	2.13
0	558	18.5	12.48
0	559	18.48	5.2
0	560	18.4	14.91
0	561	18.38	11.9
0	562	18.33	18.13
0	563	18.27	10.13
0	564	18.24	14.4
0	565	18.2	13.43
0	566	18.14	13.27
0	567	18.14	10.9
0	568	18.11	14.09
0	569	18.1	17.18
0	570	18.1	6.87
0	571	18.05	13.17
0	572	18.0	0.0
0	573	17.96	16.49
0	574	17.93	0.38
0	575	17.92	15.18
0	576	17.88	11.12
0	577	17.86	13.5
0	578	17.82	1.23
0	579	17.8	0.0
0	580	17.71	5.57
0	581	17.62	15.62
0	582	17.62	10.32
0	583	17.61	11.77
0	584	17.55	0.0
0	585	17.52	8.02
0	586	17.49	0.0
0	587	17.48	2.47
0	588	17.47	15.34
0	589	17.37	9.69
0	590	17.33	7.03
0	591	17.33	13.35
0	592	17.31	14.44
0	593	17.28	16.44
0	594	17.27	2.62
0	595	17.26	5.91
0	596	17.26	0.0
0	597	17.25	2.31
0	598	17.23	3.85
0	599	17.2	0.0
0	600	17.18	10.99
0	601	17.17	12.36
0	602	17.15	3.7
0	603	17.09	9.05
0	604	17.06	14.73
0	605	17.05	7.82
0	606	17.04	11.65
0	607	17.0	14.61
0	608	16.99	0.0
0	609	16.97	0.0
0	610	16.94	13.89
0	611	16.9	0.0
0	612	16.88	16.82
0	613	16.85	16.47
0	614	16.85	0.0
0	615	16.76	15.71
0	616	16.68	0.0
0	617	16.65	15.75
0	618	16.61	0.0
0	619	16.59	15.42
0	620	16.57	11.7
0	621	16.56	10.95
0	622	16.54	3.07
0	623	16.53	0.0
0	624	16.52	10.72
0	625	16.49	0.0
0	626	16.45	2.37
0	627	16.45	9.4
0	628	16.44	0.0
0	629	16.4	8.78
0	630	16.4	0.0
0	631	16.37	0.0
0	632	16.35	13.55
0	633	16.32	0.0
0	634	16.23	3.65
0	635	16.22	2.11
0	636	16.21	14.51
0	637	16.19	12.11
0	638	16.18	8.5
0	639	16.15	15.23
0	640	16.15	14.64
0	641	16.11	7.98
0	642	16.04	14.85
0	643	16.03	9.76
0	644	16.01	12.58
0	645	16.0	11.97
0	646	15.97	15.53
0	647	15.96	10.1
0	648	15.94	10.6
0	649	15.91	14.0
0	650	15.9	8.97
0	651	15.86	4.1
0	652	15.79	10.08
0	653	15.78	0.55
0	654	15.71	9.86
0	655	15.7	13.12
0	656	15.69	0.0
0	657	15.66	0.0
0	658	15.59	12.54
0	659	15.57	4.23
0	660	15.55	9.97
0	661	15.54	0.0
0	662	15.5	0.0
0	663	15.41	8.81
0	664	15.39	13.09
0	665	15.36	13.43
0	666	15.35	10.31
0	667	15.35	14.63
0	668	15.33	10.33
0	669	15.33	11.18
0	670	15.32	14.03
0	671	15.29	14.16
0	672	15.27	0.0
0	673	15.25	14.25
0	674	15.24	5.6
0	675	15.23	8.73
0	676	15.22	15.05
0	677	15.19	13.49
0	678	15.19	11.73
0	679	15.18	8.86
0	680	15.14	14.67
0	681	15.13	14.6
0	682	15.11	10.24
0	683	15.09	11.86
0	684	15.03	7.62
0	685	15.03	5.25
0	686	15.01	9.46
0	687	14.97	3.42
0	688	14.97	13.98
0	689	14.93	7.63
0	690	14.89	0.0
0	691	14.87	13.28
0	692	14.87	7.43
0	693	14.85	8.73
0	694	14.79	12.28
0	695	14.75	6.69
0	696	14.72	8.68
0	697	14.71	0.0
0	698	14.71	4.83
0	699	14.68	5.91
0	700	14.67	14.32
0	701	14.64	8.39
0	702	14.62	7.66
0	703	14.62	13.17
0	704	14.55	1.92
0	705	14.55	3.41
0	706	14.54	7.91
0	707	14.49	0.0
0	708	14.47	0.0
0	709	14.44	12.95
0	710	14.41	10.02
0	711	14.41	13.28
0	712	14.4	13.47
0	713	14.39	7.31
0	714	14.34	0.0
0	715	14.33	10.11
0	716	14.31	6.37
0	717	14.28	13.68
0	718	14.24	6.01
0	719	14.23	9.31
0	720	14.23	10.47
0	721	14.2	7.83
0	722	14.2	9.41
0	723	14.19	9.33
0	724	14.18	11.54
0	725	14.17	1.45
0	726	14.16	12.34
0	727	14.15	9.37
0	728	13.99	12.33
0	729	13.99	0.0
0	730	13.99	13.76
0	731	13.97	0.0
0	732	13.96	0.0
0	733	13.94	10.05
0	734	13.92	0.0
0	735	13.89	5.6
0	736	13.87	6.37
0	737	13.79	0.0
0	738	13.77	12.34
0	739	13.75	12.82
0	740	13.68	0.0
0	741	13.61	0.0
0	742	13.61	8.99
0	743	13.59	10.0
0	744	13.59	0.0
0	745	13.58	4.17
0	746	13.57	8.19
0	747	13.55	6.99
0	748	13.49	3.63
0	749	13.48	6.65
0	750	13.48	8.46
0	751	13.47	4.72
0	752	13.46	0.0
0	753	13.43	2.02
0	754	13.41	13.09
0	755	13.39	2.86
0	756	13.38	0.0
0	757	13.37	2.19
0	758	13.37	3.23
0	759	13.35	3.83
0	760	13.35	7.57
0	761	13.35	0.0
0	762	13.34	5.62
0	763	13.31	9.59
0	764	13.3	12.43
0	765	13.29	0.0
0	766	13.28	6.13
0	767	13.27	9.48
0	768	13.24	8.48
0	769	13.22	13.11
0	770	13.2	9.39
0	771	13.2	5.5
0	772	13.18	0.0
0	773	13.14	9.51
0	774	13.12	0.0
0	775	13.11	7.92
0	776	13.1	11.22
0	777	13.06	0.0
0	778	13.04	5.07
0	779	13.02	0.0
0	780	12.98	9.82
0	781	12.98	4.94
0	782	12.97	8.8
0	783	12.97	12.76
0	784	12.91	12.42
0	785	12.82	7.22
0	786	12.81	12.19
0	787	12.78	0.57
0	788	12.77	0.0
0	789	12.76	5.05
0	790	12.75	8.28
0	791	12.75	0.0
0	792	12.71	6.23
0	793	12.69	0.0
0	794	12.65	9.35
0	795	12.62	4.92
0	796	12.61	9.2
0	797	12.57	5.89
0	798	12.56	7.74
0	799	12.55	3.98
0	800	12.5	7.15
0	801	12.49	5.38
0	802	12.49	0.0
0	803	12.46	4.22
0	804	12.42	12.04
0	805	12.36	2.52
0	806	12.29	0.0
0	807	12.22	10.67
0	808	12.21	8.13
0	809	12.2	0.0
0	810	12.18	11.68
0	811	12.18	0.0
0	812	12.14	8.5
0	813	12.14	0.0
0	814	12.13	11.26
0	815	12.12	0.0
0	816	12.09	0.35
0	817	12.08	7.05
0	818	12.01	0.0
0	819	12.0	0.0
0	820	11.93	1.03
0	821	11.92	8.11
0	822	11.9	4.4
0	823	11.87	5.76
0	824	11.83	7.95
0	825	11.83	4.34
0	826	11.83	7.86
0	827	11.83	7.95
0	828	11.81	4.3
0	829	11.79	4.91
0	830	11.75	10.3
0	831	11.74	6.58
0	832	11.72	1.07
0	833	11.72	8.77
0	834	11.7	10.05
0	835	11.68	8.63
0	836	11.68	0.0
0	837	11.63	6.55
0	838	11.63	9.29
0	839	11.59	0.05
0	840	11.57	9.56
0	841	11.55	3.27
0	842	11.55	0.97
0	843	11.44	6.49
0	844	11.4	1.16
0	845	11.36	8.62
0	846	11.36	3.78
0	847	11.35	9.93
0	848	11.35	5.72
0	849	11.33	7.5
0	850	11.32	0.0
0	851	11.3	0.0
0	852	11.27	0.0
0	853	11.26	1.75
0	854	11.24	10.08
0	855	11.23	0.0
0	856	11.22	1.29
0	857	11.21	2.98
0	858	11.21	8.06
0	859	11.18	11.15
0	860	11.18	4.21
0	861	11.18	7.48
0	862	11.17	0.0
0	863	11.16	0.0
0	864	11.16	5.76
0	865	11.15	7.97
0	866	11.14	5.19
0	867	11.11	8.39
0	868	11.1	9.71
0	869	11.1	4.24
0	870	11.09	0.0
0	871	11.08	0.0
0	872	11.07	0.05
0	873	11.06	0.0
0	874	11.06	8.98
0	875	11.06	0.0
0	876	11.06	9.08
0	877	11.04	6.29
0	878	11.04	8.13
0	879	11.0	10.55
0	880	11.0	8.71
0	881	10.97	3.85
0	882	10.97	10.06
0	883	10.96	0.0
0	884	10.95	3.03
0	885	10.93	8.72
0	886	10.89	8.69
0	887	10.88	5.59
0	888	10.87	0.0
0	889	10.82	7.54
0	890	10.8	0.0
0	891	10.8	10.29
0	892	10.77	0.0
0	893	10.76	0.19
0	894	10.76	9.32
0	895	10.72	0.96
0	896	10.69	0.0
0	897	10.69	0.0
0	898	10.63	5.19
0	899	10.61	0.28
0	900	10.58	6.55
0	901	10.51	0.0
0	902	10.5	1.57
0	903	10.49	6.18
0	904	10.48	8.39
0	905	10.46	0.0
0	906	10.46	1.83
0	907	10.44	1.16
0	908	10.43	0.54
0	909	10.38	9.25
0	910	10.37	10.17
0	911	10.35	9.2
0	912	10.34	9.66
0	913	10.32	7.84
0	914	10.26	7.57
0	915	10.22	4.61
0	916	10.21	8.53
0	917	10.17	0.0
0	918	10.17	7.77
0	919	10.16	0.0
0	920	10.14	5.97
0	921	10.14	1.15
0	922	10.14	7.32
0	923	10.12	5.12
0	924	10.11	0.0
0	925	10.11	0.0
0	926	10.1	6.42
0	927	10.06	3.58
0	928	10.04	6.3
0	929	10.03	8.11
0	930	10.03	0.0
0	931	10.01	0.0
0	932	10.0	0.0
0	933	9.96	0.0
0	934	9.95	3.4
0	935	9.92	9.88
0	936	9.88	4.62
0	937	9.78	5.48
0	938	9.78	5.54
0	939	9.77	4.75
0	940	9.73	6.28
0	941	9.72	9.51
0	942	9.72	0.0
0	943	9.71	0.8
0	944	9.7	0.0
0	945	9.7	0.71
0	946	9.69	0.0
0	947	9.66	0.0
0	948	9.65	0.0
0	949	9.61	0.0
0	950	9.59	7.92
0	951	9.56	2.22
0	952	9.54	0.0
0	953	9.54	3.97
0	954	9.54	0.0
0	955	9.53	0.0
0	956	9.47	0.0
0	957	9.46	9.43
0	958	9.43	8.81
0	959	9.39	0.0
0	960	9.37	5.86
0	961	9.37	0.0
0	962	9.28	9.08
0	963	9.26	3.14
0	964	9.22	0.0
0	965	9.2	0.31
0	966	9.17	0.0
0	967	9.16	0.0
0	968	9.13	3.27
0	969	9.13	0.0
0	970	9.09	2.34
0	971	9.08	0.0
0	972	9.07	0.0
0	973	9.06	0.0
0	974	9.02	0.0
0	975	9.0	0.0
0	976	8.99	0.0
0	977	8.93	0.0
0	978	8.93	0.0
0	979	8.87	6.18
0	980	8.86	3.52
0	981	8.85	1.98
0	982	8.82	0.0
0	983	8.82	0.0
0	984	8.81	0.0
0	985	8.8	8.55
0	986	8.77	0.0
0	987	8.77	1.06
0	988	8.73	4.97
0	989	8.72	3.98
0	990	8.72	0.0
0	991	8.72	4.64
0	992	8.7	0.0
0	993	8.7	6.46
0	994	8.65	3.76
0	995	8.64	0.0
0	996	8.61	0.0
0	997	8.6	3.83
0	998	8.55	0.0
0	999	8.51	0.0
0	1000	8.5	2.02
0	1001	8.49	0.0
0	1002	8.43	7.92
0	1003	8.43	7.02
0	1004	8.41	8.12
0	1005	8.41	0.0
0	1006	8.31	0.0
0	1007	8.26	0.0
0	1008	8.26	0.0
0	1009	8.25	8.02
0	1010	8.24	5.12
0	1011	8.19	0.18
0	1012	8.19	6.96
0	1013	8.15	0.0
0	1014	8.11	0.86
0	1015	8.11	0.19
0	1016	8.09	4.77
0	1017	8.09	0.0
0	1018	8.08	7.33
0	1019	8.08	5.43
0	1020	8.04	2.02
0	1021	8.03	7.91
0	1022	8.03	1.49
0	1023	7.96	5.32
0	1024	7.96	0.0
0	1025	7.92	4.6
0	1026	7.9	4.56
0	1027	7.86	7.18
0	1028	7.86	0.0
0	1029	7.85	6.5
0	1030	7.85	5.46
0	1031	7.84	6.96
0	1032	7.78	0.0
0	1033	7.77	4.21
0	1034	7.77	0.99
0	1035	7.77	0.0
0	1036	7.76	4.28
0	1037	7.71	4.9
0	1038	7.71	0.0
0	1039	7.69	0.0
0	1040	7.68	0.0
0	1041	7.68	0.0
0	1042	7.66	3.44
0	1043	7.65	6.22
0	1044	7.64	0.0
0	1045	7.62	5.95
0	1046	7.59	0.06
0	1047	7.58	0.0
0	1048	7.57	1.92
0	1049	7.55	0.0
0	1050	7.52	0.0
0	1051	7.52	0.0
0	1052	7.5	0.0
0	1053	7.49	0.0
0	1054	7.49	0.0
0	1055	7.49	0.0
0	1056	7.48	7.34
0	1057	7.47	0.0
0	1058	7.42	0.0
0	1059	7.41	4.35
0	1060	7.41	6.11
0	1061	7.38	0.0
0	1062	7.38	0.0
0	1063	7.38	5.83
0	1064	7.37	0.0
0	1065	7.36	0.0
0	1066	7.26	2.3
0	1067	7.25	1.01
0	1068	7.23	0.0
0	1069	7.23	0.0
0	1070	7.22	0.0
0	1071	7.18	0.0
0	1072	7.17	0.0
0	1073	7.16	4.26
0	1074	7.13	0.0
0	1075	7.12	4.05
0	1076	7.09	6.9
0	1077	7.09	4.21
0	1078	7.06	3.88
0	1079	7.05	0.0
0	1080	7.04	6.17
0	1081	7.03	0.0
0	1082	7.02	6.61
0	1083	7.01	0.0
0	1084	6.94	3.63
0	1085	6.91	4.22
0	1086	6.89	5.45
0	1087	6.89	0.0
0	1088	6.88	2.63
0	1089	6.88	0.0
0	1090	6.86	0.0
0	1091	6.85	0.0
0	1092	6.85	0.0
0	1093	6.85	0.0
0	1094	6.84	6.12
0	1095	6.83	4.32
0	1096	6.83	0.0
0	1097	6.83	0.0
0	1098	6.82	3.85
0	1099	6.81	2.92
0	1100	6.78	3.51
0	1101	6.77	5.37
0	1102	6.77	0.0
0	1103	6.75	0.0
0	1104	6.7	5.77
0	1105	6.69	0.0
0	1106	6.68	0.0
0	1107	6.67	0.0
0	1108	6.67	3.62
0	1109	6.66	0.0
0	1110	6.64	0.0
0	1111	6.62	1.45
0	1112	6.62	0.0
0	1113	6.62	1.82
0	1114	6.6	0.0
0	1115	6.58	1.29
0	1116	6.55	6.42
0	1117	6.55	1.49
0	1118	6.54	0.0
0	1119	6.53	1.09
0	1120	6.52	3.67
0	1121	6.51	0.0
0	1122	6.47	0.63
0	1123	6.47	0.0
0	1124	6.46	5.89
0	1125	6.45	0.0
0	1126	6.44	0.0
0	1127	6.44	0.0
0	1128	6.4	4.64
0	1129	6.38	4.49
0	1130	6.33	0.0
0	1131	6.32	0.0
0	1132	6.32	2.05
0	1133	6.3	0.0
0	1134	6.3	2.46
0	1135	6.29	0.0
0	1136	6.29	0.0
0	1137	6.28	4.47
0	1138	6.28	1.3
0	1139	6.26	2.57
0	1140	6.26	3.93
0	1141	6.24	0.0
0	1142	6.22	0.0
0	1143	6.19	0.0
0	1144	6.18	4.11
0	1145	6.17	0.0
0	1146	6.16	0.0
0	1147	6.15	0.0
0	1148	6.15	5.83
0	1149	6.13	3.07
0	1150	6.12	4.97
0	1151	6.11	2.82
0	1152	6.1	0.0
0	1153	6.09	1.1
0	1154	6.08	0.0
0	1155	6.08	2.93
0	1156	6.07	0.09
0	1157	6.06	4.49
0	1158	6.03	4.67
0	1159	6.02	0.0
0	1160	6.02	3.11
0	1161	5.98	0.0
0	1162	5.97	3.43
0	1163	5.97	0.0
0	1164	5.97	0.0
0	1165	5.95	4.4
0	1166	5.95	2.38
0	1167	5.93	0.0
0	1168	5.93	0.0
0	1169	5.92	0.0
0	1170	5.88	4.53
0	1171	5.87	0.0
0	1172	5.87	0.0
0	1173	5.84	0.0
0	1174	5.84	4.84
0	1175	5.83	1.65
0	1176	5.82	4.11
0	1177	5.79	0.0
0	1178	5.79	2.78
0	1179	5.78	3.72
0	1180	5.78	5.62
0	1181	5.77	0.49
0	1182	5.77	0.0
0	1183	5.77	4.15
0	1184	5.77	0.0
0	1185	5.76	0.0
0	1186	5.76	0.0
0	1187	5.73	0.0
0	1188	5.72	1.53
0	1189	5.71	0.0
0	1190	5.7	0.0
0	1191	5.69	0.0
0	1192	5.65	0.0
0	1193	5.65	0.0
0	1194	5.65	0.0
0	1195	5.61	5.36
0	1196	5.59	1.14
0	1197	5.54	0.0
0	1198	5.5	4.38
0	1199	5.5	0.0
0	1200	5.5	0.0
0	1201	5.49	0.44
0	1202	5.48	3.97
0	1203	5.46	2.81
0	1204	5.46	0.0
0	1205	5.44	0.0
0	1206	5.44	3.25
0	1207	5.43	0.0
0	1208	5.43	0.0
0	1209	5.42	0.0
0	1210	5.42	0.0
0	1211	5.4	0.0
0	1212	5.39	0.0
0	1213	5.39	0.0
0	1214	5.38	0.0
0	1215	5.35	1.59
0	1216	5.34	0.0
0	1217	5.34	0.0
0	1218	5.31	0.0
0	1219	5.31	0.0
0	1220	5.26	0.0
0	1221	5.25	0.0
0	1222	5.22	0.0
0	1223	5.22	3.96
0	1224	5.2	0.0
0	1225	5.19	0.0
0	1226	5.19	2.82
0	1227	5.18	0.0
0	1228	5.18	0.0
0	1229	5.17	0.0
0	1230	5.16	0.0
0	1231	5.16	0.0
0	1232	5.16	0.0
0	1233	5.15	0.0
0	1234	5.15	0.0
0	1235	5.06	0.0
0	1236	5.06	0.0
0	1237	5.06	0.0
0	1238	5.04	2.58
0	1239	5.03	4.25
0	1240	5.02	0.0
0	1241	5.0	4.67
0	1242	5.0	0.0
0	1243	4.99	3.65
0	1244	4.97	1.89
0	1245	4.95	4.63
0	1246	4.89	3.52
0	1247	4.88	0.0
0	1248	4.87	0.08
0	1249	4.87	0.0
0	1250	4.86	0.0
0	1251	4.84	0.0
0	1252	4.82	3.6
0	1253	4.82	3.51
0	1254	4.81	0.0
0	1255	4.8	3.42
0	1256	4.76	0.7
0	1257	4.75	0.0
0	1258	4.75	0.68
0	1259	4.74	0.0
0	1260	4.73	0.0
0	1261	4.71	0.81
0	1262	4.7	3.54
0	1263	4.64	0.0
0	1264	4.61	0.0
0	1265	4.61	0.0
0	1266	4.59	0.0
0	1267	4.58	0.61
0	1268	4.57	0.0
0	1269	4.56	3.62
0	1270	4.53	2.57
0	1271	4.52	0.0
0	1272	4.51	0.0
0	1273	4.49	0.0
0	1274	4.48	0.0
0	1275	4.47	3.77
0	1276	4.45	0.0
0	1277	4.43	2.77
0	1278	4.42	0.0
0	1279	4.42	1.46
0	1280	4.41	3.77
0	1281	4.36	0.0
0	1282	4.36	3.22
0	1283	4.36	0.0
0	1284	4.35	2.45
0	1285	4.3	1.33
0	1286	4.29	0.0
0	1287	4.28	0.0
0	1288	4.26	0.0
0	1289	4.26	2.02
0	1290	4.23	3.58
0	1291	4.23	0.0
0	1292	4.22	0.0
0	1293	4.21	0.0
0	1294	4.18	0.0
0	1295	4.15	0.0
0	1296	4.14	3.55
0	1297	4.11	0.0
0	1298	4.1	0.0
0	1299	4.08	0.0
0	1300	4.06	0.0
0	1301	4.05	0.0
0	1302	4.04	0.0
0	1303	4.02	2.08
0	1304	3.99	0.0
0	1305	3.98	0.0
0	1306	3.96	0.0
0	1307	3.96	0.0
0	1308	3.93	2.16
0	1309	3.92	0.0
0	1310	3.92	0.0
0	1311	3.91	0.0
0	1312	3.9	0.0
0	1313	3.89	0.03
0	1314	3.86	0.0
0	1315	3.86	1.74
0	1316	3.84	0.0
0	1317	3.84	3.6
0	1318	3.83	0.0
0	1319	3.83	0.0
0	1320	3.81	2.92
0	1321	3.81	0.0
0	1322	3.81	2.75
0	1323	3.81	0.0
0	1324	3.79	0.0
0	1325	3.79	2.11
0	1326	3.77	1.62
0	1327	3.77	0.0
0	1328	3.75	2.95
0	1329	3.74	0.0
0	1330	3.69	0.0
0	1331	3.66	0.0
0	1332	3.65	0.0
0	1333	3.65	2.32
0	1334	3.64	2.8
0	1335	3.64	0.0
0	1336	3.64	0.0
0	1337	3.63	2.61
0	1338	3.62	2.11
0	1339	3.6	0.0
0	1340	3.57	0.0
0	1341	3.56	0.0
0	1342	3.5	0.0
0	1343	3.5	0.0
0	1344	3.5	0.0
0	1345	3.49	0.0
0	1346	3.48	0.0
0	1347	3.47	0.0
0	1348	3.46	3.02
0	1349	3.45	0.0
0	1350	3.43	0.0
0	1351	3.42	0.0
0	1352	3.41	0.0
0	1353	3.41	1.86
0	1354	3.38	0.29
0	1355	3.36	0.0
0	1356	3.36	0.51
0	1357	3.35	0.0
0	1358	3.35	0.0
0	1359	3.33	0.0
0	1360	3.32	0.0
0	1361	3.31	1.98
0	1362	3.29	0.0
0	1363	3.29	0.19
0	1364	3.26	0.0
0	1365	3.26	0.0
0	1366	3.25	0.0
0	1367	3.25	0.0
0	1368	3.22	2.62
0	1369	3.22	0.0
0	1370	3.22	0.0
0	1371	3.19	0.0
0	1372	3.19	0.0
0	1373	3.18	0.0
0	1374	3.18	1.58
0	1375	3.18	0.0
0	1376	3.17	0.0
0	1377	3.17	0.0
0	1378	3.16	0.0
0	1379	3.15	0.22
0	1380	3.12	0.0
0	1381	3.11	2.26
0	1382	3.1	0.0
0	1383	3.08	0.0
0	1384	3.08	0.0
0	1385	3.05	0.0
0	1386	3.05	1.82
0	1387	3.05	0.0
0	1388	3.04	0.0
0	1389	3.04	0.0
0	1390	3.0	0.0
0	1391	2.98	0.0
0	1392	2.97	0.0
0	1393	2.97	0.29
0	1394	2.96	0.0
0	1395	2.94	0.0
0	1396	2.94	0.0
0	1397	2.94	0.0
0	1398	2.94	0.23
0	1399	2.94	0.0
0	1400	2.92	0.0
0	1401	2.92	0.0
0	1402	2.91	0.0
0	1403	2.9	0.0
0	1404	2.9	0.0
0	1405	2.89	0.0
0	1406	2.87	0.0
0	1407	2.86	0.0
0	1408	2.84	0.0
0	1409	2.83	0.0
0	1410	2.83	0.0
0	1411	2.82	0.0
0	1412	2.82	2.41
0	1413	2.81	0.0
0	1414	2.81	0.0
0	1415	2.8	0.0
0	1416	2.79	0.0
0	1417	2.79	0.0
0	1418	2.79	0.0
0	1419	2.77	0.0
0	1420	2.76	0.0
0	1421	2.75	0.0
0	1422	2.74	0.0
0	1423	2.74	0.0
0	1424	2.72	0.0
0	1425	2.71	0.43
0	1426	2.7	1.71
0	1427	2.7	0.0
0	1428	2.68	0.0
0	1429	2.64	0.05
0	1430	2.64	0.0
0	1431	2.63	0.95
0	1432	2.61	0.33
0	1433	2.6	0.06
0	1434	2.56	0.0
0	1435	2.55	0.17
0	1436	2.52	0.0
0	1437	2.52	0.0
0	1438	2.52	0.0
0	1439	2.51	0.0
0	1440	2.5	2.06
0	1441	2.49	0.0
0	1442	2.48	0.0
0	1443	2.46	0.0
0	1444	2.44	0.02
0	1445	2.43	0.0
0	1446	2.41	0.0
0	1447	2.41	0.0
0	1448	2.41	0.0
0	1449	2.39	1.58
0	1450	2.38	0.0
0	1451	2.38	0.0
0	1452	2.37	0.32
0	1453	2.37	0.14
0	1454	2.37	1.79
0	1455	2.36	0.0
0	1456	2.35	1.27
0	1457	2.34	0.55
0	1458	2.33	0.0
0	1459	2.32	0.0
0	1460	2.32	0.0
0	1461	2.32	0.0
0	1462	2.31	1.23
0	1463	2.29	0.0
0	1464	2.27	0.0
0	1465	2.26	0.0
0	1466	2.26	0.0
0	1467	2.26	0.0
0	1468	2.26	0.0
0	1469	2.25	0.0
0	1470	2.23	0.0
0	1471	2.23	0.0
0	1472	2.22	0.42
0	1473	2.22	0.0
0	1474	2.22	0.49
0	1475	2.2	0.0
0	1476	2.19	0.0
0	1477	2.19	0.0
0	1478	2.19	0.0
0	1479	2.18	0.0
0	1480	2.18	0.0
0	1481	2.16	0.0
0	1482	2.16	1.73
0	1483	2.16	0.0
0	1484	2.15	0.0
0	1485	2.12	0.0
0	1486	2.12	0.0
0	1487	2.11	0.0
0	1488	2.11	1.56
0	1489	2.08	0.0
0	1490	2.07	0.0
0	1491	2.07	0.58
0	1492	2.07	0.0
0	1493	2.07	1.08
0	1494	2.07	0.0
0	1495	2.06	0.0
0	1496	2.06	0.0
0	1497	2.05	0.0
0	1498	2.04	0.0
0	1499	2.03	0.0
0	1500	2.01	0.0
0	1501	2.0	0.0
0	1502	1.99	0.0
0	1503	1.98	0.0
0	1504	1.96	0.0
0	1505	1.96	0.0
0	1506	1.96	0.0
0	1507	1.94	0.0
0	1508	1.94	0.0
0	1509	1.93	0.0
0	1510	1.91	1.75
0	1511	1.9	0.0
0	1512	1.9	0.0
0	1513	1.9	0.0
0	1514	1.88	0.0
0	1515	1.87	0.0
0	1516	1.87	0.0
0	1517	1.86	0.0
0	1518	1.85	1.74
0	1519	1.84	0.0
0	1520	1.84	1.4
0	1521	1.83	1.58
0	1522	1.82	1.34
0	1523	1.8	0.0
0	1524	1.79	0.0
0	1525	1.79	0.0
0	1526	1.78	0.0
0	1527	1.77	0.0
0	1528	1.75	1.59
0	1529	1.75	1.13
0	1530	1.75	0.0
0	1531	1.72	0.0
0	1532	1.72	0.0
0	1533	1.72	0.76
0	1534	1.71	0.0
0	1535	1.71	0.0
0	1536	1.65	0.0
0	1537	1.65	0.0
0	1538	1.64	0.0
0	1539	1.63	0.0
0	1540	1.62	0.0
0	1541	1.62	0.0
0	1542	1.62	0.0
0	1543	1.6	0.0
0	1544	1.59	0.24
0	1545	1.59	0.0
0	1546	1.58	0.0
0	1547	1.58	0.0
0	1548	1.57	0.0
0	1549	1.54	0.85
0	1550	1.53	0.0
0	1551	1.52	0.0
0	1552	1.52	0.0
0	1553	1.51	0.0
0	1554	1.51	0.0
0	1555	1.49	0.0
0	1556	1.47	0.0
0	1557	1.46	0.0
0	1558	1.44	0.64
0	1559	1.43	0.0
0	1560	1.42	0.0
0	1561	1.42	0.0
0	1562	1.4	0.0
0	1563	1.4	0.0
0	1564	1.4	0.0
0	1565	1.39	0.4
0	1566	1.39	0.0
0	1567	1.39	0.0
0	1568	1.38	0.0
0	1569	1.37	0.0
0	1570	1.37	0.0
0	1571	1.33	0.69
0	1572	1.33	0.32
0	1573	1.3	0.0
0	1574	1.3	0.77
0	1575	1.29	0.0
0	1576	1.29	0.0
0	1577	1.25	0.0
0	1578	1.24	0.0
0	1579	1.24	0.0
0	1580	1.22	0.0
0	1581	1.21	0.57
0	1582	1.21	0.0
0	1583	1.21	0.0
0	1584	1.19	0.0
0	1585	1.17	0.0
0	1586	1.17	0.0
0	1587	1.17	0.0
0	1588	1.17	0.0
0	1589	1.16	0.0
0	1590	1.16	0.0
0	1591	1.16	0.0
0	1592	1.16	0.0
0	1593	1.15	0.0
0	1594	1.13	0.0
0	1595	1.1	0.0
0	1596	1.1	0.0
0	1597	1.09	0.0
0	1598	1.08	0.0
0	1599	1.08	0.0
0	1600	1.08	0.0
0	1601	1.04	0.0
0	1602	1.03	0.0
0	1603	1.02	0.0
0	1604	1.02	0.0
0	1605	1.02	0.0
0	1606	1.0	0.0
0	1607	0.99	0.0
0	1608	0.97	0.0
0	1609	0.97	0.0
0	1610	0.97	0.0
0	1611	0.96	0.0
0	1612	0.96	0.0
0	1613	0.95	0.0
0	1614	0.92	0.0
0	1615	0.91	0.0
0	1616	0.9	0.0
0	1617	0.88	0.0
0	1618	0.88	0.0
0	1619	0.87	0.0
0	1620	0.86	0.0
0	1621	0.84	0.28
0	1622	0.84	0.0
0	1623	0.84	0.14
0	1624	0.83	0.0
0	1625	0.82	0.0
0	1626	0.81	0.0
0	1627	0.77	0.0
0	1628	0.77	0.0
0	1629	0.77	0.5
0	1630	0.76	0.0
0	1631	0.76	0.0
0	1632	0.73	0.0
0	1633	0.73	0.0
0	1634	0.72	0.0
0	1635	0.71	0.51
0	1636	0.71	0.36
0	1637	0.69	0.0
0	1638	0.69	0.0
0	1639	0.67	0.0
0	1640	0.67	0.0
0	1641	0.65	0.0
0	1642	0.64	0.0
0	1643	0.63	0.0
0	1644	0.62	0.0
0	1645	0.62	0.0
0	1646	0.61	0.0
0	1647	0.61	0.0
0	1648	0.61	0.0
0	1649	0.6	0.0
0	1650	0.59	0.0
0	1651	0.59	0.0
0	1652	0.57	0.0
0	1653	0.57	0.0
0	1654	0.56	0.0
0	1655	0.55	0.0
0	1656	0.55	0.44
0	1657	0.55	0.0
0	1658	0.53	0.0
0	1659	0.52	0.0
0	1660	0.52	0.0
0	1661	0.48	0.0
0	1662	0.47	0.0
0	1663	0.47	0.0
0	1664	0.45	0.0
0	1665	0.45	0.0
0	1666	0.45	0.0
0	1667	0.44	0.0
0	1668	0.44	0.0
0	1669	0.43	0.0
0	1670	0.42	0.0
0	1671	0.41	0.0
0	1672	0.41	0.0
0	1673	0.4	0.0
0	1674	0.39	0.0
0	1675	0.37	0.0
0	1676	0.37	0.0
0	1677	0.37	0.0
0	1678	0.36	0.0
0	1679	0.36	0.0
0	1680	0.35	0.0
0	1681	0.35	0.0
0	1682	0.34	0.0
0	1683	0.34	0.0
0	1684	0.33	0.0
0	1685	0.33	0.0
0	1686	0.32	0.0
0	1687	0.31	0.0
0	1688	0.29	0.0
0	1689	0.29	0.0
0	1690	0.28	0.0
0	1691	0.28	0.0
0	1692	0.25	0.0
0	1693	0.23	0.0
0	1694	0.22	0.0
0	1695	0.22	0.0
0	1696	0.21	0.17
0	1697	0.2	0.0
0	1698	0.2	0.0
0	1699	0.2	0.0
0	1700	0.2	0.0
0	1701	0.19	0.0
0	1702	0.19	0.0
0	1703	0.19	0.0
0	1704	0.16	0.0
0	1705	0.15	0.01
0	1706	0.14	0.0
0	1707	0.14	0.0
0	1708	0.11	0.0
0	1709	0.1	0.0
0	1710	0.09	0.0
0	1711	0.09	0.0
0	1712	0.09	0.0
0	1713	0.08	0.0
0	1714	0.05	0.0
0	1715	0.04	0.0
0	1716	0.04	0.0
0	1717	0.02	0.0
0	1718	0.01	0.0
