clade	species	ts	te
0	1	100.0	60.14
0	2	93.09	91.08
0	3	77.75	74.62
0	4	75.32	56.06
0	5	66.89	65.46
0	6	66.04	64.2
0	7	65.75	53.08
0	8	65.51	65.08
0	9	65.36	61.56
0	10	64.75	49.36
0	11	64.75	61.92
0	12	64.15	50.67
0	13	63.27	59.1
0	14	62.79	49.93
0	15	62.52	31.47
0	16	62.47	59.49
0	17	62.1	58.99
0	18	62.05	60.22
0	19	61.85	61.55
0	20	58.79	49.85
0	21	57.84	55.48
0	22	56.81	43.28
0	23	56.3	31.21
0	24	56.17	46.91
0	25	55.93	50.78
0	26	55.68	36.13
0	27	55.2	26.07
0	28	55.14	45.26
0	29	55.0	42.47
0	30	54.91	33.01
0	31	54.64	43.72
0	32	53.9	47.29
0	33	53.88	48.84
0	34	53.32	44.31
0	35	53.26	47.99
0	36	53.21	37.16
0	37	52.73	26.73
0	38	52.68	46.83
0	39	52.59	52.38
0	40	52.34	32.55
0	41	52.21	37.02
0	42	51.79	37.69
0	43	51.18	44.07
0	44	50.91	34.04
0	45	50.47	43.32
0	46	50.08	36.8
0	47	50.06	47.99
0	48	49.87	34.27
0	49	49.84	29.7
0	50	49.65	21.15
0	51	49.57	45.96
0	52	49.04	20.19
0	53	48.94	48.13
0	54	48.7	36.83
0	55	48.25	4.09
0	56	48.23	47.85
0	57	48.2	41.45
0	58	48.08	35.74
0	59	48.05	10.22
0	60	48.01	15.71
0	61	47.82	39.9
0	62	47.5	34.52
0	63	47.45	40.21
0	64	47.43	43.83
0	65	47.06	41.86
0	66	46.62	21.46
0	67	46.27	43.65
0	68	45.62	41.13
0	69	45.56	36.88
0	70	45.51	37.81
0	71	45.33	41.2
0	72	45.1	31.62
0	73	45.04	37.38
0	74	45.01	41.64
0	75	44.91	6.21
0	76	44.74	43.75
0	77	44.71	40.69
0	78	44.62	43.6
0	79	44.58	40.87
0	80	44.49	42.07
0	81	44.43	32.49
0	82	44.07	39.71
0	83	44.06	39.68
0	84	44.0	43.21
0	85	43.76	42.57
0	86	43.61	33.89
0	87	43.57	37.21
0	88	43.23	28.98
0	89	43.19	43.0
0	90	42.92	38.76
0	91	42.8	24.77
0	92	42.65	27.97
0	93	42.6	41.78
0	94	42.55	30.7
0	95	42.36	42.28
0	96	42.34	27.89
0	97	42.18	9.07
0	98	42.17	39.56
0	99	42.14	31.89
0	100	42.12	41.84
0	101	41.74	34.69
0	102	41.66	41.09
0	103	41.66	31.6
0	104	41.65	29.31
0	105	41.6	40.36
0	106	41.45	25.08
0	107	41.42	32.74
0	108	41.37	33.07
0	109	41.35	25.61
0	110	41.35	35.45
0	111	41.34	36.02
0	112	41.23	40.59
0	113	41.18	33.08
0	114	41.11	39.77
0	115	41.09	33.01
0	116	40.9	34.53
0	117	40.33	32.86
0	118	40.26	32.57
0	119	40.26	3.0
0	120	40.23	16.54
0	121	40.16	19.1
0	122	39.7	23.72
0	123	39.67	39.51
0	124	39.6	36.83
0	125	39.33	36.22
0	126	39.32	34.07
0	127	39.21	39.11
0	128	38.9	34.44
0	129	38.88	16.01
0	130	38.75	10.88
0	131	38.71	34.79
0	132	38.7	37.35
0	133	38.65	36.21
0	134	38.64	29.07
0	135	38.5	22.04
0	136	38.48	37.05
0	137	38.43	14.61
0	138	38.35	27.68
0	139	38.25	37.7
0	140	38.21	34.38
0	141	38.2	30.78
0	142	38.15	31.51
0	143	38.14	23.35
0	144	38.06	18.17
0	145	38.05	22.4
0	146	38.05	37.86
0	147	37.8	12.78
0	148	37.76	34.61
0	149	37.73	33.27
0	150	37.59	19.0
0	151	37.46	21.59
0	152	37.4	34.63
0	153	37.29	37.03
0	154	37.19	34.67
0	155	37.02	36.93
0	156	36.89	31.92
0	157	36.88	32.89
0	158	36.86	21.78
0	159	36.65	30.14
0	160	36.59	32.63
0	161	36.55	30.14
0	162	36.46	31.39
0	163	36.27	34.46
0	164	36.13	33.37
0	165	36.08	35.14
0	166	36.06	27.97
0	167	36.05	23.68
0	168	36.03	28.38
0	169	36.03	34.85
0	170	35.98	31.88
0	171	35.94	27.39
0	172	35.84	34.99
0	173	35.58	30.74
0	174	35.45	28.9
0	175	35.42	32.83
0	176	35.13	26.22
0	177	35.07	30.47
0	178	34.98	34.95
0	179	34.95	28.67
0	180	34.94	23.92
0	181	34.89	19.97
0	182	34.86	29.75
0	183	34.75	30.14
0	184	34.71	26.47
0	185	34.69	34.05
0	186	34.58	27.12
0	187	34.51	21.47
0	188	34.43	27.77
0	189	34.39	29.59
0	190	34.32	0.0
0	191	34.02	26.37
0	192	33.89	32.07
0	193	33.89	32.95
0	194	33.7	12.73
0	195	33.67	18.64
0	196	33.46	19.33
0	197	33.35	16.53
0	198	33.11	32.49
0	199	33.01	30.5
0	200	32.88	0.77
0	201	32.88	17.38
0	202	32.88	28.29
0	203	32.84	28.88
0	204	32.83	15.07
0	205	32.66	31.37
0	206	32.66	27.47
0	207	32.51	18.83
0	208	32.5	4.45
0	209	32.35	27.91
0	210	32.33	29.62
0	211	32.26	25.94
0	212	32.22	10.45
0	213	32.21	10.62
0	214	32.11	21.82
0	215	32.0	24.6
0	216	31.95	20.82
0	217	31.94	29.87
0	218	31.85	2.11
0	219	31.8	18.52
0	220	31.77	29.61
0	221	31.71	29.03
0	222	31.69	19.7
0	223	31.69	23.33
0	224	31.64	29.43
0	225	31.63	29.35
0	226	31.54	26.69
0	227	31.54	30.89
0	228	31.53	22.93
0	229	31.51	26.49
0	230	31.29	30.69
0	231	31.28	26.31
0	232	31.24	13.63
0	233	31.22	9.99
0	234	30.95	17.23
0	235	30.85	24.76
0	236	30.83	29.62
0	237	30.64	19.02
0	238	30.51	30.23
0	239	30.51	27.03
0	240	30.48	2.33
0	241	30.38	26.71
0	242	30.32	20.96
0	243	30.24	25.36
0	244	30.07	27.93
0	245	30.06	21.28
0	246	30.0	25.94
0	247	29.87	23.3
0	248	29.83	17.42
0	249	29.83	26.94
0	250	29.72	0.0
0	251	29.71	27.62
0	252	29.54	26.68
0	253	29.53	22.16
0	254	29.51	20.22
0	255	29.29	25.21
0	256	29.23	10.28
0	257	29.2	21.28
0	258	29.16	20.42
0	259	28.93	27.32
0	260	28.9	26.59
0	261	28.89	27.97
0	262	28.88	3.2
0	263	28.78	25.17
0	264	28.77	19.63
0	265	28.74	26.23
0	266	28.7	0.0
0	267	28.62	24.89
0	268	28.61	25.06
0	269	28.54	13.36
0	270	28.45	19.71
0	271	28.43	20.84
0	272	28.42	18.17
0	273	28.41	26.05
0	274	28.34	15.41
0	275	28.05	27.79
0	276	28.03	20.43
0	277	27.9	4.06
0	278	27.83	0.0
0	279	27.81	21.01
0	280	27.8	23.99
0	281	27.76	27.71
0	282	27.69	10.29
0	283	27.66	11.91
0	284	27.63	23.06
0	285	27.58	23.82
0	286	27.53	24.45
0	287	27.49	12.77
0	288	27.32	22.63
0	289	27.24	5.93
0	290	27.23	26.58
0	291	27.14	24.92
0	292	27.13	22.7
0	293	27.07	10.12
0	294	27.02	19.25
0	295	26.98	23.9
0	296	26.95	23.93
0	297	26.93	19.22
0	298	26.87	17.66
0	299	26.73	24.55
0	300	26.66	16.82
0	301	26.61	26.17
0	302	26.35	22.02
0	303	26.29	2.76
0	304	26.28	13.38
0	305	26.14	15.11
0	306	26.14	23.71
0	307	26.11	17.96
0	308	26.06	22.08
0	309	26.0	25.0
0	310	25.9	25.25
0	311	25.88	18.31
0	312	25.87	21.34
0	313	25.87	19.32
0	314	25.79	22.15
0	315	25.75	18.02
0	316	25.71	15.89
0	317	25.69	20.05
0	318	25.67	11.29
0	319	25.66	23.42
0	320	25.64	19.85
0	321	25.51	17.13
0	322	25.49	24.21
0	323	25.42	6.66
0	324	25.38	0.0
0	325	25.32	15.72
0	326	25.22	23.16
0	327	25.22	21.83
0	328	25.21	23.28
0	329	25.16	21.53
0	330	25.13	23.14
0	331	24.86	24.23
0	332	24.85	13.4
0	333	24.82	4.48
0	334	24.78	9.18
0	335	24.77	22.42
0	336	24.77	0.0
0	337	24.75	0.0
0	338	24.75	20.87
0	339	24.65	12.97
0	340	24.65	19.7
0	341	24.59	0.0
0	342	24.51	21.48
0	343	24.49	21.39
0	344	24.35	9.24
0	345	24.35	11.43
0	346	24.35	17.11
0	347	24.34	24.23
0	348	24.33	13.38
0	349	24.21	0.0
0	350	24.19	18.4
0	351	24.15	22.53
0	352	24.13	15.83
0	353	24.05	16.79
0	354	23.8	19.32
0	355	23.78	19.7
0	356	23.75	10.02
0	357	23.65	1.65
0	358	23.58	15.36
0	359	23.54	21.64
0	360	23.49	23.36
0	361	23.48	23.24
0	362	23.48	0.0
0	363	23.27	18.71
0	364	23.27	17.09
0	365	23.27	0.0
0	366	23.12	11.8
0	367	23.12	21.06
0	368	23.11	17.21
0	369	23.04	20.09
0	370	23.04	1.52
0	371	23.02	19.11
0	372	22.98	21.53
0	373	22.81	12.61
0	374	22.78	11.03
0	375	22.75	5.96
0	376	22.7	16.77
0	377	22.69	14.59
0	378	22.69	14.07
0	379	22.63	15.56
0	380	22.57	10.71
0	381	22.53	3.56
0	382	22.44	14.65
0	383	22.43	8.55
0	384	22.41	10.86
0	385	22.27	17.53
0	386	22.26	20.1
0	387	22.22	15.03
0	388	22.12	19.14
0	389	22.07	0.0
0	390	22.03	14.42
0	391	21.93	6.33
0	392	21.92	17.88
0	393	21.86	15.62
0	394	21.85	21.71
0	395	21.84	19.38
0	396	21.78	12.42
0	397	21.7	14.76
0	398	21.66	19.29
0	399	21.58	0.0
0	400	21.56	0.0
0	401	21.54	15.33
0	402	21.38	6.06
0	403	21.38	1.88
0	404	21.3	21.08
0	405	21.3	2.39
0	406	21.27	16.31
0	407	21.25	17.48
0	408	21.23	18.5
0	409	21.19	0.0
0	410	21.17	19.74
0	411	21.17	11.16
0	412	21.11	18.12
0	413	21.09	12.6
0	414	21.0	16.71
0	415	20.94	18.61
0	416	20.93	20.84
0	417	20.86	14.96
0	418	20.85	8.39
0	419	20.75	1.61
0	420	20.7	2.18
0	421	20.66	20.07
0	422	20.65	18.26
0	423	20.61	15.7
0	424	20.58	12.46
0	425	20.57	0.0
0	426	20.55	0.0
0	427	20.55	1.85
0	428	20.49	8.27
0	429	20.47	19.18
0	430	20.43	13.99
0	431	20.42	19.75
0	432	20.31	12.91
0	433	20.25	12.75
0	434	20.24	12.84
0	435	20.24	19.48
0	436	20.23	15.95
0	437	20.23	16.79
0	438	20.22	0.0
0	439	20.21	0.0
0	440	20.2	18.47
0	441	20.15	19.15
0	442	20.12	16.3
0	443	20.07	14.96
0	444	20.02	17.88
0	445	19.98	12.05
0	446	19.95	14.13
0	447	19.95	18.61
0	448	19.91	12.32
0	449	19.88	9.21
0	450	19.86	17.66
0	451	19.85	15.56
0	452	19.85	19.5
0	453	19.8	0.0
0	454	19.8	8.45
0	455	19.74	9.68
0	456	19.69	12.59
0	457	19.63	18.43
0	458	19.61	2.49
0	459	19.6	13.97
0	460	19.56	17.72
0	461	19.56	18.79
0	462	19.52	8.24
0	463	19.51	19.16
0	464	19.51	0.0
0	465	19.51	17.15
0	466	19.49	3.75
0	467	19.45	0.0
0	468	19.45	12.99
0	469	19.43	0.0
0	470	19.37	17.46
0	471	19.32	0.0
0	472	19.31	16.69
0	473	19.3	0.0
0	474	19.22	18.96
0	475	19.22	0.0
0	476	19.17	2.54
0	477	19.11	13.06
0	478	18.98	0.0
0	479	18.94	17.84
0	480	18.93	9.83
0	481	18.9	12.12
0	482	18.89	15.48
0	483	18.86	18.74
0	484	18.86	17.19
0	485	18.79	17.28
0	486	18.79	0.0
0	487	18.78	7.94
0	488	18.78	10.3
0	489	18.67	0.0
0	490	18.64	17.22
0	491	18.44	7.11
0	492	18.39	4.89
0	493	18.37	14.18
0	494	18.33	10.32
0	495	18.23	14.98
0	496	18.23	9.56
0	497	18.22	3.44
0	498	18.14	16.04
0	499	18.07	0.0
0	500	18.05	0.79
0	501	18.01	11.62
0	502	17.99	16.12
0	503	17.88	11.18
0	504	17.87	16.31
0	505	17.84	14.12
0	506	17.78	6.53
0	507	17.76	11.22
0	508	17.74	3.67
0	509	17.72	15.22
0	510	17.7	13.93
0	511	17.68	16.7
0	512	17.67	15.4
0	513	17.65	14.93
0	514	17.55	0.0
0	515	17.55	0.0
0	516	17.52	16.72
0	517	17.41	0.0
0	518	17.39	13.92
0	519	17.34	0.0
0	520	17.28	8.66
0	521	17.26	13.67
0	522	17.25	10.78
0	523	17.25	9.25
0	524	17.22	0.0
0	525	17.21	8.69
0	526	17.19	0.0
0	527	17.18	0.0
0	528	17.16	12.99
0	529	17.14	14.34
0	530	17.13	8.94
0	531	17.13	14.44
0	532	17.08	15.51
0	533	17.07	7.58
0	534	17.05	14.83
0	535	17.04	15.48
0	536	17.04	13.29
0	537	16.96	13.37
0	538	16.9	5.23
0	539	16.9	14.9
0	540	16.88	5.99
0	541	16.86	13.18
0	542	16.85	8.84
0	543	16.81	16.16
0	544	16.77	15.47
0	545	16.69	14.02
0	546	16.69	6.33
0	547	16.6	0.55
0	548	16.58	0.44
0	549	16.58	0.0
0	550	16.57	10.15
0	551	16.57	9.41
0	552	16.51	0.0
0	553	16.51	8.93
0	554	16.49	13.52
0	555	16.49	13.4
0	556	16.47	16.38
0	557	16.46	0.94
0	558	16.45	0.0
0	559	16.44	14.13
0	560	16.44	6.43
0	561	16.43	0.0
0	562	16.39	9.39
0	563	16.31	12.73
0	564	16.31	14.02
0	565	16.28	15.76
0	566	16.22	6.79
0	567	16.22	10.67
0	568	16.19	10.55
0	569	16.1	13.35
0	570	16.06	9.98
0	571	16.02	15.71
0	572	16.0	8.97
0	573	15.99	7.38
0	574	15.93	0.0
0	575	15.91	6.02
0	576	15.9	10.21
0	577	15.86	0.0
0	578	15.84	14.12
0	579	15.78	10.52
0	580	15.7	12.15
0	581	15.68	4.75
0	582	15.67	5.61
0	583	15.64	6.02
0	584	15.61	2.6
0	585	15.61	0.0
0	586	15.6	5.42
0	587	15.51	8.14
0	588	15.5	0.0
0	589	15.46	12.26
0	590	15.37	12.95
0	591	15.32	15.04
0	592	15.32	7.41
0	593	15.31	2.14
0	594	15.29	0.0
0	595	15.26	11.64
0	596	15.26	12.37
0	597	15.24	13.43
0	598	15.2	0.0
0	599	15.15	0.0
0	600	15.15	14.6
0	601	15.08	1.7
0	602	15.05	9.29
0	603	14.97	11.64
0	604	14.96	11.69
0	605	14.96	14.36
0	606	14.95	6.7
0	607	14.94	13.98
0	608	14.92	11.23
0	609	14.81	13.54
0	610	14.76	6.82
0	611	14.76	8.8
0	612	14.74	6.78
0	613	14.65	0.0
0	614	14.64	0.0
0	615	14.64	0.0
0	616	14.62	13.25
0	617	14.62	8.99
0	618	14.59	0.0
0	619	14.53	0.0
0	620	14.51	0.0
0	621	14.48	0.0
0	622	14.45	0.0
0	623	14.43	14.12
0	624	14.35	0.0
0	625	14.31	8.1
0	626	14.29	13.83
0	627	14.21	0.0
0	628	14.13	10.06
0	629	14.1	9.58
0	630	14.09	0.0
0	631	14.08	9.19
0	632	14.04	4.46
0	633	14.02	13.1
0	634	14.02	0.56
0	635	14.0	7.17
0	636	14.0	12.06
0	637	13.97	9.39
0	638	13.94	10.98
0	639	13.92	8.16
0	640	13.91	12.89
0	641	13.9	0.0
0	642	13.83	1.16
0	643	13.82	12.79
0	644	13.82	9.1
0	645	13.81	7.8
0	646	13.79	11.87
0	647	13.76	11.6
0	648	13.75	7.74
0	649	13.75	13.33
0	650	13.74	0.0
0	651	13.74	11.62
0	652	13.74	4.09
0	653	13.74	12.18
0	654	13.71	4.02
0	655	13.7	4.88
0	656	13.67	5.46
0	657	13.63	0.0
0	658	13.63	9.01
0	659	13.62	4.78
0	660	13.6	5.61
0	661	13.57	0.0
0	662	13.51	0.0
0	663	13.49	7.46
0	664	13.48	0.0
0	665	13.47	2.48
0	666	13.45	12.71
0	667	13.45	10.23
0	668	13.43	1.42
0	669	13.41	0.0
0	670	13.4	10.08
0	671	13.39	0.0
0	672	13.35	2.44
0	673	13.3	10.06
0	674	13.28	7.65
0	675	13.27	4.78
0	676	13.27	10.97
0	677	13.26	0.0
0	678	13.15	2.21
0	679	13.13	0.0
0	680	13.11	3.26
0	681	13.09	11.56
0	682	13.09	7.48
0	683	13.06	9.12
0	684	13.05	0.0
0	685	13.03	11.75
0	686	12.96	0.0
0	687	12.96	0.0
0	688	12.93	12.04
0	689	12.9	4.86
0	690	12.84	0.0
0	691	12.84	10.82
0	692	12.75	11.16
0	693	12.75	10.19
0	694	12.72	0.0
0	695	12.71	11.16
0	696	12.6	11.51
0	697	12.6	0.0
0	698	12.54	6.52
0	699	12.52	0.06
0	700	12.51	11.46
0	701	12.48	8.19
0	702	12.48	0.0
0	703	12.46	1.88
0	704	12.4	3.68
0	705	12.38	0.0
0	706	12.35	10.91
0	707	12.29	8.57
0	708	12.29	1.02
0	709	12.27	11.19
0	710	12.21	11.39
0	711	12.15	6.96
0	712	12.11	9.87
0	713	12.09	11.78
0	714	12.07	10.96
0	715	12.07	7.4
0	716	12.06	1.22
0	717	12.03	0.0
0	718	12.03	4.54
0	719	12.01	0.0
0	720	12.0	10.29
0	721	11.99	0.0
0	722	11.99	6.21
0	723	11.99	11.01
0	724	11.98	1.52
0	725	11.95	9.66
0	726	11.93	11.7
0	727	11.92	8.39
0	728	11.86	0.0
0	729	11.86	7.4
0	730	11.84	8.51
0	731	11.83	9.76
0	732	11.83	3.41
0	733	11.79	0.36
0	734	11.75	0.0
0	735	11.74	0.73
0	736	11.72	10.16
0	737	11.72	3.64
0	738	11.71	7.08
0	739	11.66	0.0
0	740	11.65	0.0
0	741	11.63	0.0
0	742	11.58	6.19
0	743	11.56	6.17
0	744	11.52	9.42
0	745	11.51	1.66
0	746	11.5	0.0
0	747	11.48	0.0
0	748	11.45	8.66
0	749	11.44	6.56
0	750	11.44	8.95
0	751	11.44	0.0
0	752	11.41	9.82
0	753	11.34	0.0
0	754	11.3	7.17
0	755	11.3	10.37
0	756	11.23	0.0
0	757	11.21	0.15
0	758	11.19	0.0
0	759	11.13	0.0
0	760	11.13	2.97
0	761	11.12	10.45
0	762	11.05	7.98
0	763	11.0	1.0
0	764	10.99	8.78
0	765	10.96	10.57
0	766	10.94	10.66
0	767	10.94	0.0
0	768	10.93	2.3
0	769	10.91	6.05
0	770	10.91	8.89
0	771	10.9	0.0
0	772	10.9	3.25
0	773	10.81	2.89
0	774	10.79	6.24
0	775	10.74	8.94
0	776	10.71	10.03
0	777	10.7	0.0
0	778	10.68	0.0
0	779	10.6	0.0
0	780	10.58	0.0
0	781	10.58	9.51
0	782	10.5	4.43
0	783	10.48	0.0
0	784	10.45	5.23
0	785	10.44	0.0
0	786	10.38	0.0
0	787	10.38	3.51
0	788	10.36	0.0
0	789	10.33	4.25
0	790	10.29	2.03
0	791	10.28	0.0
0	792	10.28	0.0
0	793	10.28	7.02
0	794	10.27	1.63
0	795	10.26	0.65
0	796	10.26	8.55
0	797	10.26	9.8
0	798	10.23	0.0
0	799	10.19	2.3
0	800	10.17	6.48
0	801	10.15	8.31
0	802	10.15	8.85
0	803	10.13	0.0
0	804	10.13	0.0
0	805	10.02	9.36
0	806	10.01	0.0
0	807	10.0	0.0
0	808	9.99	5.6
0	809	9.98	0.0
0	810	9.92	0.0
0	811	9.9	8.58
0	812	9.86	3.12
0	813	9.85	0.0
0	814	9.84	9.11
0	815	9.83	7.95
0	816	9.82	0.0
0	817	9.82	0.0
0	818	9.8	9.37
0	819	9.79	0.0
0	820	9.7	0.0
0	821	9.69	2.17
0	822	9.65	0.0
0	823	9.65	7.63
0	824	9.64	1.79
0	825	9.62	6.94
0	826	9.62	0.0
0	827	9.58	0.0
0	828	9.57	7.6
0	829	9.57	2.87
0	830	9.56	0.0
0	831	9.54	8.21
0	832	9.53	8.19
0	833	9.51	2.1
0	834	9.49	6.77
0	835	9.44	0.0
0	836	9.43	4.09
0	837	9.41	8.13
0	838	9.4	3.48
0	839	9.39	0.0
0	840	9.39	0.0
0	841	9.38	7.08
0	842	9.36	0.0
0	843	9.35	7.67
0	844	9.34	4.99
0	845	9.33	0.0
0	846	9.33	0.0
0	847	9.32	0.0
0	848	9.32	0.0
0	849	9.3	1.68
0	850	9.29	8.22
0	851	9.29	0.0
0	852	9.29	0.0
0	853	9.28	4.31
0	854	9.24	1.28
0	855	9.23	0.0
0	856	9.23	0.0
0	857	9.22	0.0
0	858	9.19	1.67
0	859	9.19	0.0
0	860	9.18	0.0
0	861	9.18	8.25
0	862	9.17	0.0
0	863	9.15	5.71
0	864	9.15	0.0
0	865	9.13	7.9
0	866	9.1	5.18
0	867	9.1	1.83
0	868	9.07	5.82
0	869	9.06	5.09
0	870	9.03	0.0
0	871	9.03	3.0
0	872	9.01	5.99
0	873	8.98	7.06
0	874	8.98	3.09
0	875	8.94	0.0
0	876	8.94	4.07
0	877	8.87	2.18
0	878	8.87	0.0
0	879	8.86	0.0
0	880	8.81	5.28
0	881	8.8	0.0
0	882	8.78	1.5
0	883	8.77	4.32
0	884	8.77	1.35
0	885	8.76	3.01
0	886	8.75	6.2
0	887	8.75	7.26
0	888	8.74	5.81
0	889	8.73	0.0
0	890	8.65	5.56
0	891	8.65	5.6
0	892	8.64	0.0
0	893	8.63	7.64
0	894	8.63	0.0
0	895	8.63	7.64
0	896	8.62	0.0
0	897	8.57	0.0
0	898	8.55	1.54
0	899	8.51	4.18
0	900	8.47	3.86
0	901	8.44	0.0
0	902	8.44	7.63
0	903	8.41	4.1
0	904	8.4	0.0
0	905	8.35	1.62
0	906	8.35	2.24
0	907	8.34	0.0
0	908	8.33	1.35
0	909	8.32	3.27
0	910	8.32	5.31
0	911	8.32	5.0
0	912	8.29	0.0
0	913	8.29	0.0
0	914	8.28	6.69
0	915	8.26	0.0
0	916	8.26	0.0
0	917	8.24	0.35
0	918	8.22	7.17
0	919	8.21	5.34
0	920	8.21	0.0
0	921	8.19	0.0
0	922	8.16	0.89
0	923	8.12	6.16
0	924	8.09	0.8
0	925	8.09	6.17
0	926	8.05	0.57
0	927	7.97	5.73
0	928	7.96	6.64
0	929	7.95	0.1
0	930	7.95	5.47
0	931	7.94	4.91
0	932	7.9	1.45
0	933	7.89	5.59
0	934	7.88	0.0
0	935	7.87	0.0
0	936	7.87	5.18
0	937	7.79	0.0
0	938	7.76	4.39
0	939	7.76	0.0
0	940	7.73	0.0
0	941	7.7	7.52
0	942	7.69	2.52
0	943	7.68	4.66
0	944	7.65	4.34
0	945	7.64	0.0
0	946	7.62	0.0
0	947	7.62	5.83
0	948	7.61	7.33
0	949	7.56	0.0
0	950	7.56	0.0
0	951	7.55	7.18
0	952	7.52	2.99
0	953	7.52	2.87
0	954	7.52	3.65
0	955	7.51	4.68
0	956	7.49	5.91
0	957	7.45	4.78
0	958	7.45	2.64
0	959	7.43	5.37
0	960	7.4	5.02
0	961	7.38	0.0
0	962	7.37	1.52
0	963	7.34	1.78
0	964	7.33	0.0
0	965	7.32	5.4
0	966	7.32	5.17
0	967	7.31	0.0
0	968	7.3	0.0
0	969	7.28	0.58
0	970	7.28	0.0
0	971	7.26	5.71
0	972	7.22	5.86
0	973	7.22	0.0
0	974	7.22	6.78
0	975	7.22	0.0
0	976	7.18	3.82
0	977	7.18	0.0
0	978	7.16	0.0
0	979	7.16	5.95
0	980	7.16	6.24
0	981	7.13	6.6
0	982	7.13	5.69
0	983	7.09	0.0
0	984	7.06	5.91
0	985	7.05	0.0
0	986	7.04	3.71
0	987	7.04	1.35
0	988	7.02	0.0
0	989	7.01	6.46
0	990	7.0	0.0
0	991	7.0	0.0
0	992	6.99	0.0
0	993	6.97	6.77
0	994	6.94	2.07
0	995	6.94	3.42
0	996	6.91	3.76
0	997	6.9	4.95
0	998	6.89	0.0
0	999	6.89	5.66
0	1000	6.85	4.63
0	1001	6.83	0.0
0	1002	6.82	0.74
0	1003	6.82	0.0
0	1004	6.82	0.0
0	1005	6.81	5.42
0	1006	6.8	1.38
0	1007	6.8	0.0
0	1008	6.78	4.3
0	1009	6.75	0.0
0	1010	6.75	0.0
0	1011	6.72	0.0
0	1012	6.72	0.0
0	1013	6.7	0.0
0	1014	6.68	0.0
0	1015	6.67	5.17
0	1016	6.66	2.23
0	1017	6.65	0.0
0	1018	6.62	3.51
0	1019	6.57	3.08
0	1020	6.56	4.12
0	1021	6.55	0.0
0	1022	6.55	1.62
0	1023	6.51	5.31
0	1024	6.49	2.41
0	1025	6.47	0.0
0	1026	6.45	0.0
0	1027	6.44	0.0
0	1028	6.44	2.97
0	1029	6.41	0.31
0	1030	6.41	0.0
0	1031	6.39	0.0
0	1032	6.38	0.0
0	1033	6.37	0.0
0	1034	6.34	0.0
0	1035	6.33	4.74
0	1036	6.33	0.0
0	1037	6.33	2.7
0	1038	6.31	5.89
0	1039	6.31	1.2
0	1040	6.28	0.99
0	1041	6.27	0.0
0	1042	6.25	1.51
0	1043	6.24	0.0
0	1044	6.24	0.85
0	1045	6.2	4.93
0	1046	6.19	0.0
0	1047	6.18	0.0
0	1048	6.17	0.0
0	1049	6.15	2.2
0	1050	6.15	4.81
0	1051	6.14	6.06
0	1052	6.11	1.84
0	1053	6.1	3.22
0	1054	6.05	0.0
0	1055	6.02	0.0
0	1056	6.02	0.0
0	1057	6.01	0.0
0	1058	6.01	0.0
0	1059	6.0	3.16
0	1060	5.97	4.53
0	1061	5.97	0.34
0	1062	5.97	0.0
0	1063	5.96	0.0
0	1064	5.9	0.0
0	1065	5.9	0.0
0	1066	5.89	0.0
0	1067	5.87	0.0
0	1068	5.86	0.11
0	1069	5.83	0.0
0	1070	5.8	0.96
0	1071	5.79	5.14
0	1072	5.75	0.0
0	1073	5.73	0.0
0	1074	5.71	1.09
0	1075	5.7	3.92
0	1076	5.69	0.0
0	1077	5.68	0.0
0	1078	5.65	0.51
0	1079	5.61	2.54
0	1080	5.57	3.16
0	1081	5.55	0.0
0	1082	5.5	4.34
0	1083	5.48	0.01
0	1084	5.47	2.32
0	1085	5.45	0.0
0	1086	5.42	0.0
0	1087	5.41	0.0
0	1088	5.37	4.3
0	1089	5.36	0.0
0	1090	5.36	2.78
0	1091	5.35	0.0
0	1092	5.34	0.0
0	1093	5.34	0.0
0	1094	5.33	0.0
0	1095	5.32	3.25
0	1096	5.32	0.0
0	1097	5.31	0.0
0	1098	5.28	1.18
0	1099	5.27	0.0
0	1100	5.27	2.93
0	1101	5.23	0.0
0	1102	5.21	3.72
0	1103	5.2	4.26
0	1104	5.17	0.0
0	1105	5.15	0.0
0	1106	5.13	0.0
0	1107	5.12	0.0
0	1108	5.11	0.0
0	1109	5.1	0.0
0	1110	5.09	0.0
0	1111	5.08	4.27
0	1112	5.08	0.0
0	1113	5.08	0.0
0	1114	5.06	3.53
0	1115	5.05	1.76
0	1116	5.02	4.19
0	1117	5.01	0.0
0	1118	5.0	0.0
0	1119	4.99	0.0
0	1120	4.99	0.0
0	1121	4.98	0.0
0	1122	4.95	0.0
0	1123	4.94	0.0
0	1124	4.89	0.0
0	1125	4.87	0.0
0	1126	4.85	4.11
0	1127	4.84	3.57
0	1128	4.84	4.32
0	1129	4.83	0.0
0	1130	4.82	0.0
0	1131	4.82	0.0
0	1132	4.8	0.0
0	1133	4.79	0.0
0	1134	4.79	3.37
0	1135	4.79	3.36
0	1136	4.75	0.0
0	1137	4.73	0.0
0	1138	4.7	0.85
0	1139	4.7	0.0
0	1140	4.7	0.0
0	1141	4.66	0.0
0	1142	4.64	3.53
0	1143	4.64	0.0
0	1144	4.63	0.0
0	1145	4.6	0.0
0	1146	4.6	3.46
0	1147	4.57	2.34
0	1148	4.56	0.0
0	1149	4.54	0.0
0	1150	4.54	0.0
0	1151	4.54	0.0
0	1152	4.49	0.0
0	1153	4.49	0.0
0	1154	4.45	0.0
0	1155	4.44	0.0
0	1156	4.43	0.0
0	1157	4.43	0.85
0	1158	4.42	0.92
0	1159	4.41	0.0
0	1160	4.41	0.0
0	1161	4.39	0.0
0	1162	4.36	2.69
0	1163	4.35	2.05
0	1164	4.35	0.0
0	1165	4.34	1.79
0	1166	4.34	0.9
0	1167	4.31	2.17
0	1168	4.31	0.0
0	1169	4.3	0.0
0	1170	4.29	0.0
0	1171	4.29	0.0
0	1172	4.28	0.0
0	1173	4.27	0.0
0	1174	4.24	2.34
0	1175	4.21	0.0
0	1176	4.21	0.0
0	1177	4.21	0.0
0	1178	4.15	0.0
0	1179	4.13	0.0
0	1180	4.12	0.32
0	1181	4.12	0.0
0	1182	4.11	3.8
0	1183	4.07	0.0
0	1184	4.06	0.0
0	1185	4.06	0.0
0	1186	4.05	0.0
0	1187	4.04	0.0
0	1188	4.04	0.0
0	1189	4.04	0.0
0	1190	4.03	1.26
0	1191	4.01	0.0
0	1192	3.99	0.0
0	1193	3.99	0.44
0	1194	3.98	0.0
0	1195	3.98	0.0
0	1196	3.98	0.99
0	1197	3.96	1.93
0	1198	3.96	0.0
0	1199	3.94	0.0
0	1200	3.93	1.59
0	1201	3.93	3.21
0	1202	3.92	0.0
0	1203	3.9	0.0
0	1204	3.9	0.0
0	1205	3.9	2.02
0	1206	3.89	0.0
0	1207	3.89	0.0
0	1208	3.89	0.0
0	1209	3.86	0.26
0	1210	3.86	2.74
0	1211	3.84	0.0
0	1212	3.84	0.37
0	1213	3.83	2.53
0	1214	3.83	3.7
0	1215	3.82	0.0
0	1216	3.81	0.0
0	1217	3.8	0.0
0	1218	3.77	0.0
0	1219	3.76	0.0
0	1220	3.74	0.46
0	1221	3.73	0.0
0	1222	3.73	2.42
0	1223	3.73	0.0
0	1224	3.72	1.91
0	1225	3.72	0.0
0	1226	3.71	0.0
0	1227	3.7	3.49
0	1228	3.69	2.72
0	1229	3.68	0.0
0	1230	3.68	0.0
0	1231	3.67	0.0
0	1232	3.67	0.0
0	1233	3.66	0.0
0	1234	3.66	0.0
0	1235	3.65	0.0
0	1236	3.63	0.0
0	1237	3.62	0.0
0	1238	3.62	3.52
0	1239	3.61	3.11
0	1240	3.58	0.0
0	1241	3.58	0.0
0	1242	3.55	0.0
0	1243	3.55	0.0
0	1244	3.55	2.94
0	1245	3.54	3.36
0	1246	3.53	0.0
0	1247	3.52	0.75
0	1248	3.52	3.25
0	1249	3.5	0.0
0	1250	3.5	0.0
0	1251	3.5	0.0
0	1252	3.49	0.0
0	1253	3.49	2.1
0	1254	3.48	3.09
0	1255	3.46	0.0
0	1256	3.46	2.16
0	1257	3.45	0.0
0	1258	3.45	0.0
0	1259	3.44	0.0
0	1260	3.43	0.0
0	1261	3.42	3.17
0	1262	3.4	0.0
0	1263	3.4	0.0
0	1264	3.39	0.0
0	1265	3.36	0.0
0	1266	3.33	0.49
0	1267	3.32	0.0
0	1268	3.32	0.0
0	1269	3.31	2.54
0	1270	3.3	0.0
0	1271	3.3	0.0
0	1272	3.29	0.0
0	1273	3.29	1.12
0	1274	3.25	0.83
0	1275	3.24	0.0
0	1276	3.23	3.07
0	1277	3.22	1.76
0	1278	3.19	0.0
0	1279	3.19	1.65
0	1280	3.16	0.0
0	1281	3.14	1.23
0	1282	3.14	0.0
0	1283	3.09	1.44
0	1284	3.07	0.66
0	1285	3.06	0.0
0	1286	3.05	2.44
0	1287	3.04	0.0
0	1288	3.04	0.0
0	1289	3.04	0.0
0	1290	3.03	1.92
0	1291	3.02	0.11
0	1292	2.99	1.4
0	1293	2.97	0.0
0	1294	2.97	2.81
0	1295	2.93	0.0
0	1296	2.91	0.0
0	1297	2.89	0.99
0	1298	2.88	0.2
0	1299	2.86	0.0
0	1300	2.85	0.0
0	1301	2.84	0.0
0	1302	2.83	0.0
0	1303	2.8	0.0
0	1304	2.79	2.74
0	1305	2.77	2.69
0	1306	2.76	0.0
0	1307	2.75	0.0
0	1308	2.75	1.18
0	1309	2.72	0.0
0	1310	2.71	1.19
0	1311	2.67	0.0
0	1312	2.65	0.0
0	1313	2.65	0.0
0	1314	2.65	0.0
0	1315	2.64	0.0
0	1316	2.62	0.0
0	1317	2.61	0.0
0	1318	2.6	0.0
0	1319	2.58	2.51
0	1320	2.57	0.0
0	1321	2.57	0.0
0	1322	2.57	0.0
0	1323	2.56	0.0
0	1324	2.55	0.0
0	1325	2.55	0.0
0	1326	2.52	0.0
0	1327	2.52	0.0
0	1328	2.5	0.0
0	1329	2.49	0.0
0	1330	2.48	1.25
0	1331	2.47	0.0
0	1332	2.47	1.39
0	1333	2.44	2.39
0	1334	2.41	0.0
0	1335	2.41	0.0
0	1336	2.4	0.0
0	1337	2.39	0.0
0	1338	2.37	0.8
0	1339	2.35	0.0
0	1340	2.35	0.0
0	1341	2.35	0.0
0	1342	2.34	0.0
0	1343	2.34	0.0
0	1344	2.32	1.92
0	1345	2.3	0.0
0	1346	2.29	1.22
0	1347	2.28	0.0
0	1348	2.25	0.0
0	1349	2.25	0.0
0	1350	2.22	0.0
0	1351	2.22	0.0
0	1352	2.21	0.23
0	1353	2.21	0.0
0	1354	2.19	0.0
0	1355	2.18	1.95
0	1356	2.16	1.33
0	1357	2.16	0.86
0	1358	2.16	0.0
0	1359	2.15	0.0
0	1360	2.14	1.74
0	1361	2.12	0.0
0	1362	2.12	0.0
0	1363	2.11	0.0
0	1364	2.1	0.0
0	1365	2.06	0.0
0	1366	2.05	0.0
0	1367	2.03	0.0
0	1368	2.02	0.0
0	1369	2.02	0.0
0	1370	2.0	0.0
0	1371	1.96	0.0
0	1372	1.95	0.0
0	1373	1.94	0.46
0	1374	1.94	0.0
0	1375	1.93	0.0
0	1376	1.93	0.0
0	1377	1.91	1.57
0	1378	1.89	0.0
0	1379	1.88	0.0
0	1380	1.88	0.0
0	1381	1.88	0.0
0	1382	1.88	1.18
0	1383	1.85	0.0
0	1384	1.84	1.39
0	1385	1.82	0.0
0	1386	1.81	0.0
0	1387	1.8	0.0
0	1388	1.8	0.0
0	1389	1.77	0.0
0	1390	1.77	0.0
0	1391	1.77	0.0
0	1392	1.77	0.0
0	1393	1.77	0.0
0	1394	1.76	0.0
0	1395	1.75	0.0
0	1396	1.71	0.0
0	1397	1.7	0.0
0	1398	1.69	0.0
0	1399	1.67	0.0
0	1400	1.66	0.0
0	1401	1.66	0.0
0	1402	1.66	0.0
0	1403	1.65	0.0
0	1404	1.65	0.0
0	1405	1.64	0.0
0	1406	1.61	0.0
0	1407	1.61	0.0
0	1408	1.61	0.0
0	1409	1.6	1.03
0	1410	1.6	1.1
0	1411	1.58	0.24
0	1412	1.58	0.0
0	1413	1.57	0.0
0	1414	1.55	0.0
0	1415	1.55	0.0
0	1416	1.54	0.0
0	1417	1.53	0.0
0	1418	1.51	0.0
0	1419	1.51	0.0
0	1420	1.49	0.0
0	1421	1.48	0.0
0	1422	1.47	0.0
0	1423	1.46	0.0
0	1424	1.46	0.0
0	1425	1.43	0.0
0	1426	1.43	0.0
0	1427	1.42	0.0
0	1428	1.42	0.0
0	1429	1.41	0.0
0	1430	1.41	0.0
0	1431	1.41	0.0
0	1432	1.4	0.0
0	1433	1.38	0.0
0	1434	1.38	0.0
0	1435	1.35	0.0
0	1436	1.35	0.0
0	1437	1.34	0.0
0	1438	1.34	0.28
0	1439	1.32	1.25
0	1440	1.31	0.0
0	1441	1.29	0.0
0	1442	1.28	0.0
0	1443	1.28	0.0
0	1444	1.25	0.0
0	1445	1.24	0.0
0	1446	1.24	0.0
0	1447	1.24	0.0
0	1448	1.23	0.0
0	1449	1.16	0.0
0	1450	1.12	0.0
0	1451	1.12	0.0
0	1452	1.11	0.0
0	1453	1.1	0.0
0	1454	1.1	0.0
0	1455	1.06	0.0
0	1456	1.03	0.0
0	1457	1.02	0.0
0	1458	1.01	0.0
0	1459	1.01	0.0
0	1460	0.99	0.0
0	1461	0.99	0.0
0	1462	0.98	0.0
0	1463	0.95	0.0
0	1464	0.95	0.0
0	1465	0.94	0.0
0	1466	0.93	0.0
0	1467	0.91	0.0
0	1468	0.89	0.6
0	1469	0.88	0.0
0	1470	0.87	0.0
0	1471	0.86	0.0
0	1472	0.85	0.0
0	1473	0.83	0.0
0	1474	0.82	0.0
0	1475	0.8	0.0
0	1476	0.79	0.0
0	1477	0.76	0.0
0	1478	0.76	0.0
0	1479	0.76	0.0
0	1480	0.75	0.27
0	1481	0.72	0.0
0	1482	0.71	0.0
0	1483	0.71	0.0
0	1484	0.7	0.0
0	1485	0.69	0.0
0	1486	0.69	0.0
0	1487	0.68	0.0
0	1488	0.63	0.0
0	1489	0.61	0.0
0	1490	0.61	0.0
0	1491	0.6	0.0
0	1492	0.58	0.0
0	1493	0.58	0.0
0	1494	0.56	0.0
0	1495	0.55	0.0
0	1496	0.51	0.0
0	1497	0.51	0.0
0	1498	0.49	0.0
0	1499	0.48	0.0
0	1500	0.47	0.0
0	1501	0.46	0.0
0	1502	0.46	0.0
0	1503	0.46	0.0
0	1504	0.46	0.0
0	1505	0.45	0.0
0	1506	0.45	0.0
0	1507	0.43	0.0
0	1508	0.43	0.0
0	1509	0.43	0.0
0	1510	0.4	0.0
0	1511	0.4	0.0
0	1512	0.4	0.0
0	1513	0.4	0.0
0	1514	0.39	0.0
0	1515	0.38	0.31
0	1516	0.37	0.0
0	1517	0.35	0.0
0	1518	0.34	0.0
0	1519	0.33	0.0
0	1520	0.31	0.0
0	1521	0.29	0.0
0	1522	0.29	0.0
0	1523	0.28	0.0
0	1524	0.26	0.0
0	1525	0.26	0.0
0	1526	0.25	0.0
0	1527	0.25	0.0
0	1528	0.24	0.0
0	1529	0.24	0.0
0	1530	0.24	0.0
0	1531	0.24	0.0
0	1532	0.23	0.0
0	1533	0.23	0.0
0	1534	0.22	0.0
0	1535	0.2	0.0
0	1536	0.12	0.0
0	1537	0.09	0.0
0	1538	0.09	0.0
0	1539	0.08	0.0
0	1540	0.08	0.0
0	1541	0.06	0.0
0	1542	0.06	0.0
0	1543	0.04	0.0
0	1544	0.02	0.0
0	1545	0.02	0.0
0	1546	0.01	0.0
0	1547	0.01	0.0
