clade	species	ts	te
0	1	100.0	87.83
0	2	98.36	92.98
0	3	97.29	95.36
0	4	94.93	87.02
0	5	92.84	74.76
0	6	90.79	87.45
0	7	90.14	70.08
0	8	89.87	87.79
0	9	89.06	87.22
0	10	88.09	58.87
0	11	87.38	83.67
0	12	84.49	79.19
0	13	84.13	82.38
0	14	83.85	82.45
0	15	82.71	64.51
0	16	82.41	81.43
0	17	82.21	81.16
0	18	81.66	80.78
0	19	78.3	68.81
0	20	77.56	38.3
0	21	75.17	69.78
0	22	74.6	62.15
0	23	73.93	59.95
0	24	73.65	48.09
0	25	72.4	67.65
0	26	72.26	45.52
0	27	72.08	27.48
0	28	71.01	46.79
0	29	70.73	69.69
0	30	70.52	67.71
0	31	70.44	59.66
0	32	70.21	52.13
0	33	69.4	68.08
0	34	69.0	63.82
0	35	68.86	64.77
0	36	68.84	66.02
0	37	68.74	62.6
0	38	67.59	65.79
0	39	67.32	66.82
0	40	66.39	65.65
0	41	65.24	63.72
0	42	64.92	57.73
0	43	64.89	45.67
0	44	64.66	56.4
0	45	63.77	60.71
0	46	63.38	62.29
0	47	63.14	54.34
0	48	62.6	58.75
0	49	60.38	57.88
0	50	59.04	44.1
0	51	58.16	55.91
0	52	57.96	52.99
0	53	57.44	54.23
0	54	57.16	52.91
0	55	56.99	45.18
0	56	56.84	41.87
0	57	56.79	26.21
0	58	56.53	56.03
0	59	56.27	52.32
0	60	55.88	55.73
0	61	55.88	37.2
0	62	55.6	32.55
0	63	55.17	54.69
0	64	55.12	33.5
0	65	54.84	31.58
0	66	54.03	45.02
0	67	53.47	49.79
0	68	53.03	52.82
0	69	52.56	44.84
0	70	52.43	46.43
0	71	51.6	38.01
0	72	51.33	50.95
0	73	51.24	36.16
0	74	51.22	42.05
0	75	50.58	36.15
0	76	50.42	44.99
0	77	49.97	45.13
0	78	49.17	44.98
0	79	48.73	33.19
0	80	48.64	42.91
0	81	48.58	41.94
0	82	48.21	41.82
0	83	48.14	42.26
0	84	48.01	43.29
0	85	47.89	33.49
0	86	47.71	42.58
0	87	47.7	19.92
0	88	47.7	7.61
0	89	47.48	47.15
0	90	47.45	34.23
0	91	47.41	46.89
0	92	47.1	38.5
0	93	47.1	42.88
0	94	46.93	39.04
0	95	46.88	32.78
0	96	46.81	45.64
0	97	46.81	22.77
0	98	46.65	39.6
0	99	46.59	40.7
0	100	46.54	46.38
0	101	46.51	27.2
0	102	46.36	39.22
0	103	46.22	38.15
0	104	46.14	17.78
0	105	46.14	46.13
0	106	45.92	45.75
0	107	45.89	43.24
0	108	45.42	42.67
0	109	45.27	34.25
0	110	45.27	44.78
0	111	44.71	36.15
0	112	44.66	41.44
0	113	44.63	29.96
0	114	44.56	37.28
0	115	44.54	19.16
0	116	44.29	30.28
0	117	44.13	32.72
0	118	43.76	39.25
0	119	43.61	41.77
0	120	43.34	39.25
0	121	43.29	18.54
0	122	43.25	25.22
0	123	43.18	20.62
0	124	43.16	38.0
0	125	42.88	42.73
0	126	42.68	32.47
0	127	42.48	39.25
0	128	42.47	38.99
0	129	42.37	35.02
0	130	42.29	41.55
0	131	42.15	38.2
0	132	42.12	40.93
0	133	42.11	33.61
0	134	41.84	39.48
0	135	41.78	29.99
0	136	41.7	8.27
0	137	41.69	29.39
0	138	41.44	38.83
0	139	41.25	37.38
0	140	41.21	26.83
0	141	41.16	38.31
0	142	41.15	37.35
0	143	41.13	38.64
0	144	40.95	30.3
0	145	40.82	29.31
0	146	40.78	30.46
0	147	40.55	30.23
0	148	40.53	35.63
0	149	40.5	29.78
0	150	40.36	27.19
0	151	40.35	35.27
0	152	40.21	39.17
0	153	40.2	37.71
0	154	39.78	36.84
0	155	39.73	20.99
0	156	39.53	34.82
0	157	38.9	35.22
0	158	38.67	33.16
0	159	38.55	25.71
0	160	38.45	28.57
0	161	38.17	34.13
0	162	38.08	33.27
0	163	37.94	34.14
0	164	37.92	12.09
0	165	37.9	36.95
0	166	37.89	27.49
0	167	37.87	24.44
0	168	37.8	37.34
0	169	37.77	34.52
0	170	37.76	28.42
0	171	37.69	34.98
0	172	37.65	34.04
0	173	37.62	23.4
0	174	37.54	34.15
0	175	37.45	29.43
0	176	37.43	27.18
0	177	37.18	25.97
0	178	37.09	24.38
0	179	37.03	30.42
0	180	36.77	35.9
0	181	36.73	34.91
0	182	36.7	3.02
0	183	36.62	34.63
0	184	36.51	25.49
0	185	36.47	34.58
0	186	36.33	1.16
0	187	36.31	33.65
0	188	36.3	32.01
0	189	36.29	28.75
0	190	35.96	19.14
0	191	35.88	10.97
0	192	35.75	31.99
0	193	35.59	32.16
0	194	35.47	24.95
0	195	35.44	13.91
0	196	35.3	26.34
0	197	35.24	21.82
0	198	35.23	27.92
0	199	35.17	30.14
0	200	34.99	14.86
0	201	34.97	0.0
0	202	34.75	19.18
0	203	34.73	16.43
0	204	34.69	6.24
0	205	34.61	18.83
0	206	34.49	34.22
0	207	34.39	26.22
0	208	34.06	6.55
0	209	34.02	28.6
0	210	33.99	10.74
0	211	33.98	30.93
0	212	33.97	0.0
0	213	33.96	20.1
0	214	33.87	0.0
0	215	33.86	6.19
0	216	33.86	28.97
0	217	33.62	22.63
0	218	33.56	18.34
0	219	33.54	23.35
0	220	33.34	31.69
0	221	33.27	32.03
0	222	33.18	18.5
0	223	33.08	31.75
0	224	33.07	4.35
0	225	32.79	7.28
0	226	32.79	28.02
0	227	32.79	22.92
0	228	32.73	31.07
0	229	32.62	29.92
0	230	32.55	28.7
0	231	32.44	25.76
0	232	32.36	24.27
0	233	32.08	29.13
0	234	31.86	20.22
0	235	31.86	29.08
0	236	31.82	3.78
0	237	31.69	30.61
0	238	31.64	25.11
0	239	31.63	30.87
0	240	31.63	30.69
0	241	31.53	29.88
0	242	31.42	16.42
0	243	31.42	14.12
0	244	31.4	30.82
0	245	31.37	24.58
0	246	31.3	10.64
0	247	31.21	0.0
0	248	31.16	14.82
0	249	31.03	9.56
0	250	30.89	5.68
0	251	30.82	11.6
0	252	30.78	18.35
0	253	30.77	4.83
0	254	30.7	17.15
0	255	30.58	0.0
0	256	30.55	22.74
0	257	30.54	28.39
0	258	30.49	22.45
0	259	30.49	28.2
0	260	30.46	25.95
0	261	30.43	28.98
0	262	30.42	24.92
0	263	30.37	20.05
0	264	30.32	22.76
0	265	30.32	6.2
0	266	30.28	29.58
0	267	30.12	29.72
0	268	30.11	22.25
0	269	30.1	28.87
0	270	30.09	18.41
0	271	29.99	25.18
0	272	29.86	23.9
0	273	29.75	18.47
0	274	29.73	8.36
0	275	29.71	25.13
0	276	29.65	24.75
0	277	29.63	4.81
0	278	29.55	28.07
0	279	29.5	15.19
0	280	29.43	28.77
0	281	29.38	13.75
0	282	29.35	14.42
0	283	29.35	27.6
0	284	29.3	14.5
0	285	29.24	27.37
0	286	29.23	28.58
0	287	29.18	24.44
0	288	29.16	15.08
0	289	29.1	21.21
0	290	29.08	28.41
0	291	29.08	22.64
0	292	29.06	5.84
0	293	29.06	28.42
0	294	29.03	25.47
0	295	28.9	17.09
0	296	28.81	18.98
0	297	28.7	0.0
0	298	28.59	15.66
0	299	28.59	26.71
0	300	28.5	19.32
0	301	28.45	4.44
0	302	28.43	1.76
0	303	28.32	16.52
0	304	28.27	20.74
0	305	28.21	13.81
0	306	28.2	28.08
0	307	28.14	18.62
0	308	28.1	17.7
0	309	27.94	17.91
0	310	27.92	16.55
0	311	27.9	27.84
0	312	27.89	27.52
0	313	27.86	8.31
0	314	27.85	26.5
0	315	27.85	16.77
0	316	27.81	27.77
0	317	27.74	20.13
0	318	27.74	26.3
0	319	27.6	0.0
0	320	27.57	0.0
0	321	27.54	12.52
0	322	27.49	20.76
0	323	27.45	26.59
0	324	27.42	13.2
0	325	27.31	9.01
0	326	27.28	25.87
0	327	27.25	23.18
0	328	27.21	19.55
0	329	27.17	19.53
0	330	27.17	26.61
0	331	27.06	23.86
0	332	27.03	25.2
0	333	26.89	18.39
0	334	26.84	20.17
0	335	26.83	12.59
0	336	26.83	0.42
0	337	26.77	14.22
0	338	26.61	23.4
0	339	26.52	14.67
0	340	26.5	12.73
0	341	26.49	0.0
0	342	26.43	13.77
0	343	26.37	0.0
0	344	26.34	23.96
0	345	26.31	0.0
0	346	26.28	8.57
0	347	26.25	20.47
0	348	26.2	9.51
0	349	26.18	24.57
0	350	26.04	15.48
0	351	26.02	25.28
0	352	25.93	8.89
0	353	25.93	25.69
0	354	25.92	21.16
0	355	25.68	15.13
0	356	25.6	24.15
0	357	25.57	25.52
0	358	25.52	24.08
0	359	25.43	19.82
0	360	25.35	24.07
0	361	25.34	21.3
0	362	25.31	20.84
0	363	25.29	17.7
0	364	25.28	22.57
0	365	25.26	0.0
0	366	25.26	21.08
0	367	25.24	23.63
0	368	25.15	24.78
0	369	25.14	9.62
0	370	25.07	23.38
0	371	24.98	22.68
0	372	24.98	24.95
0	373	24.95	16.44
0	374	24.84	13.59
0	375	24.8	24.04
0	376	24.72	15.62
0	377	24.71	15.35
0	378	24.54	23.51
0	379	24.47	23.86
0	380	24.43	10.69
0	381	24.43	24.36
0	382	24.42	14.04
0	383	24.42	17.8
0	384	24.39	4.13
0	385	24.33	0.2
0	386	24.26	13.78
0	387	24.25	8.0
0	388	24.21	0.0
0	389	24.21	17.04
0	390	24.15	23.68
0	391	24.12	11.88
0	392	24.08	17.23
0	393	24.01	21.75
0	394	23.96	19.09
0	395	23.88	5.87
0	396	23.8	21.62
0	397	23.61	0.0
0	398	23.55	10.47
0	399	23.54	9.19
0	400	23.52	4.83
0	401	23.38	23.17
0	402	23.37	6.93
0	403	23.32	21.38
0	404	23.24	20.79
0	405	23.17	14.42
0	406	23.16	0.78
0	407	23.14	19.34
0	408	22.98	20.43
0	409	22.98	4.93
0	410	22.93	12.46
0	411	22.92	20.58
0	412	22.85	10.89
0	413	22.84	18.02
0	414	22.79	21.08
0	415	22.78	20.9
0	416	22.78	20.58
0	417	22.72	13.31
0	418	22.61	4.87
0	419	22.49	10.95
0	420	22.42	19.72
0	421	22.41	6.03
0	422	22.37	21.42
0	423	22.25	10.74
0	424	22.23	21.27
0	425	22.22	15.06
0	426	22.15	19.68
0	427	22.09	14.63
0	428	22.02	14.1
0	429	22.0	7.84
0	430	21.95	18.09
0	431	21.94	18.38
0	432	21.93	13.99
0	433	21.88	13.89
0	434	21.83	0.0
0	435	21.8	13.37
0	436	21.69	1.33
0	437	21.63	19.93
0	438	21.56	1.36
0	439	21.49	11.01
0	440	21.48	19.37
0	441	21.45	9.3
0	442	21.42	14.35
0	443	21.38	5.98
0	444	21.36	20.28
0	445	21.35	7.75
0	446	21.35	6.68
0	447	21.34	0.0
0	448	21.3	20.31
0	449	21.28	13.38
0	450	21.25	5.68
0	451	21.2	0.0
0	452	21.18	8.51
0	453	21.16	12.07
0	454	21.13	6.94
0	455	21.12	14.98
0	456	21.0	18.72
0	457	20.65	19.47
0	458	20.64	17.13
0	459	20.61	15.08
0	460	20.61	1.38
0	461	20.6	9.42
0	462	20.59	20.38
0	463	20.56	19.36
0	464	20.55	4.88
0	465	20.54	7.29
0	466	20.51	14.49
0	467	20.41	8.42
0	468	20.4	11.56
0	469	20.33	10.75
0	470	20.3	0.0
0	471	20.29	17.81
0	472	20.28	11.75
0	473	20.22	0.0
0	474	20.15	14.01
0	475	20.13	3.44
0	476	20.04	14.63
0	477	19.99	16.62
0	478	19.94	10.07
0	479	19.81	0.0
0	480	19.8	14.27
0	481	19.77	19.11
0	482	19.76	14.59
0	483	19.76	19.11
0	484	19.76	19.44
0	485	19.75	15.56
0	486	19.72	15.67
0	487	19.7	16.34
0	488	19.69	1.36
0	489	19.67	0.0
0	490	19.6	10.09
0	491	19.59	18.45
0	492	19.57	0.0
0	493	19.57	14.99
0	494	19.53	15.34
0	495	19.52	0.0
0	496	19.46	0.0
0	497	19.41	17.25
0	498	19.39	18.17
0	499	19.36	16.23
0	500	19.35	17.62
0	501	19.34	0.52
0	502	19.32	3.89
0	503	19.32	0.0
0	504	19.27	7.88
0	505	19.26	14.51
0	506	19.23	6.1
0	507	19.14	0.82
0	508	19.13	6.3
0	509	19.09	9.34
0	510	19.05	17.07
0	511	19.03	5.01
0	512	18.99	4.01
0	513	18.97	16.02
0	514	18.92	6.9
0	515	18.87	15.02
0	516	18.85	8.55
0	517	18.82	15.13
0	518	18.81	16.23
0	519	18.8	2.73
0	520	18.72	15.59
0	521	18.66	18.62
0	522	18.66	10.63
0	523	18.59	15.85
0	524	18.57	6.46
0	525	18.56	2.84
0	526	18.51	15.23
0	527	18.51	3.93
0	528	18.51	13.98
0	529	18.49	7.4
0	530	18.46	15.41
0	531	18.42	13.8
0	532	18.42	7.98
0	533	18.4	12.55
0	534	18.4	11.51
0	535	18.39	0.0
0	536	18.37	9.6
0	537	18.31	0.02
0	538	18.28	3.59
0	539	18.25	16.27
0	540	18.22	14.95
0	541	18.14	15.34
0	542	18.12	14.52
0	543	18.08	16.68
0	544	18.04	0.0
0	545	18.02	17.56
0	546	17.97	7.62
0	547	17.92	0.0
0	548	17.89	14.23
0	549	17.88	11.7
0	550	17.87	10.71
0	551	17.86	15.65
0	552	17.86	4.49
0	553	17.84	0.0
0	554	17.82	3.21
0	555	17.78	14.18
0	556	17.74	14.87
0	557	17.74	0.0
0	558	17.71	13.28
0	559	17.7	0.0
0	560	17.64	6.42
0	561	17.63	15.46
0	562	17.6	14.57
0	563	17.55	0.0
0	564	17.43	9.48
0	565	17.34	14.67
0	566	17.25	0.0
0	567	17.23	0.0
0	568	17.18	16.71
0	569	17.04	15.31
0	570	17.03	0.0
0	571	16.97	15.28
0	572	16.94	15.9
0	573	16.89	0.0
0	574	16.88	6.4
0	575	16.86	1.57
0	576	16.82	3.69
0	577	16.82	0.0
0	578	16.76	3.08
0	579	16.74	12.68
0	580	16.71	0.0
0	581	16.62	0.0
0	582	16.62	5.9
0	583	16.58	12.53
0	584	16.55	3.92
0	585	16.53	13.85
0	586	16.53	16.5
0	587	16.53	0.0
0	588	16.52	4.24
0	589	16.51	14.99
0	590	16.48	10.54
0	591	16.46	10.53
0	592	16.36	15.81
0	593	16.32	9.75
0	594	16.31	0.0
0	595	16.27	12.5
0	596	16.23	2.24
0	597	16.19	7.56
0	598	16.19	13.16
0	599	16.19	8.07
0	600	16.18	3.39
0	601	16.16	9.89
0	602	16.1	0.0
0	603	16.1	4.55
0	604	16.09	0.0
0	605	16.04	14.65
0	606	16.01	7.14
0	607	16.01	10.23
0	608	15.96	14.24
0	609	15.93	7.77
0	610	15.91	10.58
0	611	15.9	9.46
0	612	15.89	14.16
0	613	15.88	14.35
0	614	15.86	11.52
0	615	15.86	8.63
0	616	15.84	6.21
0	617	15.83	0.0
0	618	15.82	8.65
0	619	15.78	0.4
0	620	15.73	5.71
0	621	15.7	3.55
0	622	15.62	13.31
0	623	15.62	15.5
0	624	15.6	4.43
0	625	15.59	14.81
0	626	15.59	11.18
0	627	15.57	0.0
0	628	15.54	0.0
0	629	15.54	5.1
0	630	15.53	5.45
0	631	15.48	15.09
0	632	15.46	10.9
0	633	15.45	3.64
0	634	15.43	7.97
0	635	15.41	8.81
0	636	15.38	13.58
0	637	15.37	5.57
0	638	15.34	7.61
0	639	15.33	14.28
0	640	15.26	12.87
0	641	15.24	9.19
0	642	15.21	14.46
0	643	15.17	0.0
0	644	15.16	14.01
0	645	15.14	0.0
0	646	15.13	6.3
0	647	15.1	4.84
0	648	15.08	11.6
0	649	15.0	11.24
0	650	15.0	9.44
0	651	14.95	11.77
0	652	14.87	11.87
0	653	14.83	0.0
0	654	14.82	14.52
0	655	14.8	2.61
0	656	14.8	12.14
0	657	14.79	0.0
0	658	14.76	12.21
0	659	14.73	8.97
0	660	14.6	4.07
0	661	14.59	14.06
0	662	14.55	7.14
0	663	14.48	3.18
0	664	14.46	2.97
0	665	14.44	10.55
0	666	14.44	6.85
0	667	14.4	0.64
0	668	14.39	14.24
0	669	14.35	9.15
0	670	14.31	13.18
0	671	14.3	12.41
0	672	14.28	8.44
0	673	14.28	9.52
0	674	14.25	7.63
0	675	14.14	4.13
0	676	14.12	6.49
0	677	14.12	14.09
0	678	14.12	0.82
0	679	14.11	7.33
0	680	14.07	0.0
0	681	14.06	0.0
0	682	14.06	12.93
0	683	14.06	0.0
0	684	14.01	2.32
0	685	14.0	13.11
0	686	13.98	0.0
0	687	13.97	8.98
0	688	13.96	5.87
0	689	13.95	13.58
0	690	13.9	11.06
0	691	13.87	0.0
0	692	13.84	11.12
0	693	13.83	6.95
0	694	13.83	1.72
0	695	13.8	0.0
0	696	13.78	9.73
0	697	13.78	12.89
0	698	13.77	7.15
0	699	13.73	13.02
0	700	13.71	13.34
0	701	13.71	6.58
0	702	13.7	0.67
0	703	13.68	0.0
0	704	13.67	0.0
0	705	13.67	8.83
0	706	13.66	6.41
0	707	13.62	5.03
0	708	13.6	11.48
0	709	13.6	6.94
0	710	13.6	7.67
0	711	13.58	13.35
0	712	13.57	7.31
0	713	13.55	11.89
0	714	13.52	0.0
0	715	13.51	0.0
0	716	13.48	11.69
0	717	13.48	11.12
0	718	13.43	9.03
0	719	13.43	9.6
0	720	13.4	10.31
0	721	13.39	0.0
0	722	13.34	8.81
0	723	13.31	9.14
0	724	13.3	1.48
0	725	13.29	12.72
0	726	13.24	3.15
0	727	13.22	10.27
0	728	13.18	7.02
0	729	13.16	12.26
0	730	13.15	7.9
0	731	13.14	0.0
0	732	13.12	0.0
0	733	13.1	12.33
0	734	13.06	0.0
0	735	13.05	9.44
0	736	13.03	10.95
0	737	13.03	4.38
0	738	13.01	8.88
0	739	12.98	9.81
0	740	12.97	0.0
0	741	12.94	1.98
0	742	12.93	5.83
0	743	12.92	11.91
0	744	12.91	0.0
0	745	12.89	11.68
0	746	12.88	7.18
0	747	12.87	0.0
0	748	12.87	3.77
0	749	12.87	4.31
0	750	12.86	0.0
0	751	12.81	0.0
0	752	12.8	6.99
0	753	12.79	8.38
0	754	12.71	8.57
0	755	12.71	2.06
0	756	12.67	7.51
0	757	12.66	4.73
0	758	12.66	0.81
0	759	12.64	11.89
0	760	12.62	2.76
0	761	12.58	0.36
0	762	12.57	0.0
0	763	12.52	11.54
0	764	12.51	0.0
0	765	12.49	11.14
0	766	12.48	4.6
0	767	12.47	0.0
0	768	12.46	0.0
0	769	12.44	3.7
0	770	12.4	0.0
0	771	12.36	1.1
0	772	12.31	5.79
0	773	12.29	11.6
0	774	12.28	4.79
0	775	12.27	6.74
0	776	12.23	12.13
0	777	12.22	0.0
0	778	12.19	11.98
0	779	12.16	10.84
0	780	12.15	3.41
0	781	12.15	11.14
0	782	12.14	11.86
0	783	12.11	1.5
0	784	12.07	6.69
0	785	12.06	0.0
0	786	12.05	7.84
0	787	12.01	0.89
0	788	11.97	0.0
0	789	11.92	9.24
0	790	11.9	11.87
0	791	11.85	0.0
0	792	11.85	1.1
0	793	11.84	8.66
0	794	11.81	4.95
0	795	11.8	1.64
0	796	11.78	9.83
0	797	11.76	11.19
0	798	11.75	8.49
0	799	11.75	10.86
0	800	11.7	7.39
0	801	11.69	6.75
0	802	11.69	0.0
0	803	11.68	10.29
0	804	11.68	2.15
0	805	11.68	6.21
0	806	11.66	9.74
0	807	11.62	0.0
0	808	11.6	7.83
0	809	11.58	10.0
0	810	11.57	2.09
0	811	11.57	10.74
0	812	11.53	0.0
0	813	11.52	8.65
0	814	11.51	10.27
0	815	11.5	6.74
0	816	11.48	0.0
0	817	11.45	0.02
0	818	11.44	1.55
0	819	11.43	4.66
0	820	11.42	4.42
0	821	11.42	6.63
0	822	11.4	0.71
0	823	11.38	7.83
0	824	11.36	2.41
0	825	11.36	5.68
0	826	11.36	7.96
0	827	11.33	0.0
0	828	11.31	0.95
0	829	11.31	0.0
0	830	11.29	0.0
0	831	11.28	6.01
0	832	11.28	11.03
0	833	11.28	0.0
0	834	11.25	6.81
0	835	11.23	8.09
0	836	11.23	6.48
0	837	11.21	0.0
0	838	11.18	0.0
0	839	11.18	9.94
0	840	11.18	9.86
0	841	11.17	0.0
0	842	11.16	9.58
0	843	11.12	0.0
0	844	11.12	5.49
0	845	11.12	0.0
0	846	11.1	0.0
0	847	11.09	0.0
0	848	11.08	0.0
0	849	11.07	3.38
0	850	11.05	8.09
0	851	11.05	9.01
0	852	11.05	0.0
0	853	11.04	0.0
0	854	11.04	0.0
0	855	11.01	7.62
0	856	11.0	0.0
0	857	10.97	0.0
0	858	10.96	6.17
0	859	10.96	1.01
0	860	10.94	3.77
0	861	10.92	5.24
0	862	10.89	3.99
0	863	10.83	9.93
0	864	10.82	4.75
0	865	10.8	6.44
0	866	10.67	7.28
0	867	10.55	9.11
0	868	10.55	0.0
0	869	10.55	6.47
0	870	10.51	0.0
0	871	10.5	0.0
0	872	10.48	5.2
0	873	10.47	0.0
0	874	10.46	1.84
0	875	10.45	7.91
0	876	10.44	4.03
0	877	10.43	8.6
0	878	10.42	4.26
0	879	10.41	0.0
0	880	10.38	0.0
0	881	10.29	6.07
0	882	10.29	0.0
0	883	10.27	5.54
0	884	10.24	7.84
0	885	10.24	0.0
0	886	10.23	0.0
0	887	10.22	0.0
0	888	10.21	8.11
0	889	10.19	0.0
0	890	10.19	0.0
0	891	10.18	0.0
0	892	10.17	0.0
0	893	10.16	9.79
0	894	10.16	0.0
0	895	10.15	5.41
0	896	10.14	3.41
0	897	10.14	6.43
0	898	10.14	8.08
0	899	10.12	0.0
0	900	10.12	8.84
0	901	10.06	0.0
0	902	10.06	4.84
0	903	10.05	0.0
0	904	10.05	0.0
0	905	10.02	8.86
0	906	9.98	3.98
0	907	9.95	8.39
0	908	9.93	0.0
0	909	9.91	9.69
0	910	9.88	0.0
0	911	9.88	9.33
0	912	9.87	5.67
0	913	9.87	4.84
0	914	9.86	0.0
0	915	9.84	6.33
0	916	9.8	0.0
0	917	9.79	8.82
0	918	9.76	5.11
0	919	9.75	8.35
0	920	9.74	2.47
0	921	9.7	2.63
0	922	9.7	7.97
0	923	9.62	0.0
0	924	9.62	0.13
0	925	9.57	8.0
0	926	9.57	0.0
0	927	9.56	0.0
0	928	9.55	6.89
0	929	9.53	0.0
0	930	9.52	8.46
0	931	9.5	5.94
0	932	9.49	8.52
0	933	9.48	5.41
0	934	9.48	1.41
0	935	9.45	3.42
0	936	9.43	7.71
0	937	9.41	4.21
0	938	9.36	0.0
0	939	9.34	8.29
0	940	9.34	2.85
0	941	9.34	7.45
0	942	9.3	7.17
0	943	9.29	0.0
0	944	9.29	6.29
0	945	9.27	7.26
0	946	9.24	5.71
0	947	9.24	7.28
0	948	9.21	8.52
0	949	9.21	8.9
0	950	9.2	0.0
0	951	9.19	5.36
0	952	9.19	9.15
0	953	9.18	2.52
0	954	9.14	3.19
0	955	9.14	4.42
0	956	9.14	0.0
0	957	9.13	3.38
0	958	9.06	6.68
0	959	9.05	0.55
0	960	9.03	5.72
0	961	9.03	0.0
0	962	9.02	0.0
0	963	8.99	6.93
0	964	8.98	0.88
0	965	8.97	7.87
0	966	8.97	5.63
0	967	8.97	0.0
0	968	8.96	0.0
0	969	8.96	0.0
0	970	8.95	0.0
0	971	8.91	0.38
0	972	8.9	0.0
0	973	8.87	3.11
0	974	8.86	8.18
0	975	8.84	0.0
0	976	8.83	1.63
0	977	8.81	0.0
0	978	8.8	3.23
0	979	8.78	5.69
0	980	8.77	0.0
0	981	8.74	0.0
0	982	8.71	0.3
0	983	8.71	1.7
0	984	8.7	7.69
0	985	8.69	7.98
0	986	8.69	0.0
0	987	8.68	0.0
0	988	8.68	1.39
0	989	8.67	0.0
0	990	8.67	0.0
0	991	8.64	5.59
0	992	8.62	7.17
0	993	8.6	8.1
0	994	8.6	4.78
0	995	8.59	0.0
0	996	8.58	5.31
0	997	8.57	0.0
0	998	8.54	4.42
0	999	8.54	2.3
0	1000	8.53	7.26
0	1001	8.52	0.0
0	1002	8.52	0.0
0	1003	8.5	0.0
0	1004	8.5	3.32
0	1005	8.49	0.0
0	1006	8.48	0.0
0	1007	8.47	1.17
0	1008	8.45	6.86
0	1009	8.44	0.0
0	1010	8.43	0.0
0	1011	8.41	7.66
0	1012	8.39	1.39
0	1013	8.37	5.69
0	1014	8.36	4.11
0	1015	8.35	7.26
0	1016	8.33	4.89
0	1017	8.33	4.45
0	1018	8.32	6.67
0	1019	8.32	0.0
0	1020	8.31	0.0
0	1021	8.31	0.0
0	1022	8.31	0.0
0	1023	8.3	6.85
0	1024	8.29	6.86
0	1025	8.27	4.04
0	1026	8.26	0.9
0	1027	8.25	0.0
0	1028	8.24	1.77
0	1029	8.23	0.0
0	1030	8.22	0.0
0	1031	8.2	2.12
0	1032	8.2	4.91
0	1033	8.19	0.0
0	1034	8.16	0.0
0	1035	8.15	5.08
0	1036	8.15	1.54
0	1037	8.12	0.0
0	1038	8.12	0.0
0	1039	8.1	2.55
0	1040	8.1	0.0
0	1041	8.09	6.47
0	1042	8.09	0.0
0	1043	8.07	0.0
0	1044	8.06	0.0
0	1045	8.05	0.0
0	1046	8.03	0.0
0	1047	7.98	0.0
0	1048	7.97	5.71
0	1049	7.95	0.0
0	1050	7.94	3.44
0	1051	7.94	4.01
0	1052	7.91	0.0
0	1053	7.89	3.96
0	1054	7.89	0.0
0	1055	7.86	7.16
0	1056	7.85	5.53
0	1057	7.8	1.51
0	1058	7.78	1.12
0	1059	7.77	0.86
0	1060	7.76	2.92
0	1061	7.76	5.89
0	1062	7.72	0.0
0	1063	7.72	3.97
0	1064	7.71	0.0
0	1065	7.71	6.07
0	1066	7.71	6.56
0	1067	7.69	3.56
0	1068	7.67	4.61
0	1069	7.67	0.0
0	1070	7.62	0.0
0	1071	7.61	0.0
0	1072	7.59	4.07
0	1073	7.56	2.39
0	1074	7.53	6.25
0	1075	7.52	0.0
0	1076	7.5	4.18
0	1077	7.49	0.0
0	1078	7.49	0.97
0	1079	7.46	0.0
0	1080	7.46	5.21
0	1081	7.46	2.1
0	1082	7.46	0.0
0	1083	7.45	0.87
0	1084	7.45	1.71
0	1085	7.43	0.0
0	1086	7.43	2.96
0	1087	7.43	0.0
0	1088	7.43	0.0
0	1089	7.41	1.73
0	1090	7.39	0.0
0	1091	7.38	0.0
0	1092	7.38	0.82
0	1093	7.35	4.27
0	1094	7.33	2.14
0	1095	7.33	0.57
0	1096	7.33	0.0
0	1097	7.32	0.96
0	1098	7.31	0.14
0	1099	7.28	2.39
0	1100	7.28	0.0
0	1101	7.28	0.0
0	1102	7.24	0.0
0	1103	7.22	6.69
0	1104	7.2	4.78
0	1105	7.18	6.65
0	1106	7.18	0.0
0	1107	7.15	0.0
0	1108	7.14	5.33
0	1109	7.13	4.21
0	1110	7.13	0.0
0	1111	7.09	2.23
0	1112	7.07	0.0
0	1113	7.07	2.05
0	1114	7.06	0.27
0	1115	7.06	0.0
0	1116	7.05	0.0
0	1117	7.04	0.0
0	1118	7.04	5.53
0	1119	7.0	0.0
0	1120	6.97	2.62
0	1121	6.96	2.84
0	1122	6.94	5.62
0	1123	6.94	2.9
0	1124	6.91	6.41
0	1125	6.91	0.0
0	1126	6.9	3.94
0	1127	6.89	0.0
0	1128	6.86	0.0
0	1129	6.82	4.37
0	1130	6.82	4.19
0	1131	6.81	0.0
0	1132	6.8	0.0
0	1133	6.79	0.0
0	1134	6.78	5.9
0	1135	6.78	3.95
0	1136	6.78	2.69
0	1137	6.77	6.52
0	1138	6.76	5.14
0	1139	6.76	0.0
0	1140	6.75	3.84
0	1141	6.73	3.11
0	1142	6.73	0.0
0	1143	6.73	0.0
0	1144	6.69	6.29
0	1145	6.68	0.0
0	1146	6.64	3.08
0	1147	6.63	0.0
0	1148	6.61	0.0
0	1149	6.58	5.86
0	1150	6.57	3.14
0	1151	6.56	5.78
0	1152	6.55	2.94
0	1153	6.54	0.0
0	1154	6.54	6.41
0	1155	6.52	0.0
0	1156	6.51	3.49
0	1157	6.51	6.12
0	1158	6.49	1.65
0	1159	6.48	0.0
0	1160	6.48	0.0
0	1161	6.41	2.76
0	1162	6.4	4.67
0	1163	6.4	3.67
0	1164	6.38	0.0
0	1165	6.34	0.0
0	1166	6.29	4.32
0	1167	6.27	0.0
0	1168	6.25	4.85
0	1169	6.24	0.0
0	1170	6.24	5.35
0	1171	6.23	4.95
0	1172	6.21	0.0
0	1173	6.2	0.0
0	1174	6.19	0.0
0	1175	6.18	0.0
0	1176	6.16	3.64
0	1177	6.16	3.54
0	1178	6.15	4.39
0	1179	6.14	0.0
0	1180	6.12	5.65
0	1181	6.11	0.0
0	1182	6.1	0.0
0	1183	6.08	0.0
0	1184	6.07	4.5
0	1185	6.07	0.0
0	1186	6.06	0.0
0	1187	6.06	0.0
0	1188	6.02	0.0
0	1189	6.02	1.46
0	1190	6.0	0.0
0	1191	5.99	0.0
0	1192	5.97	5.34
0	1193	5.96	2.77
0	1194	5.96	4.7
0	1195	5.94	3.88
0	1196	5.93	0.0
0	1197	5.91	0.81
0	1198	5.91	3.76
0	1199	5.91	1.09
0	1200	5.9	3.27
0	1201	5.88	4.97
0	1202	5.87	0.0
0	1203	5.86	0.0
0	1204	5.85	0.0
0	1205	5.84	0.0
0	1206	5.83	3.5
0	1207	5.83	3.9
0	1208	5.82	4.92
0	1209	5.81	0.0
0	1210	5.81	5.72
0	1211	5.79	2.18
0	1212	5.79	0.0
0	1213	5.78	0.0
0	1214	5.77	0.0
0	1215	5.77	5.57
0	1216	5.77	0.0
0	1217	5.75	5.32
0	1218	5.74	4.67
0	1219	5.73	2.07
0	1220	5.73	0.0
0	1221	5.7	0.0
0	1222	5.7	2.56
0	1223	5.7	0.0
0	1224	5.68	0.0
0	1225	5.68	0.0
0	1226	5.67	0.0
0	1227	5.66	0.0
0	1228	5.64	4.83
0	1229	5.59	0.0
0	1230	5.58	0.0
0	1231	5.58	4.52
0	1232	5.52	0.0
0	1233	5.49	0.0
0	1234	5.47	4.26
0	1235	5.46	0.0
0	1236	5.45	0.0
0	1237	5.43	0.0
0	1238	5.43	0.0
0	1239	5.42	0.0
0	1240	5.41	1.04
0	1241	5.41	0.0
0	1242	5.41	5.3
0	1243	5.4	0.0
0	1244	5.39	0.0
0	1245	5.37	3.12
0	1246	5.37	2.39
0	1247	5.35	0.0
0	1248	5.35	0.0
0	1249	5.34	0.0
0	1250	5.33	0.0
0	1251	5.3	0.0
0	1252	5.29	0.0
0	1253	5.28	0.42
0	1254	5.27	2.67
0	1255	5.27	0.0
0	1256	5.25	0.0
0	1257	5.25	0.0
0	1258	5.24	0.0
0	1259	5.21	0.38
0	1260	5.21	5.13
0	1261	5.2	2.72
0	1262	5.2	3.66
0	1263	5.2	3.92
0	1264	5.19	1.43
0	1265	5.18	1.16
0	1266	5.17	3.14
0	1267	5.17	2.0
0	1268	5.16	4.35
0	1269	5.13	2.61
0	1270	5.11	3.45
0	1271	5.11	3.88
0	1272	5.09	0.0
0	1273	5.09	0.0
0	1274	5.07	0.0
0	1275	5.06	0.0
0	1276	5.02	0.74
0	1277	5.0	0.0
0	1278	4.99	0.0
0	1279	4.98	0.0
0	1280	4.98	0.0
0	1281	4.95	0.0
0	1282	4.93	4.78
0	1283	4.93	0.0
0	1284	4.91	0.0
0	1285	4.89	0.4
0	1286	4.88	0.51
0	1287	4.87	0.0
0	1288	4.86	0.0
0	1289	4.86	0.0
0	1290	4.83	0.0
0	1291	4.83	3.06
0	1292	4.83	0.0
0	1293	4.82	0.0
0	1294	4.81	0.0
0	1295	4.78	0.0
0	1296	4.78	4.69
0	1297	4.76	0.0
0	1298	4.76	0.0
0	1299	4.75	4.49
0	1300	4.74	0.33
0	1301	4.73	0.0
0	1302	4.7	1.8
0	1303	4.7	4.08
0	1304	4.68	0.0
0	1305	4.68	0.0
0	1306	4.68	4.42
0	1307	4.63	0.0
0	1308	4.62	0.0
0	1309	4.62	0.0
0	1310	4.62	0.0
0	1311	4.62	4.43
0	1312	4.62	0.0
0	1313	4.61	0.0
0	1314	4.61	0.0
0	1315	4.58	0.0
0	1316	4.58	0.0
0	1317	4.56	0.0
0	1318	4.55	3.97
0	1319	4.54	0.0
0	1320	4.54	0.0
0	1321	4.5	0.0
0	1322	4.48	0.0
0	1323	4.48	1.81
0	1324	4.46	0.0
0	1325	4.44	3.48
0	1326	4.43	0.0
0	1327	4.42	0.68
0	1328	4.41	0.01
0	1329	4.41	0.0
0	1330	4.39	0.0
0	1331	4.38	1.52
0	1332	4.37	0.0
0	1333	4.37	0.0
0	1334	4.36	0.0
0	1335	4.35	0.0
0	1336	4.35	0.85
0	1337	4.34	0.0
0	1338	4.33	2.88
0	1339	4.31	0.0
0	1340	4.3	0.0
0	1341	4.3	0.0
0	1342	4.29	4.22
0	1343	4.28	3.27
0	1344	4.27	0.95
0	1345	4.26	2.57
0	1346	4.24	0.0
0	1347	4.24	0.0
0	1348	4.24	1.69
0	1349	4.24	0.0
0	1350	4.23	2.95
0	1351	4.23	0.0
0	1352	4.23	4.22
0	1353	4.22	0.11
0	1354	4.21	1.82
0	1355	4.17	0.0
0	1356	4.16	0.0
0	1357	4.16	0.0
0	1358	4.16	0.0
0	1359	4.15	0.0
0	1360	4.12	0.0
0	1361	4.12	0.0
0	1362	4.05	0.0
0	1363	4.04	0.0
0	1364	4.04	0.0
0	1365	4.03	0.0
0	1366	4.02	0.0
0	1367	4.0	2.35
0	1368	3.99	0.0
0	1369	3.96	0.0
0	1370	3.96	0.0
0	1371	3.93	2.54
0	1372	3.92	0.0
0	1373	3.91	0.0
0	1374	3.87	0.0
0	1375	3.86	0.0
0	1376	3.85	2.64
0	1377	3.82	0.0
0	1378	3.82	2.27
0	1379	3.81	0.95
0	1380	3.8	0.0
0	1381	3.78	0.0
0	1382	3.77	0.0
0	1383	3.76	0.0
0	1384	3.75	0.0
0	1385	3.74	0.0
0	1386	3.74	0.0
0	1387	3.74	0.0
0	1388	3.7	2.57
0	1389	3.68	0.0
0	1390	3.65	0.0
0	1391	3.63	0.0
0	1392	3.63	2.62
0	1393	3.63	0.0
0	1394	3.62	0.0
0	1395	3.62	0.0
0	1396	3.62	0.84
0	1397	3.6	0.0
0	1398	3.55	0.0
0	1399	3.54	0.0
0	1400	3.54	2.8
0	1401	3.52	0.0
0	1402	3.51	1.77
0	1403	3.5	2.6
0	1404	3.44	2.71
0	1405	3.44	1.07
0	1406	3.43	0.0
0	1407	3.43	0.0
0	1408	3.43	0.0
0	1409	3.43	2.85
0	1410	3.41	0.0
0	1411	3.4	0.0
0	1412	3.36	0.0
0	1413	3.34	0.0
0	1414	3.34	0.0
0	1415	3.32	1.82
0	1416	3.31	0.0
0	1417	3.31	0.0
0	1418	3.3	0.0
0	1419	3.3	2.59
0	1420	3.29	0.0
0	1421	3.28	0.0
0	1422	3.26	0.0
0	1423	3.23	1.28
0	1424	3.22	0.0
0	1425	3.19	0.0
0	1426	3.18	1.35
0	1427	3.18	0.0
0	1428	3.16	2.69
0	1429	3.16	0.0
0	1430	3.15	0.0
0	1431	3.15	0.0
0	1432	3.15	0.0
0	1433	3.14	0.0
0	1434	3.13	0.0
0	1435	3.11	0.0
0	1436	3.07	0.0
0	1437	3.07	0.0
0	1438	3.05	0.44
0	1439	3.05	0.0
0	1440	3.03	0.83
0	1441	3.01	0.0
0	1442	3.0	2.74
0	1443	3.0	0.0
0	1444	2.99	0.0
0	1445	2.98	0.0
0	1446	2.97	0.0
0	1447	2.96	0.0
0	1448	2.95	0.0
0	1449	2.94	0.0
0	1450	2.94	0.0
0	1451	2.94	1.19
0	1452	2.88	0.0
0	1453	2.88	1.06
0	1454	2.87	0.0
0	1455	2.86	0.0
0	1456	2.86	0.0
0	1457	2.83	0.0
0	1458	2.83	0.46
0	1459	2.82	0.84
0	1460	2.79	1.84
0	1461	2.79	0.0
0	1462	2.78	0.0
0	1463	2.78	0.0
0	1464	2.76	0.0
0	1465	2.75	0.0
0	1466	2.73	0.13
0	1467	2.73	0.0
0	1468	2.72	0.0
0	1469	2.71	0.0
0	1470	2.7	0.0
0	1471	2.69	0.0
0	1472	2.68	0.47
0	1473	2.67	0.0
0	1474	2.67	0.0
0	1475	2.66	0.0
0	1476	2.65	0.0
0	1477	2.64	0.0
0	1478	2.58	2.51
0	1479	2.55	1.14
0	1480	2.54	0.0
0	1481	2.54	0.0
0	1482	2.53	0.0
0	1483	2.53	0.0
0	1484	2.49	0.0
0	1485	2.46	0.0
0	1486	2.46	0.0
0	1487	2.45	0.0
0	1488	2.45	0.0
0	1489	2.44	0.0
0	1490	2.43	0.0
0	1491	2.43	0.37
0	1492	2.41	0.48
0	1493	2.4	0.0
0	1494	2.39	0.0
0	1495	2.35	0.0
0	1496	2.34	0.0
0	1497	2.34	0.0
0	1498	2.34	0.0
0	1499	2.33	0.0
0	1500	2.33	0.0
0	1501	2.33	0.0
0	1502	2.33	0.0
0	1503	2.31	0.0
0	1504	2.31	0.0
0	1505	2.31	0.0
0	1506	2.3	2.12
0	1507	2.27	0.0
0	1508	2.26	0.0
0	1509	2.25	1.84
0	1510	2.24	0.0
0	1511	2.23	0.0
0	1512	2.21	0.0
0	1513	2.21	0.0
0	1514	2.2	0.0
0	1515	2.19	0.0
0	1516	2.18	0.0
0	1517	2.18	0.0
0	1518	2.18	0.0
0	1519	2.18	0.0
0	1520	2.17	1.6
0	1521	2.16	2.15
0	1522	2.15	0.0
0	1523	2.14	0.0
0	1524	2.13	0.0
0	1525	2.13	0.27
0	1526	2.13	0.0
0	1527	2.12	0.0
0	1528	2.12	0.0
0	1529	2.09	0.0
0	1530	2.08	0.0
0	1531	2.06	0.0
0	1532	2.05	0.0
0	1533	2.03	0.0
0	1534	2.03	0.0
0	1535	2.02	0.0
0	1536	2.01	0.0
0	1537	2.01	0.33
0	1538	2.01	0.29
0	1539	2.0	0.0
0	1540	2.0	0.0
0	1541	1.99	0.92
0	1542	1.99	0.0
0	1543	1.98	0.0
0	1544	1.98	0.0
0	1545	1.97	0.0
0	1546	1.94	0.0
0	1547	1.93	0.0
0	1548	1.91	0.0
0	1549	1.9	0.1
0	1550	1.9	0.45
0	1551	1.89	0.0
0	1552	1.89	0.0
0	1553	1.88	0.0
0	1554	1.87	1.5
0	1555	1.85	0.0
0	1556	1.85	0.0
0	1557	1.84	0.0
0	1558	1.83	0.0
0	1559	1.82	0.27
0	1560	1.82	0.0
0	1561	1.82	0.0
0	1562	1.8	0.0
0	1563	1.8	0.0
0	1564	1.79	0.0
0	1565	1.78	0.0
0	1566	1.78	0.0
0	1567	1.75	0.0
0	1568	1.74	0.0
0	1569	1.73	0.0
0	1570	1.71	0.0
0	1571	1.7	1.55
0	1572	1.69	0.0
0	1573	1.68	1.45
0	1574	1.67	0.0
0	1575	1.67	0.0
0	1576	1.66	0.0
0	1577	1.66	0.0
0	1578	1.65	0.0
0	1579	1.64	0.0
0	1580	1.61	0.63
0	1581	1.61	0.0
0	1582	1.6	0.0
0	1583	1.58	0.0
0	1584	1.58	0.0
0	1585	1.57	0.0
0	1586	1.57	0.0
0	1587	1.57	0.0
0	1588	1.57	0.0
0	1589	1.56	0.0
0	1590	1.51	0.0
0	1591	1.48	0.0
0	1592	1.48	0.0
0	1593	1.46	0.0
0	1594	1.45	0.38
0	1595	1.44	0.0
0	1596	1.43	0.92
0	1597	1.41	0.3
0	1598	1.4	0.0
0	1599	1.39	0.0
0	1600	1.39	0.0
0	1601	1.38	0.0
0	1602	1.38	0.0
0	1603	1.37	0.0
0	1604	1.37	0.0
0	1605	1.36	0.0
0	1606	1.36	0.0
0	1607	1.35	0.99
0	1608	1.34	0.0
0	1609	1.33	0.0
0	1610	1.33	0.0
0	1611	1.31	0.0
0	1612	1.3	0.0
0	1613	1.29	1.25
0	1614	1.29	0.0
0	1615	1.28	0.0
0	1616	1.28	1.18
0	1617	1.27	0.0
0	1618	1.24	0.0
0	1619	1.23	0.0
0	1620	1.21	0.0
0	1621	1.21	0.0
0	1622	1.2	0.0
0	1623	1.19	0.0
0	1624	1.18	0.0
0	1625	1.17	0.0
0	1626	1.14	0.0
0	1627	1.12	0.0
0	1628	1.11	0.0
0	1629	1.11	0.0
0	1630	1.1	0.0
0	1631	1.1	0.0
0	1632	1.08	0.0
0	1633	1.06	0.0
0	1634	1.05	0.0
0	1635	1.04	0.0
0	1636	1.04	0.0
0	1637	1.04	0.0
0	1638	1.02	0.0
0	1639	1.01	0.0
0	1640	1.01	0.0
0	1641	0.99	0.0
0	1642	0.99	0.0
0	1643	0.99	0.0
0	1644	0.98	0.32
0	1645	0.97	0.0
0	1646	0.96	0.0
0	1647	0.96	0.0
0	1648	0.95	0.0
0	1649	0.94	0.0
0	1650	0.94	0.0
0	1651	0.94	0.0
0	1652	0.92	0.0
0	1653	0.92	0.0
0	1654	0.91	0.0
0	1655	0.89	0.0
0	1656	0.88	0.0
0	1657	0.86	0.0
0	1658	0.84	0.0
0	1659	0.79	0.0
0	1660	0.79	0.0
0	1661	0.77	0.0
0	1662	0.77	0.0
0	1663	0.75	0.0
0	1664	0.74	0.0
0	1665	0.73	0.0
0	1666	0.73	0.0
0	1667	0.72	0.0
0	1668	0.72	0.0
0	1669	0.71	0.0
0	1670	0.7	0.0
0	1671	0.7	0.0
0	1672	0.69	0.0
0	1673	0.67	0.35
0	1674	0.66	0.25
0	1675	0.61	0.0
0	1676	0.6	0.0
0	1677	0.6	0.0
0	1678	0.59	0.0
0	1679	0.58	0.0
0	1680	0.58	0.0
0	1681	0.52	0.0
0	1682	0.51	0.0
0	1683	0.49	0.0
0	1684	0.46	0.0
0	1685	0.44	0.0
0	1686	0.44	0.0
0	1687	0.42	0.0
0	1688	0.42	0.0
0	1689	0.41	0.0
0	1690	0.41	0.0
0	1691	0.4	0.0
0	1692	0.4	0.0
0	1693	0.39	0.0
0	1694	0.39	0.0
0	1695	0.39	0.0
0	1696	0.38	0.0
0	1697	0.37	0.0
0	1698	0.37	0.0
0	1699	0.36	0.0
0	1700	0.34	0.0
0	1701	0.32	0.0
0	1702	0.29	0.0
0	1703	0.28	0.0
0	1704	0.28	0.0
0	1705	0.28	0.0
0	1706	0.27	0.0
0	1707	0.24	0.0
0	1708	0.24	0.0
0	1709	0.22	0.0
0	1710	0.22	0.0
0	1711	0.21	0.0
0	1712	0.21	0.0
0	1713	0.2	0.0
0	1714	0.2	0.0
0	1715	0.16	0.0
0	1716	0.16	0.0
0	1717	0.14	0.0
0	1718	0.11	0.0
0	1719	0.11	0.0
0	1720	0.11	0.0
0	1721	0.07	0.0
0	1722	0.07	0.0
0	1723	0.07	0.0
0	1724	0.05	0.0
0	1725	0.05	0.0
0	1726	0.05	0.0
0	1727	0.05	0.0
0	1728	0.02	0.0
