clade	species	ts	te
0	1	100.0	96.41
0	2	97.61	97.41
0	3	97.5	81.08
0	4	92.76	88.34
0	5	91.79	87.99
0	6	91.22	87.27
0	7	90.14	87.2
0	8	88.25	83.77
0	9	85.07	84.21
0	10	83.87	53.76
0	11	81.31	74.62
0	12	78.58	77.03
0	13	78.02	71.24
0	14	77.14	75.03
0	15	76.84	49.99
0	16	76.0	63.24
0	17	74.61	69.63
0	18	72.09	56.99
0	19	71.61	60.06
0	20	70.94	61.32
0	21	69.2	67.93
0	22	68.96	57.52
0	23	67.41	66.87
0	24	65.12	64.97
0	25	64.64	63.25
0	26	63.67	38.06
0	27	63.41	49.48
0	28	62.71	54.2
0	29	62.34	44.26
0	30	61.66	58.35
0	31	61.58	57.93
0	32	60.96	60.86
0	33	60.77	45.36
0	34	60.05	49.35
0	35	59.98	58.06
0	36	58.7	57.36
0	37	58.5	51.12
0	38	58.11	25.62
0	39	58.09	53.75
0	40	57.86	56.78
0	41	57.74	44.85
0	42	57.6	50.35
0	43	57.38	31.23
0	44	57.31	44.0
0	45	56.73	16.27
0	46	55.37	53.92
0	47	55.23	53.92
0	48	55.21	48.71
0	49	54.72	49.28
0	50	54.33	49.73
0	51	54.18	54.06
0	52	53.52	25.91
0	53	53.5	35.62
0	54	53.5	50.88
0	55	53.45	48.7
0	56	53.44	51.85
0	57	53.4	43.54
0	58	53.17	42.28
0	59	53.14	50.03
0	60	53.05	48.05
0	61	52.56	52.05
0	62	52.12	46.95
0	63	52.0	41.35
0	64	51.87	46.34
0	65	51.83	34.75
0	66	51.26	43.56
0	67	50.7	45.79
0	68	50.55	50.17
0	69	50.49	47.92
0	70	50.25	46.48
0	71	50.17	48.56
0	72	50.06	39.93
0	73	49.96	49.25
0	74	49.82	49.23
0	75	49.65	48.41
0	76	49.65	43.5
0	77	49.64	36.81
0	78	49.63	31.94
0	79	49.37	49.3
0	80	49.31	21.84
0	81	49.2	47.91
0	82	49.01	48.29
0	83	48.9	47.64
0	84	48.81	47.98
0	85	48.66	41.98
0	86	48.44	38.69
0	87	48.14	42.94
0	88	48.04	46.89
0	89	48.0	36.92
0	90	47.99	45.27
0	91	47.76	37.32
0	92	47.26	26.58
0	93	47.14	44.6
0	94	46.62	38.71
0	95	46.32	24.98
0	96	46.26	43.07
0	97	46.14	45.29
0	98	45.82	31.28
0	99	45.72	41.36
0	100	45.48	45.46
0	101	44.93	38.1
0	102	44.85	9.62
0	103	44.81	0.0
0	104	44.64	43.12
0	105	44.41	39.0
0	106	43.84	3.7
0	107	43.6	31.62
0	108	43.59	40.01
0	109	43.51	41.6
0	110	43.06	41.87
0	111	43.03	42.05
0	112	42.99	33.32
0	113	42.96	39.62
0	114	42.93	42.7
0	115	42.92	39.3
0	116	42.78	41.15
0	117	42.52	40.74
0	118	42.3	37.91
0	119	42.05	37.91
0	120	41.53	28.5
0	121	41.3	29.83
0	122	41.12	24.04
0	123	41.11	27.39
0	124	41.06	28.7
0	125	40.87	37.69
0	126	40.77	33.91
0	127	40.57	21.54
0	128	40.54	39.49
0	129	40.0	34.62
0	130	39.76	39.41
0	131	39.76	31.26
0	132	39.72	36.01
0	133	39.62	24.03
0	134	39.55	22.79
0	135	39.48	11.72
0	136	39.27	34.79
0	137	38.99	30.27
0	138	38.92	35.6
0	139	38.86	35.02
0	140	38.71	22.55
0	141	38.56	36.44
0	142	38.46	33.55
0	143	37.97	36.28
0	144	37.85	25.43
0	145	37.76	2.96
0	146	37.66	37.03
0	147	37.49	32.3
0	148	37.46	35.16
0	149	37.33	36.52
0	150	37.22	31.98
0	151	37.01	35.1
0	152	36.95	20.6
0	153	36.79	26.2
0	154	36.75	33.86
0	155	36.73	31.27
0	156	36.67	23.44
0	157	36.62	26.11
0	158	36.42	31.14
0	159	36.34	19.11
0	160	35.9	23.88
0	161	35.89	20.02
0	162	35.69	32.31
0	163	35.44	21.4
0	164	35.4	33.85
0	165	35.39	33.77
0	166	35.36	20.02
0	167	34.93	34.91
0	168	34.63	25.27
0	169	34.57	29.77
0	170	34.52	17.79
0	171	34.51	25.33
0	172	34.5	20.69
0	173	34.5	33.35
0	174	34.23	31.07
0	175	34.19	30.56
0	176	34.17	33.13
0	177	34.09	27.12
0	178	34.09	28.16
0	179	34.03	23.48
0	180	34.01	21.26
0	181	33.83	6.46
0	182	33.7	22.26
0	183	33.54	22.37
0	184	33.48	23.11
0	185	33.41	31.0
0	186	33.4	29.14
0	187	33.39	31.97
0	188	33.26	21.57
0	189	33.21	6.88
0	190	33.0	32.72
0	191	32.99	14.42
0	192	32.89	17.88
0	193	32.77	14.49
0	194	32.66	13.85
0	195	32.66	20.87
0	196	32.51	7.21
0	197	32.12	12.76
0	198	31.95	26.6
0	199	31.83	15.88
0	200	31.74	24.95
0	201	31.6	24.25
0	202	31.51	17.46
0	203	31.4	25.55
0	204	31.34	8.0
0	205	31.09	23.31
0	206	31.06	30.54
0	207	30.97	29.88
0	208	30.94	17.87
0	209	30.92	23.26
0	210	30.88	23.93
0	211	30.81	29.77
0	212	30.81	26.73
0	213	30.81	20.82
0	214	30.79	25.2
0	215	30.72	30.57
0	216	30.69	24.93
0	217	30.63	26.51
0	218	30.58	27.12
0	219	30.56	20.31
0	220	30.56	26.46
0	221	30.44	0.05
0	222	30.37	27.4
0	223	30.33	23.25
0	224	30.31	21.76
0	225	30.16	30.07
0	226	30.02	25.52
0	227	29.94	20.21
0	228	29.7	25.56
0	229	29.1	27.12
0	230	29.01	15.67
0	231	28.97	26.34
0	232	28.9	21.2
0	233	28.87	17.92
0	234	28.8	18.69
0	235	28.8	21.98
0	236	28.72	14.38
0	237	28.7	18.18
0	238	28.67	11.5
0	239	28.65	19.77
0	240	28.65	28.62
0	241	28.48	22.12
0	242	28.38	25.48
0	243	28.24	25.66
0	244	28.17	27.91
0	245	28.15	24.32
0	246	27.86	17.65
0	247	27.73	20.22
0	248	27.68	13.95
0	249	27.67	18.45
0	250	27.45	26.55
0	251	27.37	2.19
0	252	27.3	0.0
0	253	27.2	9.64
0	254	27.17	23.41
0	255	27.12	21.68
0	256	27.08	18.56
0	257	26.96	24.51
0	258	26.83	25.34
0	259	26.78	8.65
0	260	26.74	22.63
0	261	26.57	24.55
0	262	26.41	21.21
0	263	26.39	20.65
0	264	26.31	9.8
0	265	26.3	12.78
0	266	26.28	25.19
0	267	26.24	23.36
0	268	26.18	0.0
0	269	26.16	2.15
0	270	26.14	16.12
0	271	26.13	16.63
0	272	26.08	23.67
0	273	26.07	24.85
0	274	26.06	25.69
0	275	26.06	2.28
0	276	26.04	23.15
0	277	26.0	16.3
0	278	25.95	19.07
0	279	25.9	20.32
0	280	25.82	16.05
0	281	25.76	19.22
0	282	25.71	18.65
0	283	25.68	0.0
0	284	25.65	18.52
0	285	25.62	1.75
0	286	25.45	4.98
0	287	25.43	0.0
0	288	25.4	18.16
0	289	25.38	16.01
0	290	25.35	18.17
0	291	25.35	22.24
0	292	25.3	13.64
0	293	25.24	14.12
0	294	25.23	22.74
0	295	25.2	23.01
0	296	25.18	20.99
0	297	25.06	16.4
0	298	24.98	21.94
0	299	24.98	18.71
0	300	24.91	20.79
0	301	24.86	24.85
0	302	24.82	15.97
0	303	24.76	21.48
0	304	24.75	24.35
0	305	24.72	16.29
0	306	24.71	18.46
0	307	24.69	0.0
0	308	24.68	23.52
0	309	24.62	11.14
0	310	24.55	19.29
0	311	24.53	20.35
0	312	24.49	15.6
0	313	24.27	0.0
0	314	24.25	0.0
0	315	24.22	14.74
0	316	24.11	10.72
0	317	24.11	11.88
0	318	24.06	5.55
0	319	24.04	19.0
0	320	24.01	21.57
0	321	23.99	19.52
0	322	23.99	21.83
0	323	23.94	16.67
0	324	23.84	22.69
0	325	23.73	17.68
0	326	23.66	23.43
0	327	23.63	2.85
0	328	23.62	2.44
0	329	23.45	22.55
0	330	23.4	18.78
0	331	23.32	15.39
0	332	23.32	7.44
0	333	23.28	10.12
0	334	23.26	4.85
0	335	23.2	19.48
0	336	23.2	17.3
0	337	23.15	11.37
0	338	23.11	22.0
0	339	23.08	0.0
0	340	23.01	14.27
0	341	22.99	4.57
0	342	22.91	0.39
0	343	22.87	19.83
0	344	22.83	12.92
0	345	22.83	0.0
0	346	22.74	9.52
0	347	22.74	20.43
0	348	22.67	18.14
0	349	22.61	19.51
0	350	22.59	10.74
0	351	22.55	19.14
0	352	22.53	17.57
0	353	22.47	20.34
0	354	22.44	19.86
0	355	22.37	8.68
0	356	22.36	0.0
0	357	22.2	10.47
0	358	22.19	13.83
0	359	22.18	6.17
0	360	22.18	10.18
0	361	22.17	8.44
0	362	22.16	20.7
0	363	22.08	21.4
0	364	22.06	7.29
0	365	22.04	17.64
0	366	22.0	11.08
0	367	21.98	2.36
0	368	21.86	6.57
0	369	21.84	2.47
0	370	21.82	2.93
0	371	21.78	0.0
0	372	21.77	16.88
0	373	21.77	11.73
0	374	21.75	18.13
0	375	21.74	17.39
0	376	21.71	16.92
0	377	21.68	17.17
0	378	21.62	16.36
0	379	21.57	20.25
0	380	21.42	13.07
0	381	21.4	18.36
0	382	21.39	9.49
0	383	21.33	19.12
0	384	21.33	0.0
0	385	21.26	20.69
0	386	21.15	0.0
0	387	21.14	21.08
0	388	21.02	9.33
0	389	21.01	17.9
0	390	20.99	20.41
0	391	20.94	17.98
0	392	20.91	19.74
0	393	20.83	0.0
0	394	20.79	0.0
0	395	20.76	0.0
0	396	20.75	0.0
0	397	20.75	0.0
0	398	20.73	17.18
0	399	20.72	2.06
0	400	20.7	18.02
0	401	20.7	13.77
0	402	20.66	12.05
0	403	20.65	0.0
0	404	20.63	11.74
0	405	20.52	7.52
0	406	20.51	0.0
0	407	20.49	20.09
0	408	20.43	3.83
0	409	20.42	3.7
0	410	20.38	18.51
0	411	20.26	12.22
0	412	20.25	8.86
0	413	20.21	19.51
0	414	20.19	3.92
0	415	20.05	0.0
0	416	20.02	0.0
0	417	20.01	17.76
0	418	19.91	0.0
0	419	19.84	0.77
0	420	19.82	0.0
0	421	19.79	19.55
0	422	19.72	18.78
0	423	19.72	9.0
0	424	19.72	16.89
0	425	19.7	11.57
0	426	19.64	12.06
0	427	19.64	3.18
0	428	19.62	7.51
0	429	19.62	9.13
0	430	19.59	0.0
0	431	19.57	11.72
0	432	19.56	15.62
0	433	19.55	7.62
0	434	19.52	12.52
0	435	19.47	8.63
0	436	19.46	14.77
0	437	19.39	10.78
0	438	19.37	0.0
0	439	19.36	9.68
0	440	19.34	13.89
0	441	19.31	17.05
0	442	19.25	17.93
0	443	19.21	18.42
0	444	19.2	16.35
0	445	19.19	8.19
0	446	19.16	7.83
0	447	19.13	14.49
0	448	19.12	16.22
0	449	19.09	10.34
0	450	19.09	17.2
0	451	19.08	16.27
0	452	18.99	7.97
0	453	18.98	16.34
0	454	18.89	11.16
0	455	18.82	11.52
0	456	18.71	18.36
0	457	18.69	14.75
0	458	18.68	16.15
0	459	18.66	14.13
0	460	18.55	18.35
0	461	18.54	0.0
0	462	18.53	15.79
0	463	18.49	16.31
0	464	18.49	13.42
0	465	18.48	8.65
0	466	18.47	12.91
0	467	18.46	18.31
0	468	18.43	11.6
0	469	18.39	17.48
0	470	18.36	14.97
0	471	18.28	16.13
0	472	18.13	0.0
0	473	18.05	0.0
0	474	18.02	0.0
0	475	17.96	10.94
0	476	17.95	16.49
0	477	17.95	4.25
0	478	17.9	5.59
0	479	17.87	2.92
0	480	17.86	0.0
0	481	17.84	15.21
0	482	17.83	13.8
0	483	17.8	8.65
0	484	17.76	0.0
0	485	17.76	17.19
0	486	17.75	16.17
0	487	17.63	12.15
0	488	17.62	16.06
0	489	17.49	7.35
0	490	17.45	11.28
0	491	17.41	13.41
0	492	17.34	0.0
0	493	17.29	0.0
0	494	17.2	0.0
0	495	17.19	15.77
0	496	17.19	16.72
0	497	17.17	16.74
0	498	17.15	0.0
0	499	17.15	1.88
0	500	17.11	12.65
0	501	17.08	8.9
0	502	17.07	0.0
0	503	17.06	15.45
0	504	17.03	10.63
0	505	17.01	11.86
0	506	17.0	0.0
0	507	16.99	13.94
0	508	16.94	12.72
0	509	16.89	13.75
0	510	16.86	11.73
0	511	16.86	15.79
0	512	16.85	14.11
0	513	16.81	16.73
0	514	16.8	7.77
0	515	16.77	15.38
0	516	16.77	14.73
0	517	16.7	8.98
0	518	16.65	12.36
0	519	16.63	0.81
0	520	16.59	0.0
0	521	16.56	2.54
0	522	16.53	14.43
0	523	16.45	1.05
0	524	16.42	15.73
0	525	16.41	0.0
0	526	16.32	1.33
0	527	16.28	0.0
0	528	16.25	9.45
0	529	16.24	0.0
0	530	16.19	14.74
0	531	16.19	10.46
0	532	16.15	14.91
0	533	16.13	5.76
0	534	16.13	6.25
0	535	16.1	0.0
0	536	16.1	15.26
0	537	16.02	0.0
0	538	15.98	0.0
0	539	15.96	9.9
0	540	15.93	15.61
0	541	15.91	15.67
0	542	15.89	9.2
0	543	15.87	6.75
0	544	15.85	14.38
0	545	15.85	10.83
0	546	15.81	12.96
0	547	15.76	7.98
0	548	15.67	9.86
0	549	15.63	6.8
0	550	15.6	11.06
0	551	15.57	0.0
0	552	15.57	10.48
0	553	15.55	12.03
0	554	15.55	9.34
0	555	15.54	0.0
0	556	15.5	6.67
0	557	15.48	9.52
0	558	15.47	12.96
0	559	15.35	1.42
0	560	15.35	12.99
0	561	15.24	4.67
0	562	15.2	12.59
0	563	15.19	1.65
0	564	15.18	0.0
0	565	15.16	11.0
0	566	15.16	0.0
0	567	15.13	14.64
0	568	15.11	13.08
0	569	15.09	12.62
0	570	15.08	8.34
0	571	15.07	15.0
0	572	15.05	7.2
0	573	15.04	0.64
0	574	15.01	11.98
0	575	15.0	5.02
0	576	14.99	0.0
0	577	14.99	9.6
0	578	14.98	2.25
0	579	14.97	9.11
0	580	14.94	0.0
0	581	14.89	1.03
0	582	14.87	10.18
0	583	14.86	10.33
0	584	14.85	0.0
0	585	14.82	7.03
0	586	14.81	13.01
0	587	14.8	9.2
0	588	14.79	13.05
0	589	14.79	10.47
0	590	14.76	7.81
0	591	14.73	0.0
0	592	14.71	0.0
0	593	14.68	0.0
0	594	14.68	2.28
0	595	14.63	6.0
0	596	14.6	14.51
0	597	14.55	12.58
0	598	14.5	7.3
0	599	14.48	0.0
0	600	14.46	12.35
0	601	14.41	12.03
0	602	14.41	1.75
0	603	14.38	0.0
0	604	14.32	10.68
0	605	14.28	14.02
0	606	14.28	5.08
0	607	14.25	9.48
0	608	14.13	0.0
0	609	14.09	6.85
0	610	14.08	11.36
0	611	14.07	11.89
0	612	14.06	3.51
0	613	14.06	0.0
0	614	14.05	6.66
0	615	14.03	4.29
0	616	14.03	0.0
0	617	14.03	11.66
0	618	13.97	0.0
0	619	13.96	6.13
0	620	13.94	12.94
0	621	13.92	0.0
0	622	13.91	13.82
0	623	13.9	1.3
0	624	13.89	13.74
0	625	13.89	8.27
0	626	13.88	2.55
0	627	13.87	2.81
0	628	13.85	7.16
0	629	13.85	9.88
0	630	13.81	3.6
0	631	13.8	13.25
0	632	13.79	2.09
0	633	13.78	12.54
0	634	13.78	9.03
0	635	13.76	0.0
0	636	13.76	4.99
0	637	13.75	12.4
0	638	13.67	5.55
0	639	13.64	5.61
0	640	13.62	2.32
0	641	13.6	9.13
0	642	13.56	10.31
0	643	13.56	0.0
0	644	13.49	2.43
0	645	13.49	3.21
0	646	13.48	10.52
0	647	13.46	0.0
0	648	13.45	0.0
0	649	13.45	10.25
0	650	13.43	11.58
0	651	13.43	0.0
0	652	13.42	2.16
0	653	13.33	11.61
0	654	13.33	9.67
0	655	13.31	0.0
0	656	13.28	7.39
0	657	13.27	0.0
0	658	13.27	6.82
0	659	13.25	7.51
0	660	13.24	9.71
0	661	13.24	9.41
0	662	13.21	7.7
0	663	13.15	0.0
0	664	13.14	5.43
0	665	13.13	0.0
0	666	13.11	8.47
0	667	13.06	0.0
0	668	13.06	0.0
0	669	13.04	7.26
0	670	13.04	6.09
0	671	12.99	8.2
0	672	12.99	12.95
0	673	12.98	0.0
0	674	12.98	0.0
0	675	12.93	10.27
0	676	12.91	10.44
0	677	12.89	0.0
0	678	12.89	10.66
0	679	12.87	8.06
0	680	12.87	0.63
0	681	12.87	12.14
0	682	12.86	10.13
0	683	12.86	8.31
0	684	12.84	0.0
0	685	12.8	10.07
0	686	12.79	6.13
0	687	12.75	0.0
0	688	12.75	0.0
0	689	12.71	8.52
0	690	12.67	4.66
0	691	12.63	3.68
0	692	12.54	4.93
0	693	12.5	9.89
0	694	12.46	10.49
0	695	12.46	5.87
0	696	12.45	11.13
0	697	12.44	0.0
0	698	12.43	0.0
0	699	12.42	8.66
0	700	12.4	0.0
0	701	12.37	0.0
0	702	12.36	0.0
0	703	12.35	7.45
0	704	12.32	9.3
0	705	12.3	0.0
0	706	12.29	10.73
0	707	12.28	0.0
0	708	12.25	0.0
0	709	12.24	12.07
0	710	12.23	0.0
0	711	12.21	10.27
0	712	12.21	0.0
0	713	12.2	10.58
0	714	12.2	0.0
0	715	12.19	2.83
0	716	12.15	0.0
0	717	12.12	9.96
0	718	12.11	0.0
0	719	12.08	8.56
0	720	12.07	7.77
0	721	12.02	0.43
0	722	11.97	10.32
0	723	11.97	11.19
0	724	11.94	0.0
0	725	11.94	0.0
0	726	11.93	6.67
0	727	11.92	0.0
0	728	11.91	11.32
0	729	11.88	6.13
0	730	11.87	10.07
0	731	11.87	0.0
0	732	11.84	0.0
0	733	11.77	2.85
0	734	11.73	10.61
0	735	11.71	8.19
0	736	11.69	0.0
0	737	11.69	10.49
0	738	11.67	0.0
0	739	11.66	10.75
0	740	11.65	3.57
0	741	11.64	0.0
0	742	11.62	0.0
0	743	11.53	2.38
0	744	11.52	5.27
0	745	11.51	11.46
0	746	11.5	0.0
0	747	11.42	0.0
0	748	11.38	0.73
0	749	11.37	8.21
0	750	11.32	0.0
0	751	11.3	4.53
0	752	11.29	0.0
0	753	11.27	0.0
0	754	11.26	2.27
0	755	11.24	1.12
0	756	11.23	7.81
0	757	11.23	8.32
0	758	11.18	6.82
0	759	11.18	3.45
0	760	11.17	9.1
0	761	11.17	0.0
0	762	11.17	8.51
0	763	11.12	8.67
0	764	11.11	5.44
0	765	11.1	1.64
0	766	11.09	6.88
0	767	11.08	0.0
0	768	11.04	9.22
0	769	11.04	10.81
0	770	11.01	1.33
0	771	11.01	4.97
0	772	10.97	0.0
0	773	10.94	6.24
0	774	10.91	8.29
0	775	10.88	0.0
0	776	10.88	10.41
0	777	10.85	9.95
0	778	10.85	0.0
0	779	10.84	8.39
0	780	10.83	9.64
0	781	10.81	7.98
0	782	10.81	5.94
0	783	10.78	6.92
0	784	10.77	10.63
0	785	10.76	0.0
0	786	10.76	0.0
0	787	10.74	0.0
0	788	10.72	9.48
0	789	10.69	0.0
0	790	10.67	0.0
0	791	10.64	5.84
0	792	10.63	0.0
0	793	10.61	0.0
0	794	10.6	9.7
0	795	10.59	3.66
0	796	10.58	10.3
0	797	10.57	7.11
0	798	10.52	0.0
0	799	10.46	4.4
0	800	10.46	0.0
0	801	10.44	2.79
0	802	10.41	7.73
0	803	10.41	8.31
0	804	10.39	0.0
0	805	10.39	4.14
0	806	10.38	6.45
0	807	10.32	0.0
0	808	10.32	8.59
0	809	10.28	1.61
0	810	10.27	0.0
0	811	10.21	5.13
0	812	10.2	0.0
0	813	10.16	10.12
0	814	10.12	9.33
0	815	10.1	9.28
0	816	10.09	3.75
0	817	10.09	9.53
0	818	10.07	3.68
0	819	10.06	8.75
0	820	10.05	6.41
0	821	10.04	5.14
0	822	10.02	0.0
0	823	10.0	4.8
0	824	9.99	0.06
0	825	9.99	0.0
0	826	9.99	5.66
0	827	9.98	0.0
0	828	9.92	0.0
0	829	9.89	0.0
0	830	9.89	9.76
0	831	9.85	7.79
0	832	9.84	3.82
0	833	9.82	0.0
0	834	9.81	9.24
0	835	9.78	0.0
0	836	9.76	0.0
0	837	9.76	5.89
0	838	9.76	9.34
0	839	9.75	0.0
0	840	9.71	0.0
0	841	9.68	6.85
0	842	9.68	6.94
0	843	9.64	5.41
0	844	9.63	0.69
0	845	9.62	6.08
0	846	9.59	8.32
0	847	9.59	8.69
0	848	9.58	8.85
0	849	9.56	5.07
0	850	9.55	0.0
0	851	9.52	0.0
0	852	9.51	0.87
0	853	9.5	7.46
0	854	9.5	8.44
0	855	9.46	2.62
0	856	9.45	0.0
0	857	9.42	8.6
0	858	9.42	9.31
0	859	9.33	0.0
0	860	9.33	0.0
0	861	9.33	0.0
0	862	9.32	0.0
0	863	9.28	6.47
0	864	9.25	7.44
0	865	9.25	7.57
0	866	9.25	2.7
0	867	9.21	8.15
0	868	9.19	8.17
0	869	9.17	0.0
0	870	9.13	0.0
0	871	9.12	0.0
0	872	9.12	1.14
0	873	9.11	3.99
0	874	9.11	0.0
0	875	9.09	6.85
0	876	9.07	0.06
0	877	9.05	0.0
0	878	9.04	0.0
0	879	9.04	7.08
0	880	9.03	0.0
0	881	8.97	5.23
0	882	8.95	8.33
0	883	8.95	0.0
0	884	8.91	3.59
0	885	8.86	0.0
0	886	8.86	8.04
0	887	8.85	0.0
0	888	8.85	8.36
0	889	8.84	6.55
0	890	8.82	4.26
0	891	8.81	1.46
0	892	8.81	1.06
0	893	8.78	0.0
0	894	8.75	0.0
0	895	8.73	0.0
0	896	8.72	0.0
0	897	8.71	6.27
0	898	8.67	0.0
0	899	8.67	8.57
0	900	8.66	0.0
0	901	8.65	0.0
0	902	8.65	4.12
0	903	8.64	0.0
0	904	8.63	2.29
0	905	8.6	0.0
0	906	8.59	8.17
0	907	8.58	0.0
0	908	8.55	0.0
0	909	8.51	0.0
0	910	8.48	0.0
0	911	8.47	0.0
0	912	8.46	0.0
0	913	8.45	0.0
0	914	8.45	0.0
0	915	8.44	5.13
0	916	8.43	4.09
0	917	8.42	1.65
0	918	8.38	0.01
0	919	8.36	6.51
0	920	8.33	0.0
0	921	8.31	1.26
0	922	8.31	6.43
0	923	8.29	0.0
0	924	8.29	5.75
0	925	8.28	0.0
0	926	8.28	0.77
0	927	8.27	0.0
0	928	8.23	0.0
0	929	8.23	0.0
0	930	8.21	0.0
0	931	8.19	0.36
0	932	8.18	0.0
0	933	8.18	5.59
0	934	8.18	7.0
0	935	8.17	0.0
0	936	8.11	6.67
0	937	8.1	0.0
0	938	8.08	0.0
0	939	8.07	3.42
0	940	8.07	1.74
0	941	8.06	8.03
0	942	8.06	1.02
0	943	8.05	0.0
0	944	8.05	0.0
0	945	8.05	3.42
0	946	7.97	0.0
0	947	7.95	0.0
0	948	7.93	0.0
0	949	7.92	0.54
0	950	7.91	4.44
0	951	7.89	4.15
0	952	7.88	0.0
0	953	7.85	2.93
0	954	7.84	7.54
0	955	7.83	5.64
0	956	7.82	3.56
0	957	7.8	0.0
0	958	7.8	7.68
0	959	7.79	0.92
0	960	7.77	5.84
0	961	7.77	3.74
0	962	7.76	5.84
0	963	7.76	3.26
0	964	7.76	0.0
0	965	7.73	4.54
0	966	7.71	0.0
0	967	7.71	4.17
0	968	7.7	3.66
0	969	7.67	3.24
0	970	7.66	6.2
0	971	7.65	0.0
0	972	7.63	0.0
0	973	7.6	5.26
0	974	7.58	5.78
0	975	7.57	2.98
0	976	7.56	6.97
0	977	7.56	0.0
0	978	7.55	3.3
0	979	7.5	0.0
0	980	7.48	6.92
0	981	7.48	4.93
0	982	7.46	0.0
0	983	7.41	0.0
0	984	7.36	0.0
0	985	7.35	5.71
0	986	7.27	0.0
0	987	7.26	0.0
0	988	7.24	0.0
0	989	7.24	2.53
0	990	7.23	0.0
0	991	7.2	0.0
0	992	7.19	5.11
0	993	7.19	4.54
0	994	7.19	0.0
0	995	7.18	3.86
0	996	7.16	0.0
0	997	7.13	0.0
0	998	7.12	6.97
0	999	7.11	0.0
0	1000	7.08	3.55
0	1001	7.03	3.01
0	1002	7.01	0.0
0	1003	7.0	5.87
0	1004	6.99	0.0
0	1005	6.98	2.07
0	1006	6.97	0.0
0	1007	6.96	0.0
0	1008	6.96	0.0
0	1009	6.91	0.99
0	1010	6.91	0.0
0	1011	6.91	0.0
0	1012	6.9	0.0
0	1013	6.89	0.0
0	1014	6.86	1.7
0	1015	6.83	1.87
0	1016	6.83	0.0
0	1017	6.82	0.0
0	1018	6.8	0.0
0	1019	6.76	3.26
0	1020	6.76	3.64
0	1021	6.75	0.0
0	1022	6.75	0.0
0	1023	6.74	3.94
0	1024	6.74	0.0
0	1025	6.69	0.0
0	1026	6.69	0.0
0	1027	6.67	0.0
0	1028	6.64	0.11
0	1029	6.62	4.39
0	1030	6.62	0.0
0	1031	6.61	0.23
0	1032	6.61	0.13
0	1033	6.59	6.32
0	1034	6.57	2.55
0	1035	6.57	5.7
0	1036	6.54	0.0
0	1037	6.54	0.0
0	1038	6.48	0.0
0	1039	6.48	0.0
0	1040	6.48	2.17
0	1041	6.47	0.0
0	1042	6.46	0.0
0	1043	6.45	0.71
0	1044	6.38	0.0
0	1045	6.38	5.86
0	1046	6.36	0.3
0	1047	6.36	0.0
0	1048	6.35	0.0
0	1049	6.31	2.94
0	1050	6.29	0.0
0	1051	6.28	5.59
0	1052	6.28	0.0
0	1053	6.26	0.0
0	1054	6.23	3.29
0	1055	6.19	5.23
0	1056	6.17	0.0
0	1057	6.15	0.0
0	1058	6.14	0.0
0	1059	6.12	5.61
0	1060	6.11	0.0
0	1061	6.11	0.0
0	1062	6.1	0.0
0	1063	6.1	0.0
0	1064	6.07	0.0
0	1065	6.07	0.0
0	1066	6.06	2.27
0	1067	6.06	0.0
0	1068	6.06	4.11
0	1069	5.99	0.0
0	1070	5.99	0.0
0	1071	5.98	0.0
0	1072	5.96	0.89
0	1073	5.96	0.0
0	1074	5.96	3.18
0	1075	5.95	3.0
0	1076	5.95	0.0
0	1077	5.93	2.74
0	1078	5.9	0.0
0	1079	5.9	4.52
0	1080	5.89	2.47
0	1081	5.87	3.07
0	1082	5.87	0.0
0	1083	5.85	3.22
0	1084	5.84	0.0
0	1085	5.81	4.64
0	1086	5.81	0.0
0	1087	5.8	0.0
0	1088	5.78	0.92
0	1089	5.78	0.0
0	1090	5.76	0.0
0	1091	5.75	0.0
0	1092	5.72	0.0
0	1093	5.71	0.0
0	1094	5.71	0.0
0	1095	5.69	0.0
0	1096	5.69	0.85
0	1097	5.68	0.0
0	1098	5.65	2.14
0	1099	5.65	0.0
0	1100	5.65	4.02
0	1101	5.63	0.0
0	1102	5.63	3.79
0	1103	5.61	0.0
0	1104	5.59	2.53
0	1105	5.54	1.42
0	1106	5.51	1.57
0	1107	5.51	0.0
0	1108	5.5	1.61
0	1109	5.49	0.0
0	1110	5.49	0.0
0	1111	5.48	4.04
0	1112	5.47	0.0
0	1113	5.46	0.0
0	1114	5.46	2.34
0	1115	5.45	0.0
0	1116	5.45	0.0
0	1117	5.45	4.19
0	1118	5.43	0.0
0	1119	5.43	0.0
0	1120	5.42	2.84
0	1121	5.41	5.15
0	1122	5.39	5.08
0	1123	5.38	0.0
0	1124	5.37	1.23
0	1125	5.34	0.0
0	1126	5.31	0.68
0	1127	5.31	3.05
0	1128	5.27	0.0
0	1129	5.25	0.0
0	1130	5.25	3.37
0	1131	5.22	2.35
0	1132	5.21	0.0
0	1133	5.21	2.9
0	1134	5.19	0.0
0	1135	5.18	4.47
0	1136	5.18	0.0
0	1137	5.15	2.79
0	1138	5.15	0.0
0	1139	5.15	0.0
0	1140	5.14	0.0
0	1141	5.12	0.0
0	1142	5.1	0.0
0	1143	5.09	0.0
0	1144	5.07	0.0
0	1145	5.07	1.33
0	1146	5.06	3.15
0	1147	5.06	0.0
0	1148	5.04	4.18
0	1149	5.04	0.47
0	1150	5.04	0.0
0	1151	5.02	0.0
0	1152	5.01	4.14
0	1153	5.01	0.0
0	1154	4.99	0.0
0	1155	4.98	3.72
0	1156	4.97	3.99
0	1157	4.97	4.62
0	1158	4.94	0.0
0	1159	4.94	0.77
0	1160	4.94	0.0
0	1161	4.93	0.0
0	1162	4.92	0.0
0	1163	4.91	1.6
0	1164	4.9	0.0
0	1165	4.9	0.0
0	1166	4.86	0.84
0	1167	4.84	0.0
0	1168	4.83	0.0
0	1169	4.83	2.61
0	1170	4.82	1.29
0	1171	4.81	0.0
0	1172	4.81	4.34
0	1173	4.79	0.0
0	1174	4.78	0.0
0	1175	4.77	0.0
0	1176	4.76	0.0
0	1177	4.75	0.0
0	1178	4.75	0.0
0	1179	4.72	0.0
0	1180	4.69	3.5
0	1181	4.68	4.19
0	1182	4.67	0.0
0	1183	4.67	0.0
0	1184	4.64	2.38
0	1185	4.61	4.33
0	1186	4.61	0.0
0	1187	4.6	0.0
0	1188	4.6	3.79
0	1189	4.58	2.47
0	1190	4.58	0.0
0	1191	4.55	0.0
0	1192	4.55	0.0
0	1193	4.53	0.0
0	1194	4.52	0.25
0	1195	4.5	0.0
0	1196	4.47	0.0
0	1197	4.46	0.0
0	1198	4.46	0.0
0	1199	4.45	0.54
0	1200	4.44	0.0
0	1201	4.44	0.0
0	1202	4.4	1.28
0	1203	4.38	0.0
0	1204	4.38	0.0
0	1205	4.37	0.0
0	1206	4.35	0.0
0	1207	4.34	0.83
0	1208	4.33	0.0
0	1209	4.31	0.0
0	1210	4.28	0.0
0	1211	4.27	0.0
0	1212	4.26	3.61
0	1213	4.25	2.23
0	1214	4.24	0.0
0	1215	4.22	0.0
0	1216	4.22	0.0
0	1217	4.21	0.0
0	1218	4.19	3.38
0	1219	4.19	0.0
0	1220	4.17	1.06
0	1221	4.15	0.0
0	1222	4.12	0.41
0	1223	4.11	3.8
0	1224	4.09	0.0
0	1225	4.09	0.0
0	1226	4.09	0.0
0	1227	4.09	3.02
0	1228	4.08	0.0
0	1229	4.08	0.0
0	1230	4.07	0.23
0	1231	4.07	1.97
0	1232	4.06	0.58
0	1233	4.05	0.0
0	1234	4.05	0.0
0	1235	4.03	3.93
0	1236	4.02	0.0
0	1237	3.99	0.0
0	1238	3.97	3.39
0	1239	3.97	0.52
0	1240	3.94	0.0
0	1241	3.93	0.0
0	1242	3.91	0.0
0	1243	3.89	0.0
0	1244	3.87	0.0
0	1245	3.85	3.09
0	1246	3.85	3.18
0	1247	3.85	3.48
0	1248	3.83	3.68
0	1249	3.82	0.0
0	1250	3.82	0.0
0	1251	3.8	0.0
0	1252	3.8	1.21
0	1253	3.8	0.0
0	1254	3.79	0.0
0	1255	3.79	0.0
0	1256	3.78	0.0
0	1257	3.78	0.0
0	1258	3.76	0.0
0	1259	3.74	0.0
0	1260	3.73	0.0
0	1261	3.73	1.69
0	1262	3.71	0.0
0	1263	3.68	0.0
0	1264	3.67	0.0
0	1265	3.64	0.0
0	1266	3.64	0.0
0	1267	3.61	0.0
0	1268	3.61	0.0
0	1269	3.6	0.0
0	1270	3.6	0.41
0	1271	3.59	0.0
0	1272	3.59	2.83
0	1273	3.58	0.0
0	1274	3.58	0.0
0	1275	3.58	0.0
0	1276	3.57	0.0
0	1277	3.57	0.0
0	1278	3.55	0.0
0	1279	3.54	0.0
0	1280	3.53	0.0
0	1281	3.52	0.0
0	1282	3.5	0.0
0	1283	3.5	0.71
0	1284	3.5	0.85
0	1285	3.49	0.0
0	1286	3.48	0.21
0	1287	3.48	2.54
0	1288	3.48	0.0
0	1289	3.48	0.0
0	1290	3.48	0.0
0	1291	3.45	0.0
0	1292	3.44	0.0
0	1293	3.44	1.37
0	1294	3.44	2.09
0	1295	3.43	0.0
0	1296	3.43	2.74
0	1297	3.43	0.06
0	1298	3.42	2.19
0	1299	3.4	1.31
0	1300	3.39	0.04
0	1301	3.39	0.0
0	1302	3.38	0.0
0	1303	3.36	0.94
0	1304	3.35	0.0
0	1305	3.35	0.0
0	1306	3.34	0.0
0	1307	3.28	0.0
0	1308	3.28	0.0
0	1309	3.27	3.22
0	1310	3.26	0.0
0	1311	3.23	0.0
0	1312	3.23	0.0
0	1313	3.2	0.88
0	1314	3.19	1.93
0	1315	3.19	1.7
0	1316	3.18	0.0
0	1317	3.18	0.0
0	1318	3.17	0.0
0	1319	3.16	0.88
0	1320	3.13	0.0
0	1321	3.11	0.0
0	1322	3.08	0.0
0	1323	3.07	0.02
0	1324	3.05	0.0
0	1325	3.05	0.0
0	1326	3.04	0.36
0	1327	3.03	0.0
0	1328	3.03	0.0
0	1329	3.02	0.0
0	1330	3.01	0.0
0	1331	3.0	0.0
0	1332	2.99	0.0
0	1333	2.99	0.0
0	1334	2.98	0.0
0	1335	2.98	0.0
0	1336	2.98	0.0
0	1337	2.97	0.0
0	1338	2.97	2.94
0	1339	2.95	2.11
0	1340	2.94	0.0
0	1341	2.93	0.0
0	1342	2.92	0.0
0	1343	2.92	0.0
0	1344	2.92	0.0
0	1345	2.91	0.0
0	1346	2.91	0.0
0	1347	2.88	0.0
0	1348	2.88	0.0
0	1349	2.88	2.38
0	1350	2.87	0.0
0	1351	2.85	0.0
0	1352	2.85	0.0
0	1353	2.84	0.0
0	1354	2.82	0.0
0	1355	2.81	0.0
0	1356	2.8	0.0
0	1357	2.77	2.42
0	1358	2.76	0.0
0	1359	2.75	0.0
0	1360	2.75	2.39
0	1361	2.73	0.0
0	1362	2.73	0.0
0	1363	2.72	0.0
0	1364	2.72	2.23
0	1365	2.72	0.0
0	1366	2.71	0.39
0	1367	2.7	0.0
0	1368	2.69	0.0
0	1369	2.69	1.22
0	1370	2.68	0.0
0	1371	2.68	0.0
0	1372	2.67	0.0
0	1373	2.66	0.0
0	1374	2.66	0.0
0	1375	2.65	1.4
0	1376	2.65	0.66
0	1377	2.65	0.0
0	1378	2.65	0.0
0	1379	2.65	0.0
0	1380	2.63	0.0
0	1381	2.6	0.0
0	1382	2.59	0.0
0	1383	2.59	1.21
0	1384	2.59	0.0
0	1385	2.59	0.0
0	1386	2.59	0.0
0	1387	2.54	0.0
0	1388	2.54	0.0
0	1389	2.53	0.0
0	1390	2.51	0.0
0	1391	2.51	1.31
0	1392	2.5	0.0
0	1393	2.48	0.0
0	1394	2.46	0.0
0	1395	2.46	0.0
0	1396	2.46	1.12
0	1397	2.46	0.0
0	1398	2.46	0.0
0	1399	2.44	1.91
0	1400	2.41	0.0
0	1401	2.39	0.0
0	1402	2.38	0.0
0	1403	2.38	0.0
0	1404	2.37	0.0
0	1405	2.36	0.0
0	1406	2.33	0.33
0	1407	2.32	0.22
0	1408	2.31	0.0
0	1409	2.3	0.0
0	1410	2.3	1.59
0	1411	2.29	0.0
0	1412	2.29	0.0
0	1413	2.29	0.0
0	1414	2.24	1.62
0	1415	2.17	0.0
0	1416	2.15	0.0
0	1417	2.14	0.0
0	1418	2.13	0.0
0	1419	2.13	0.0
0	1420	2.11	0.0
0	1421	2.1	0.0
0	1422	2.09	0.0
0	1423	2.07	0.0
0	1424	2.07	0.26
0	1425	2.06	0.0
0	1426	2.06	0.0
0	1427	2.02	0.0
0	1428	2.02	0.0
0	1429	2.01	0.0
0	1430	2.01	1.41
0	1431	2.01	0.0
0	1432	1.99	0.0
0	1433	1.99	0.0
0	1434	1.97	0.25
0	1435	1.96	0.0
0	1436	1.93	0.16
0	1437	1.93	0.0
0	1438	1.91	0.0
0	1439	1.9	0.0
0	1440	1.9	0.0
0	1441	1.9	0.0
0	1442	1.89	0.0
0	1443	1.88	0.0
0	1444	1.88	0.0
0	1445	1.87	0.0
0	1446	1.86	0.0
0	1447	1.85	0.0
0	1448	1.84	0.54
0	1449	1.83	0.0
0	1450	1.83	0.0
0	1451	1.82	0.0
0	1452	1.82	0.0
0	1453	1.81	0.0
0	1454	1.8	0.0
0	1455	1.79	0.0
0	1456	1.78	0.0
0	1457	1.76	0.0
0	1458	1.75	0.0
0	1459	1.75	0.0
0	1460	1.73	0.0
0	1461	1.73	0.0
0	1462	1.73	0.0
0	1463	1.73	0.0
0	1464	1.72	0.0
0	1465	1.7	0.0
0	1466	1.7	0.0
0	1467	1.69	0.0
0	1468	1.69	1.46
0	1469	1.66	0.92
0	1470	1.65	0.0
0	1471	1.64	0.0
0	1472	1.64	0.25
0	1473	1.62	1.05
0	1474	1.61	0.0
0	1475	1.6	0.0
0	1476	1.6	0.0
0	1477	1.6	0.0
0	1478	1.59	0.16
0	1479	1.58	0.0
0	1480	1.58	0.0
0	1481	1.58	0.0
0	1482	1.58	1.54
0	1483	1.54	0.0
0	1484	1.53	0.0
0	1485	1.53	0.0
0	1486	1.5	0.0
0	1487	1.5	0.68
0	1488	1.49	0.16
0	1489	1.48	0.0
0	1490	1.48	0.0
0	1491	1.47	0.0
0	1492	1.44	0.0
0	1493	1.43	0.0
0	1494	1.42	0.0
0	1495	1.41	0.0
0	1496	1.4	0.2
0	1497	1.4	0.0
0	1498	1.36	1.14
0	1499	1.36	0.0
0	1500	1.35	0.0
0	1501	1.34	0.0
0	1502	1.33	0.0
0	1503	1.32	0.0
0	1504	1.32	0.0
0	1505	1.31	0.0
0	1506	1.3	0.0
0	1507	1.29	0.0
0	1508	1.27	0.0
0	1509	1.25	0.0
0	1510	1.25	0.23
0	1511	1.24	0.34
0	1512	1.22	0.81
0	1513	1.22	0.0
0	1514	1.22	0.0
0	1515	1.22	0.0
0	1516	1.21	0.0
0	1517	1.2	0.0
0	1518	1.18	0.0
0	1519	1.18	0.0
0	1520	1.18	0.0
0	1521	1.18	0.0
0	1522	1.18	0.0
0	1523	1.18	0.0
0	1524	1.17	1.16
0	1525	1.17	0.0
0	1526	1.17	0.0
0	1527	1.15	0.0
0	1528	1.14	0.0
0	1529	1.14	0.0
0	1530	1.12	0.0
0	1531	1.11	0.0
0	1532	1.11	0.0
0	1533	1.09	0.0
0	1534	1.09	0.0
0	1535	1.07	0.0
0	1536	1.07	0.0
0	1537	1.07	0.0
0	1538	1.06	0.0
0	1539	1.06	0.0
0	1540	1.05	0.0
0	1541	1.04	0.0
0	1542	1.03	0.0
0	1543	1.03	0.0
0	1544	1.03	0.0
0	1545	1.02	0.0
0	1546	1.02	0.0
0	1547	1.02	0.0
0	1548	1.02	0.0
0	1549	1.02	0.0
0	1550	1.01	0.0
0	1551	1.01	0.0
0	1552	0.99	0.0
0	1553	0.99	0.0
0	1554	0.98	0.0
0	1555	0.97	0.0
0	1556	0.96	0.0
0	1557	0.96	0.0
0	1558	0.94	0.0
0	1559	0.94	0.0
0	1560	0.91	0.0
0	1561	0.9	0.53
0	1562	0.89	0.0
0	1563	0.87	0.0
0	1564	0.86	0.0
0	1565	0.86	0.0
0	1566	0.85	0.0
0	1567	0.84	0.0
0	1568	0.83	0.0
0	1569	0.82	0.0
0	1570	0.82	0.0
0	1571	0.82	0.0
0	1572	0.82	0.0
0	1573	0.81	0.0
0	1574	0.8	0.31
0	1575	0.79	0.0
0	1576	0.78	0.0
0	1577	0.78	0.0
0	1578	0.77	0.0
0	1579	0.77	0.0
0	1580	0.76	0.73
0	1581	0.75	0.0
0	1582	0.73	0.0
0	1583	0.72	0.0
0	1584	0.72	0.0
0	1585	0.72	0.0
0	1586	0.71	0.0
0	1587	0.7	0.0
0	1588	0.66	0.0
0	1589	0.66	0.0
0	1590	0.66	0.0
0	1591	0.65	0.0
0	1592	0.64	0.0
0	1593	0.63	0.0
0	1594	0.63	0.0
0	1595	0.62	0.0
0	1596	0.62	0.0
0	1597	0.62	0.0
0	1598	0.61	0.0
0	1599	0.6	0.0
0	1600	0.6	0.0
0	1601	0.59	0.0
0	1602	0.58	0.0
0	1603	0.58	0.0
0	1604	0.57	0.0
0	1605	0.56	0.0
0	1606	0.55	0.0
0	1607	0.52	0.0
0	1608	0.52	0.0
0	1609	0.5	0.0
0	1610	0.49	0.0
0	1611	0.48	0.0
0	1612	0.48	0.0
0	1613	0.47	0.0
0	1614	0.47	0.25
0	1615	0.45	0.0
0	1616	0.44	0.0
0	1617	0.43	0.0
0	1618	0.43	0.0
0	1619	0.42	0.0
0	1620	0.42	0.0
0	1621	0.41	0.0
0	1622	0.41	0.0
0	1623	0.38	0.0
0	1624	0.38	0.0
0	1625	0.34	0.0
0	1626	0.33	0.0
0	1627	0.31	0.0
0	1628	0.31	0.0
0	1629	0.3	0.0
0	1630	0.29	0.0
0	1631	0.28	0.0
0	1632	0.27	0.0
0	1633	0.26	0.0
0	1634	0.25	0.0
0	1635	0.24	0.0
0	1636	0.21	0.0
0	1637	0.19	0.0
0	1638	0.19	0.0
0	1639	0.18	0.0
0	1640	0.18	0.0
0	1641	0.18	0.0
0	1642	0.17	0.0
0	1643	0.16	0.0
0	1644	0.16	0.0
0	1645	0.15	0.0
0	1646	0.13	0.0
0	1647	0.12	0.0
0	1648	0.12	0.0
0	1649	0.1	0.0
0	1650	0.09	0.0
0	1651	0.09	0.0
0	1652	0.09	0.0
0	1653	0.08	0.0
0	1654	0.08	0.0
0	1655	0.08	0.0
0	1656	0.07	0.0
0	1657	0.05	0.0
0	1658	0.04	0.0
0	1659	0.04	0.0
0	1660	0.04	0.0
0	1661	0.02	0.0
0	1662	0.01	0.0
0	1663	0.01	0.0
