clade	species	ts	te
0	1	100.0	73.31
0	2	88.72	55.08
0	3	88.04	73.62
0	4	83.59	79.02
0	5	82.84	79.39
0	6	81.98	80.93
0	7	80.38	53.2
0	8	78.53	73.2
0	9	78.16	35.01
0	10	76.45	64.62
0	11	75.49	74.9
0	12	75.27	58.4
0	13	74.97	50.7
0	14	74.15	69.46
0	15	74.09	56.33
0	16	73.43	70.52
0	17	73.26	66.83
0	18	73.15	49.93
0	19	73.01	56.1
0	20	71.94	68.28
0	21	71.7	50.07
0	22	71.24	68.67
0	23	71.01	64.76
0	24	70.82	69.15
0	25	69.88	61.88
0	26	69.72	66.16
0	27	69.64	65.48
0	28	69.54	69.15
0	29	69.5	53.36
0	30	69.31	58.89
0	31	68.73	65.99
0	32	68.22	63.98
0	33	68.2	67.22
0	34	66.81	63.8
0	35	66.74	42.62
0	36	66.47	63.61
0	37	66.38	37.86
0	38	66.13	63.59
0	39	66.11	47.03
0	40	65.81	60.34
0	41	64.78	45.06
0	42	64.55	61.97
0	43	63.96	58.82
0	44	63.87	59.25
0	45	63.77	60.14
0	46	63.74	61.58
0	47	63.44	61.09
0	48	63.33	52.3
0	49	62.77	56.4
0	50	62.69	62.26
0	51	62.68	48.45
0	52	62.15	59.11
0	53	61.85	59.67
0	54	61.76	30.1
0	55	61.73	50.95
0	56	61.64	34.05
0	57	61.58	58.63
0	58	61.31	57.86
0	59	60.85	52.78
0	60	60.35	58.53
0	61	60.28	50.88
0	62	60.07	59.43
0	63	59.11	58.33
0	64	58.81	42.42
0	65	58.8	57.29
0	66	58.34	55.42
0	67	58.21	56.76
0	68	57.92	51.29
0	69	57.68	56.86
0	70	57.33	42.83
0	71	57.11	47.36
0	72	56.93	53.16
0	73	56.86	55.59
0	74	56.82	47.5
0	75	56.61	55.11
0	76	56.6	56.33
0	77	56.37	54.58
0	78	56.29	41.46
0	79	56.28	47.76
0	80	56.17	53.21
0	81	56.0	47.42
0	82	55.97	44.27
0	83	55.92	45.93
0	84	55.87	53.1
0	85	55.82	54.45
0	86	55.78	36.4
0	87	54.75	21.5
0	88	54.33	44.98
0	89	54.24	40.02
0	90	53.81	51.76
0	91	53.52	24.93
0	92	53.52	45.44
0	93	53.5	47.07
0	94	53.45	49.36
0	95	53.42	52.61
0	96	53.41	41.74
0	97	53.35	49.82
0	98	53.27	47.48
0	99	53.26	51.3
0	100	52.41	50.34
0	101	52.34	51.19
0	102	52.33	49.72
0	103	52.16	39.58
0	104	51.98	50.91
0	105	51.91	35.8
0	106	51.79	18.46
0	107	51.54	50.34
0	108	51.52	47.68
0	109	51.28	49.55
0	110	51.11	33.94
0	111	51.01	40.24
0	112	50.81	47.25
0	113	50.77	35.83
0	114	50.62	50.05
0	115	50.51	43.67
0	116	50.44	40.93
0	117	50.38	48.09
0	118	50.36	48.92
0	119	50.27	41.68
0	120	49.87	37.11
0	121	49.74	20.84
0	122	49.71	36.61
0	123	49.34	48.83
0	124	49.05	43.92
0	125	49.01	34.03
0	126	48.9	47.97
0	127	48.7	40.86
0	128	48.52	44.92
0	129	48.09	44.26
0	130	47.75	34.54
0	131	47.75	39.55
0	132	47.18	45.48
0	133	47.11	43.59
0	134	47.06	44.62
0	135	46.36	30.82
0	136	46.2	46.13
0	137	45.59	30.06
0	138	45.43	37.62
0	139	45.32	41.32
0	140	45.15	37.24
0	141	44.98	41.68
0	142	44.77	37.82
0	143	44.49	39.26
0	144	44.21	38.22
0	145	44.08	37.8
0	146	43.69	36.19
0	147	43.6	41.11
0	148	43.49	40.08
0	149	43.39	25.83
0	150	42.84	5.94
0	151	42.77	39.75
0	152	42.58	21.32
0	153	42.19	33.9
0	154	41.99	39.93
0	155	41.84	38.41
0	156	41.81	28.93
0	157	41.7	13.14
0	158	41.51	20.6
0	159	41.44	39.3
0	160	41.35	32.77
0	161	41.2	33.02
0	162	41.17	31.53
0	163	41.06	40.24
0	164	40.94	37.46
0	165	40.91	25.07
0	166	40.67	40.14
0	167	40.5	38.92
0	168	40.42	8.78
0	169	40.36	30.1
0	170	40.33	37.52
0	171	40.25	35.67
0	172	40.15	35.79
0	173	39.98	35.04
0	174	39.94	30.93
0	175	39.8	36.48
0	176	39.71	33.61
0	177	39.71	37.94
0	178	39.26	34.08
0	179	39.0	36.04
0	180	38.77	21.02
0	181	38.74	22.49
0	182	38.66	37.63
0	183	38.56	37.87
0	184	38.54	36.6
0	185	38.46	20.02
0	186	38.39	24.25
0	187	38.37	37.62
0	188	38.23	35.44
0	189	38.22	37.84
0	190	38.19	37.93
0	191	38.03	30.23
0	192	38.02	20.09
0	193	37.93	34.66
0	194	37.76	23.31
0	195	37.73	19.04
0	196	37.67	36.23
0	197	37.54	32.23
0	198	37.51	31.65
0	199	37.51	23.24
0	200	37.43	37.15
0	201	37.42	21.16
0	202	37.4	31.23
0	203	37.34	33.88
0	204	37.29	32.38
0	205	37.13	5.49
0	206	37.1	10.01
0	207	37.01	30.0
0	208	36.84	34.05
0	209	36.76	30.7
0	210	36.6	5.46
0	211	36.53	32.42
0	212	36.5	34.12
0	213	36.49	0.0
0	214	36.43	8.79
0	215	36.34	24.93
0	216	36.32	17.64
0	217	35.92	33.86
0	218	35.9	32.43
0	219	35.84	17.61
0	220	35.72	34.11
0	221	35.66	27.89
0	222	35.64	31.34
0	223	35.6	24.18
0	224	35.56	0.0
0	225	35.56	28.13
0	226	35.46	33.64
0	227	35.43	28.69
0	228	35.32	25.85
0	229	35.26	0.0
0	230	35.17	32.27
0	231	34.95	31.87
0	232	34.95	0.0
0	233	34.77	33.79
0	234	34.69	23.15
0	235	34.61	24.93
0	236	34.45	30.38
0	237	34.39	16.3
0	238	34.2	33.63
0	239	34.2	34.03
0	240	34.16	28.9
0	241	34.13	32.19
0	242	33.93	0.0
0	243	33.81	33.35
0	244	33.78	6.34
0	245	33.75	20.54
0	246	33.66	16.63
0	247	33.53	18.29
0	248	33.34	31.95
0	249	33.29	29.86
0	250	32.72	32.47
0	251	32.7	29.85
0	252	32.58	20.59
0	253	32.47	25.52
0	254	32.39	29.53
0	255	32.31	31.78
0	256	32.29	2.54
0	257	32.01	12.68
0	258	31.95	26.76
0	259	31.91	21.85
0	260	31.8	30.12
0	261	31.78	26.57
0	262	31.7	30.31
0	263	31.67	27.71
0	264	31.64	26.26
0	265	31.49	29.02
0	266	31.43	23.18
0	267	31.36	31.09
0	268	31.32	29.06
0	269	31.2	30.28
0	270	31.13	18.64
0	271	31.01	20.77
0	272	31.01	24.01
0	273	30.95	0.0
0	274	30.92	27.58
0	275	30.8	30.51
0	276	30.76	3.39
0	277	30.76	0.0
0	278	30.69	22.63
0	279	30.68	8.2
0	280	30.54	22.92
0	281	30.51	8.47
0	282	30.36	26.94
0	283	30.28	25.34
0	284	30.2	25.31
0	285	30.12	29.31
0	286	30.1	25.46
0	287	30.04	25.75
0	288	29.95	19.01
0	289	29.89	28.72
0	290	29.83	18.0
0	291	29.8	26.33
0	292	29.71	24.72
0	293	29.58	23.54
0	294	29.52	19.3
0	295	29.42	26.13
0	296	29.36	25.58
0	297	29.33	9.12
0	298	29.25	12.0
0	299	29.18	0.31
0	300	29.04	23.25
0	301	29.01	24.37
0	302	28.9	15.4
0	303	28.85	0.0
0	304	28.77	23.49
0	305	28.65	28.31
0	306	28.42	18.94
0	307	28.33	28.12
0	308	28.23	26.46
0	309	28.1	22.44
0	310	28.02	2.59
0	311	27.97	26.37
0	312	27.93	22.42
0	313	27.89	26.42
0	314	27.81	21.61
0	315	27.8	6.69
0	316	27.76	14.27
0	317	27.71	25.57
0	318	27.65	26.88
0	319	27.61	1.01
0	320	27.48	9.05
0	321	27.33	24.12
0	322	27.23	24.92
0	323	27.09	18.45
0	324	27.01	16.91
0	325	27.01	14.02
0	326	26.99	26.72
0	327	26.77	24.67
0	328	26.77	24.78
0	329	26.76	5.34
0	330	26.74	6.61
0	331	26.74	21.38
0	332	26.74	25.85
0	333	26.71	17.96
0	334	26.69	16.63
0	335	26.56	5.23
0	336	26.53	14.72
0	337	26.47	26.02
0	338	26.41	21.31
0	339	26.32	24.94
0	340	26.32	19.45
0	341	26.27	23.89
0	342	26.23	8.4
0	343	26.2	8.58
0	344	26.15	21.65
0	345	26.14	23.72
0	346	26.08	16.58
0	347	26.01	12.04
0	348	25.98	14.74
0	349	25.86	13.81
0	350	25.83	24.12
0	351	25.72	21.22
0	352	25.68	16.88
0	353	25.64	9.89
0	354	25.55	0.86
0	355	25.41	0.0
0	356	25.28	13.61
0	357	25.23	19.85
0	358	25.2	9.78
0	359	25.19	14.29
0	360	25.11	14.68
0	361	25.01	8.59
0	362	24.98	21.46
0	363	24.97	14.41
0	364	24.94	13.72
0	365	24.89	18.56
0	366	24.81	23.73
0	367	24.79	16.31
0	368	24.73	12.04
0	369	24.6	19.8
0	370	24.55	0.0
0	371	24.51	15.62
0	372	24.39	12.55
0	373	24.34	0.17
0	374	24.3	6.57
0	375	24.29	23.43
0	376	24.27	12.78
0	377	24.26	20.36
0	378	24.19	20.44
0	379	24.07	7.99
0	380	24.02	15.98
0	381	23.99	1.04
0	382	23.95	21.36
0	383	23.92	15.7
0	384	23.87	10.65
0	385	23.8	5.75
0	386	23.78	9.59
0	387	23.77	11.37
0	388	23.75	8.47
0	389	23.68	8.0
0	390	23.67	22.18
0	391	23.65	3.79
0	392	23.53	17.24
0	393	23.5	19.74
0	394	23.48	1.7
0	395	23.45	7.03
0	396	23.44	15.19
0	397	23.41	2.36
0	398	23.37	9.31
0	399	23.29	0.0
0	400	23.27	23.08
0	401	23.26	0.0
0	402	23.23	15.56
0	403	23.13	18.39
0	404	23.1	16.95
0	405	23.09	13.46
0	406	23.03	21.05
0	407	23.03	1.97
0	408	22.99	8.36
0	409	22.89	0.0
0	410	22.87	7.4
0	411	22.84	17.08
0	412	22.77	19.09
0	413	22.75	18.7
0	414	22.74	0.0
0	415	22.73	21.22
0	416	22.58	20.65
0	417	22.57	0.0
0	418	22.54	15.18
0	419	22.51	19.24
0	420	22.51	0.0
0	421	22.49	19.87
0	422	22.47	19.39
0	423	22.46	11.86
0	424	22.46	0.0
0	425	22.41	13.28
0	426	22.4	12.83
0	427	22.39	13.74
0	428	22.27	3.56
0	429	22.27	15.77
0	430	22.21	20.35
0	431	22.2	19.35
0	432	22.19	22.17
0	433	22.16	12.34
0	434	22.11	0.0
0	435	22.07	10.49
0	436	22.05	15.15
0	437	22.04	11.78
0	438	21.96	2.94
0	439	21.94	17.13
0	440	21.93	20.76
0	441	21.89	14.79
0	442	21.81	15.67
0	443	21.8	6.58
0	444	21.72	8.44
0	445	21.71	20.0
0	446	21.64	19.65
0	447	21.55	17.5
0	448	21.54	20.45
0	449	21.52	9.76
0	450	21.52	7.88
0	451	21.36	14.19
0	452	21.35	5.81
0	453	21.29	0.0
0	454	21.27	16.08
0	455	21.2	19.37
0	456	21.2	18.15
0	457	21.18	0.0
0	458	21.18	18.29
0	459	21.18	2.85
0	460	21.18	3.53
0	461	21.14	11.11
0	462	21.13	0.0
0	463	21.01	20.83
0	464	20.95	9.99
0	465	20.93	19.04
0	466	20.91	5.42
0	467	20.91	12.71
0	468	20.9	16.72
0	469	20.88	3.42
0	470	20.85	0.86
0	471	20.83	12.78
0	472	20.8	17.27
0	473	20.76	0.0
0	474	20.72	0.0
0	475	20.71	9.31
0	476	20.7	13.95
0	477	20.69	17.67
0	478	20.69	18.15
0	479	20.61	18.27
0	480	20.61	0.0
0	481	20.61	13.06
0	482	20.59	19.22
0	483	20.58	12.08
0	484	20.53	16.63
0	485	20.48	20.41
0	486	20.4	15.88
0	487	20.36	12.28
0	488	20.35	6.58
0	489	20.29	8.58
0	490	20.27	6.7
0	491	20.2	16.0
0	492	20.17	12.45
0	493	20.15	15.19
0	494	20.15	14.56
0	495	20.11	19.38
0	496	20.1	17.63
0	497	20.09	14.57
0	498	20.03	9.57
0	499	19.96	8.53
0	500	19.93	18.76
0	501	19.91	9.23
0	502	19.89	18.42
0	503	19.86	0.0
0	504	19.85	0.0
0	505	19.72	4.64
0	506	19.63	17.24
0	507	19.63	17.94
0	508	19.55	4.48
0	509	19.54	12.73
0	510	19.44	0.0
0	511	19.44	9.4
0	512	19.37	9.85
0	513	19.36	17.13
0	514	19.35	11.05
0	515	19.35	14.29
0	516	19.33	12.75
0	517	19.33	18.69
0	518	19.3	18.32
0	519	19.23	0.0
0	520	19.16	10.2
0	521	19.14	18.15
0	522	19.14	0.0
0	523	19.1	6.96
0	524	19.05	14.59
0	525	19.04	8.87
0	526	18.99	0.0
0	527	18.94	14.81
0	528	18.92	0.0
0	529	18.88	18.08
0	530	18.85	0.0
0	531	18.85	15.76
0	532	18.84	17.44
0	533	18.84	16.89
0	534	18.82	5.28
0	535	18.77	3.38
0	536	18.76	18.29
0	537	18.72	16.47
0	538	18.71	8.59
0	539	18.68	16.9
0	540	18.64	0.0
0	541	18.64	17.37
0	542	18.63	9.16
0	543	18.63	10.15
0	544	18.57	15.97
0	545	18.52	12.49
0	546	18.51	17.21
0	547	18.51	16.25
0	548	18.49	0.0
0	549	18.48	3.82
0	550	18.47	9.68
0	551	18.43	13.16
0	552	18.28	18.22
0	553	18.24	11.73
0	554	18.23	14.34
0	555	18.15	16.78
0	556	18.08	13.73
0	557	18.06	0.0
0	558	18.0	0.0
0	559	17.99	17.17
0	560	17.91	14.55
0	561	17.87	14.82
0	562	17.86	0.0
0	563	17.85	13.5
0	564	17.78	4.08
0	565	17.76	10.5
0	566	17.74	13.72
0	567	17.73	16.37
0	568	17.61	17.53
0	569	17.52	15.66
0	570	17.52	14.2
0	571	17.47	0.45
0	572	17.47	12.55
0	573	17.46	9.99
0	574	17.42	2.31
0	575	17.38	8.74
0	576	17.37	11.14
0	577	17.34	16.47
0	578	17.32	10.4
0	579	17.3	0.0
0	580	17.29	14.01
0	581	17.27	10.95
0	582	17.26	9.32
0	583	17.21	5.19
0	584	17.19	17.02
0	585	17.17	5.56
0	586	17.14	0.0
0	587	17.11	10.93
0	588	17.09	16.05
0	589	17.09	13.04
0	590	16.99	11.58
0	591	16.95	0.73
0	592	16.94	3.58
0	593	16.91	8.34
0	594	16.86	5.86
0	595	16.85	10.17
0	596	16.84	0.0
0	597	16.81	0.0
0	598	16.75	12.47
0	599	16.75	16.15
0	600	16.74	0.92
0	601	16.71	9.77
0	602	16.69	16.59
0	603	16.67	0.0
0	604	16.67	9.47
0	605	16.63	5.7
0	606	16.61	10.31
0	607	16.61	8.96
0	608	16.58	14.82
0	609	16.55	9.45
0	610	16.55	11.76
0	611	16.55	16.15
0	612	16.53	0.0
0	613	16.53	1.23
0	614	16.47	14.07
0	615	16.43	3.76
0	616	16.43	16.15
0	617	16.4	7.41
0	618	16.39	0.0
0	619	16.37	15.19
0	620	16.36	12.77
0	621	16.36	0.0
0	622	16.35	9.19
0	623	16.35	0.0
0	624	16.35	7.4
0	625	16.34	11.43
0	626	16.31	0.0
0	627	16.29	0.0
0	628	16.29	15.48
0	629	16.28	15.02
0	630	16.26	0.0
0	631	16.23	0.0
0	632	16.22	12.18
0	633	16.22	5.44
0	634	16.17	8.81
0	635	16.17	11.32
0	636	16.16	12.14
0	637	16.11	14.12
0	638	16.11	0.0
0	639	16.07	11.97
0	640	16.03	15.77
0	641	16.03	0.1
0	642	16.01	0.0
0	643	16.01	13.57
0	644	15.99	4.41
0	645	15.95	0.47
0	646	15.92	8.42
0	647	15.92	15.82
0	648	15.85	1.81
0	649	15.85	10.49
0	650	15.79	5.11
0	651	15.78	0.0
0	652	15.78	0.0
0	653	15.77	14.65
0	654	15.74	0.0
0	655	15.73	5.69
0	656	15.72	9.88
0	657	15.66	0.0
0	658	15.65	0.29
0	659	15.63	14.83
0	660	15.58	0.14
0	661	15.56	0.0
0	662	15.47	4.18
0	663	15.43	10.23
0	664	15.41	1.17
0	665	15.35	6.51
0	666	15.31	3.29
0	667	15.31	0.0
0	668	15.3	0.0
0	669	15.28	13.97
0	670	15.25	14.03
0	671	15.24	6.02
0	672	15.19	15.08
0	673	15.18	10.3
0	674	15.18	2.1
0	675	15.15	14.69
0	676	15.13	0.0
0	677	15.12	12.22
0	678	15.11	14.29
0	679	15.06	5.18
0	680	14.98	7.84
0	681	14.93	0.0
0	682	14.92	14.57
0	683	14.91	11.21
0	684	14.89	13.12
0	685	14.88	13.69
0	686	14.86	0.0
0	687	14.86	0.0
0	688	14.86	7.72
0	689	14.85	9.29
0	690	14.83	8.52
0	691	14.78	12.02
0	692	14.78	4.33
0	693	14.76	6.49
0	694	14.72	0.0
0	695	14.71	0.0
0	696	14.69	5.24
0	697	14.69	11.47
0	698	14.68	12.58
0	699	14.64	0.0
0	700	14.63	7.4
0	701	14.63	8.48
0	702	14.6	11.57
0	703	14.6	14.02
0	704	14.57	9.93
0	705	14.53	0.0
0	706	14.48	13.99
0	707	14.44	11.62
0	708	14.41	8.45
0	709	14.41	10.93
0	710	14.39	12.65
0	711	14.38	13.25
0	712	14.37	7.37
0	713	14.37	8.87
0	714	14.36	13.45
0	715	14.35	2.11
0	716	14.34	9.77
0	717	14.32	5.0
0	718	14.26	0.0
0	719	14.25	9.09
0	720	14.24	0.0
0	721	14.23	5.5
0	722	14.22	10.8
0	723	14.21	6.36
0	724	14.14	12.69
0	725	14.14	0.27
0	726	14.09	10.6
0	727	14.05	9.3
0	728	14.04	11.18
0	729	14.03	0.0
0	730	13.96	10.33
0	731	13.94	7.84
0	732	13.93	0.0
0	733	13.93	10.29
0	734	13.92	0.0
0	735	13.91	13.46
0	736	13.91	0.0
0	737	13.89	13.57
0	738	13.89	0.0
0	739	13.89	9.61
0	740	13.83	6.39
0	741	13.82	12.04
0	742	13.81	0.0
0	743	13.8	11.34
0	744	13.74	0.0
0	745	13.71	0.0
0	746	13.71	2.97
0	747	13.69	10.5
0	748	13.68	4.97
0	749	13.66	11.34
0	750	13.64	0.55
0	751	13.58	8.11
0	752	13.58	9.13
0	753	13.57	9.05
0	754	13.55	0.22
0	755	13.54	7.43
0	756	13.53	9.22
0	757	13.53	13.25
0	758	13.51	13.17
0	759	13.51	10.08
0	760	13.49	10.54
0	761	13.47	0.0
0	762	13.47	8.23
0	763	13.44	10.45
0	764	13.44	12.19
0	765	13.43	9.17
0	766	13.41	10.47
0	767	13.41	5.82
0	768	13.37	4.66
0	769	13.33	0.0
0	770	13.33	0.0
0	771	13.32	0.32
0	772	13.32	13.22
0	773	13.31	12.2
0	774	13.29	7.03
0	775	13.27	11.62
0	776	13.26	10.95
0	777	13.25	6.1
0	778	13.23	7.87
0	779	13.23	0.0
0	780	13.22	6.03
0	781	13.21	9.29
0	782	13.15	7.52
0	783	13.12	10.85
0	784	13.11	0.0
0	785	13.1	0.0
0	786	13.1	2.94
0	787	13.09	0.0
0	788	13.09	0.0
0	789	13.03	0.0
0	790	13.02	12.3
0	791	13.02	6.19
0	792	13.0	11.05
0	793	12.98	9.11
0	794	12.97	11.19
0	795	12.96	11.18
0	796	12.95	11.85
0	797	12.95	1.04
0	798	12.93	0.0
0	799	12.9	11.18
0	800	12.9	10.04
0	801	12.89	0.0
0	802	12.88	4.1
0	803	12.87	9.9
0	804	12.85	0.0
0	805	12.84	4.53
0	806	12.82	3.32
0	807	12.79	11.03
0	808	12.76	0.0
0	809	12.76	1.66
0	810	12.67	2.34
0	811	12.66	1.03
0	812	12.65	1.6
0	813	12.62	0.0
0	814	12.6	0.0
0	815	12.59	9.98
0	816	12.59	0.0
0	817	12.53	0.0
0	818	12.48	1.09
0	819	12.46	0.0
0	820	12.44	4.73
0	821	12.43	4.42
0	822	12.39	0.0
0	823	12.38	10.85
0	824	12.36	0.48
0	825	12.34	5.43
0	826	12.31	0.0
0	827	12.3	0.0
0	828	12.28	11.18
0	829	12.28	10.54
0	830	12.27	12.11
0	831	12.27	11.36
0	832	12.18	7.73
0	833	12.18	7.95
0	834	12.16	0.0
0	835	12.12	0.0
0	836	12.12	0.73
0	837	12.12	10.43
0	838	12.11	7.32
0	839	12.11	11.12
0	840	12.11	11.33
0	841	12.09	0.0
0	842	12.08	0.0
0	843	12.05	0.0
0	844	12.04	9.58
0	845	12.02	9.03
0	846	12.02	8.71
0	847	12.01	0.0
0	848	11.99	5.46
0	849	11.95	5.4
0	850	11.91	4.91
0	851	11.9	0.0
0	852	11.87	9.94
0	853	11.87	7.67
0	854	11.86	3.8
0	855	11.86	0.0
0	856	11.78	6.78
0	857	11.75	8.57
0	858	11.74	8.67
0	859	11.74	4.6
0	860	11.72	8.3
0	861	11.72	10.9
0	862	11.69	5.42
0	863	11.68	0.0
0	864	11.67	9.58
0	865	11.67	7.75
0	866	11.62	0.0
0	867	11.62	0.0
0	868	11.61	10.58
0	869	11.57	7.83
0	870	11.55	0.0
0	871	11.55	5.4
0	872	11.53	0.45
0	873	11.51	0.0
0	874	11.51	8.32
0	875	11.49	6.6
0	876	11.48	4.14
0	877	11.47	2.11
0	878	11.46	8.94
0	879	11.45	0.0
0	880	11.45	5.91
0	881	11.43	10.68
0	882	11.38	6.36
0	883	11.35	5.39
0	884	11.35	0.0
0	885	11.35	0.0
0	886	11.32	9.0
0	887	11.32	0.0
0	888	11.32	4.33
0	889	11.28	1.61
0	890	11.28	7.16
0	891	11.27	11.26
0	892	11.26	5.41
0	893	11.25	0.0
0	894	11.24	0.0
0	895	11.24	4.98
0	896	11.22	6.44
0	897	11.22	0.0
0	898	11.2	10.41
0	899	11.2	3.06
0	900	11.2	9.14
0	901	11.19	5.1
0	902	11.17	5.69
0	903	11.17	3.7
0	904	11.16	0.0
0	905	11.16	0.0
0	906	11.15	0.0
0	907	11.15	0.0
0	908	11.15	10.42
0	909	11.14	4.81
0	910	11.13	9.92
0	911	11.09	7.28
0	912	11.03	8.47
0	913	11.03	0.0
0	914	11.01	9.95
0	915	10.96	0.0
0	916	10.95	0.0
0	917	10.92	0.0
0	918	10.91	0.0
0	919	10.89	8.05
0	920	10.88	4.59
0	921	10.88	2.01
0	922	10.88	0.0
0	923	10.87	0.0
0	924	10.86	0.0
0	925	10.79	0.0
0	926	10.79	10.44
0	927	10.77	9.68
0	928	10.77	0.09
0	929	10.77	4.98
0	930	10.74	0.0
0	931	10.74	5.09
0	932	10.73	0.47
0	933	10.69	1.89
0	934	10.68	7.67
0	935	10.67	9.49
0	936	10.66	5.56
0	937	10.64	3.15
0	938	10.63	0.65
0	939	10.62	6.9
0	940	10.57	0.0
0	941	10.55	0.0
0	942	10.54	5.27
0	943	10.52	0.0
0	944	10.52	0.0
0	945	10.5	7.63
0	946	10.5	1.06
0	947	10.47	0.87
0	948	10.45	7.61
0	949	10.44	6.42
0	950	10.42	0.0
0	951	10.41	9.26
0	952	10.37	0.0
0	953	10.35	6.27
0	954	10.35	0.0
0	955	10.35	9.82
0	956	10.34	0.0
0	957	10.33	3.06
0	958	10.3	7.29
0	959	10.28	8.61
0	960	10.27	0.0
0	961	10.26	7.38
0	962	10.24	0.0
0	963	10.24	0.25
0	964	10.22	9.13
0	965	10.21	6.05
0	966	10.21	0.0
0	967	10.21	0.0
0	968	10.21	0.0
0	969	10.2	6.29
0	970	10.16	1.32
0	971	10.14	0.0
0	972	10.14	5.45
0	973	10.11	9.15
0	974	10.1	9.51
0	975	10.1	10.08
0	976	10.06	8.4
0	977	10.06	3.61
0	978	10.04	6.12
0	979	10.04	0.0
0	980	10.03	9.69
0	981	10.02	0.0
0	982	10.01	1.67
0	983	10.0	0.0
0	984	9.99	0.0
0	985	9.97	7.83
0	986	9.97	0.0
0	987	9.96	0.0
0	988	9.95	0.0
0	989	9.95	3.08
0	990	9.94	0.0
0	991	9.93	0.0
0	992	9.93	0.0
0	993	9.91	3.76
0	994	9.91	6.97
0	995	9.9	0.0
0	996	9.89	9.7
0	997	9.85	0.0
0	998	9.84	8.19
0	999	9.83	6.37
0	1000	9.81	1.32
0	1001	9.8	8.49
0	1002	9.79	0.0
0	1003	9.76	7.73
0	1004	9.74	0.0
0	1005	9.73	0.0
0	1006	9.7	5.34
0	1007	9.69	6.2
0	1008	9.69	4.01
0	1009	9.65	0.0
0	1010	9.63	0.0
0	1011	9.63	0.0
0	1012	9.59	4.47
0	1013	9.59	0.0
0	1014	9.59	0.0
0	1015	9.53	4.75
0	1016	9.5	8.17
0	1017	9.46	7.8
0	1018	9.45	0.54
0	1019	9.44	7.67
0	1020	9.44	7.95
0	1021	9.4	0.0
0	1022	9.36	0.0
0	1023	9.35	0.0
0	1024	9.32	1.73
0	1025	9.3	1.08
0	1026	9.3	0.0
0	1027	9.3	0.0
0	1028	9.3	0.0
0	1029	9.26	8.31
0	1030	9.22	5.24
0	1031	9.21	4.76
0	1032	9.21	0.65
0	1033	9.2	1.46
0	1034	9.19	6.75
0	1035	9.19	0.0
0	1036	9.17	0.59
0	1037	9.15	0.0
0	1038	9.14	0.0
0	1039	9.07	3.42
0	1040	9.07	2.16
0	1041	9.02	0.0
0	1042	9.01	0.0
0	1043	8.99	8.63
0	1044	8.95	0.0
0	1045	8.94	0.0
0	1046	8.92	0.0
0	1047	8.92	3.46
0	1048	8.92	0.0
0	1049	8.92	0.0
0	1050	8.92	4.59
0	1051	8.92	1.83
0	1052	8.91	0.0
0	1053	8.88	0.0
0	1054	8.87	0.0
0	1055	8.83	6.09
0	1056	8.82	7.47
0	1057	8.82	8.58
0	1058	8.81	0.0
0	1059	8.79	0.0
0	1060	8.77	0.0
0	1061	8.76	5.17
0	1062	8.76	2.07
0	1063	8.75	0.0
0	1064	8.74	0.0
0	1065	8.74	0.0
0	1066	8.73	4.83
0	1067	8.71	0.0
0	1068	8.7	5.8
0	1069	8.65	4.76
0	1070	8.63	6.02
0	1071	8.62	7.49
0	1072	8.62	1.82
0	1073	8.59	0.0
0	1074	8.56	0.0
0	1075	8.56	3.0
0	1076	8.51	4.44
0	1077	8.49	0.0
0	1078	8.48	0.0
0	1079	8.47	0.0
0	1080	8.46	4.18
0	1081	8.46	0.0
0	1082	8.45	4.02
0	1083	8.43	2.34
0	1084	8.41	5.76
0	1085	8.4	6.36
0	1086	8.37	1.41
0	1087	8.36	0.0
0	1088	8.36	7.2
0	1089	8.35	0.0
0	1090	8.34	1.71
0	1091	8.34	4.96
0	1092	8.33	4.01
0	1093	8.32	2.95
0	1094	8.32	4.2
0	1095	8.32	0.0
0	1096	8.32	4.4
0	1097	8.29	0.0
0	1098	8.28	3.05
0	1099	8.28	7.8
0	1100	8.27	0.0
0	1101	8.26	0.0
0	1102	8.26	0.0
0	1103	8.25	3.92
0	1104	8.25	3.73
0	1105	8.24	0.0
0	1106	8.22	6.27
0	1107	8.2	6.33
0	1108	8.19	1.89
0	1109	8.18	6.08
0	1110	8.15	0.0
0	1111	8.14	0.0
0	1112	8.13	0.0
0	1113	8.1	0.0
0	1114	8.07	0.0
0	1115	8.03	0.0
0	1116	8.02	0.5
0	1117	8.0	7.24
0	1118	8.0	0.0
0	1119	7.98	3.49
0	1120	7.98	0.0
0	1121	7.88	3.23
0	1122	7.88	6.39
0	1123	7.88	0.0
0	1124	7.87	0.0
0	1125	7.86	7.02
0	1126	7.83	6.03
0	1127	7.83	1.21
0	1128	7.8	6.36
0	1129	7.8	6.36
0	1130	7.79	0.0
0	1131	7.79	7.1
0	1132	7.77	7.54
0	1133	7.77	0.68
0	1134	7.75	0.12
0	1135	7.74	0.0
0	1136	7.61	0.0
0	1137	7.59	7.02
0	1138	7.57	4.51
0	1139	7.57	3.33
0	1140	7.55	0.25
0	1141	7.52	3.49
0	1142	7.52	4.38
0	1143	7.51	4.15
0	1144	7.49	0.88
0	1145	7.49	0.0
0	1146	7.45	1.22
0	1147	7.45	2.76
0	1148	7.44	0.53
0	1149	7.43	6.2
0	1150	7.42	0.45
0	1151	7.42	0.0
0	1152	7.37	5.37
0	1153	7.37	0.0
0	1154	7.36	0.0
0	1155	7.32	0.0
0	1156	7.32	4.55
0	1157	7.3	0.0
0	1158	7.28	0.0
0	1159	7.27	5.94
0	1160	7.27	0.0
0	1161	7.27	0.0
0	1162	7.24	0.0
0	1163	7.23	4.55
0	1164	7.23	0.0
0	1165	7.22	0.0
0	1166	7.21	6.46
0	1167	7.17	2.16
0	1168	7.17	0.0
0	1169	7.17	7.03
0	1170	7.17	0.0
0	1171	7.16	0.0
0	1172	7.16	5.84
0	1173	7.15	0.0
0	1174	7.15	0.0
0	1175	7.13	6.71
0	1176	7.12	4.21
0	1177	7.12	3.06
0	1178	7.12	1.59
0	1179	7.09	1.52
0	1180	7.07	3.03
0	1181	7.04	0.32
0	1182	7.02	4.78
0	1183	7.02	0.0
0	1184	6.97	0.0
0	1185	6.96	0.0
0	1186	6.96	0.0
0	1187	6.94	6.26
0	1188	6.93	0.0
0	1189	6.92	0.0
0	1190	6.91	6.81
0	1191	6.9	2.24
0	1192	6.9	0.0
0	1193	6.89	3.96
0	1194	6.89	0.0
0	1195	6.88	0.0
0	1196	6.88	0.0
0	1197	6.88	2.75
0	1198	6.87	0.91
0	1199	6.87	0.0
0	1200	6.86	0.0
0	1201	6.86	5.03
0	1202	6.83	0.0
0	1203	6.78	0.0
0	1204	6.78	1.43
0	1205	6.77	6.21
0	1206	6.77	6.0
0	1207	6.77	6.02
0	1208	6.75	1.74
0	1209	6.72	3.36
0	1210	6.69	0.0
0	1211	6.67	0.0
0	1212	6.65	0.0
0	1213	6.64	4.18
0	1214	6.62	0.0
0	1215	6.62	2.16
0	1216	6.61	4.42
0	1217	6.61	1.86
0	1218	6.57	0.0
0	1219	6.55	0.0
0	1220	6.52	5.78
0	1221	6.51	0.0
0	1222	6.51	1.08
0	1223	6.5	1.63
0	1224	6.49	1.56
0	1225	6.47	0.0
0	1226	6.47	0.0
0	1227	6.46	0.0
0	1228	6.44	0.0
0	1229	6.44	0.0
0	1230	6.43	5.76
0	1231	6.43	0.0
0	1232	6.43	3.99
0	1233	6.4	4.62
0	1234	6.39	0.11
0	1235	6.38	3.43
0	1236	6.31	0.0
0	1237	6.31	0.0
0	1238	6.3	0.0
0	1239	6.29	0.0
0	1240	6.29	0.81
0	1241	6.28	0.0
0	1242	6.28	0.0
0	1243	6.26	0.0
0	1244	6.24	3.37
0	1245	6.21	6.11
0	1246	6.17	4.55
0	1247	6.16	0.0
0	1248	6.14	0.19
0	1249	6.14	0.0
0	1250	6.14	0.0
0	1251	6.13	0.0
0	1252	6.11	3.41
0	1253	6.11	5.88
0	1254	6.11	2.45
0	1255	6.09	0.0
0	1256	6.08	0.0
0	1257	6.07	0.0
0	1258	6.06	0.0
0	1259	6.04	0.0
0	1260	6.03	3.41
0	1261	6.01	4.3
0	1262	6.01	0.0
0	1263	5.99	0.0
0	1264	5.97	4.74
0	1265	5.96	0.0
0	1266	5.93	0.0
0	1267	5.92	1.72
0	1268	5.89	3.96
0	1269	5.84	5.41
0	1270	5.83	0.0
0	1271	5.82	0.0
0	1272	5.78	0.0
0	1273	5.77	1.53
0	1274	5.77	0.0
0	1275	5.77	0.0
0	1276	5.77	5.09
0	1277	5.76	0.0
0	1278	5.75	3.6
0	1279	5.75	0.0
0	1280	5.73	5.36
0	1281	5.73	0.0
0	1282	5.73	0.6
0	1283	5.72	4.92
0	1284	5.7	2.61
0	1285	5.7	0.0
0	1286	5.69	4.34
0	1287	5.68	0.0
0	1288	5.68	0.0
0	1289	5.67	0.0
0	1290	5.65	0.0
0	1291	5.65	4.92
0	1292	5.65	0.0
0	1293	5.65	0.0
0	1294	5.63	4.69
0	1295	5.62	0.14
0	1296	5.62	0.0
0	1297	5.61	0.0
0	1298	5.59	0.0
0	1299	5.59	0.0
0	1300	5.57	3.53
0	1301	5.57	0.0
0	1302	5.57	3.54
0	1303	5.54	0.0
0	1304	5.52	0.0
0	1305	5.51	0.0
0	1306	5.5	3.07
0	1307	5.5	4.09
0	1308	5.49	0.0
0	1309	5.49	0.0
0	1310	5.49	0.0
0	1311	5.49	0.0
0	1312	5.46	0.0
0	1313	5.46	3.44
0	1314	5.45	3.93
0	1315	5.44	0.0
0	1316	5.43	1.77
0	1317	5.43	0.0
0	1318	5.42	0.0
0	1319	5.42	0.72
0	1320	5.42	5.23
0	1321	5.4	3.38
0	1322	5.39	0.82
0	1323	5.38	2.44
0	1324	5.38	1.26
0	1325	5.37	0.62
0	1326	5.37	0.0
0	1327	5.36	0.0
0	1328	5.35	4.65
0	1329	5.35	0.0
0	1330	5.34	0.0
0	1331	5.34	3.2
0	1332	5.33	2.71
0	1333	5.33	0.0
0	1334	5.32	4.05
0	1335	5.32	2.98
0	1336	5.31	0.0
0	1337	5.31	4.65
0	1338	5.3	0.0
0	1339	5.26	2.52
0	1340	5.25	0.0
0	1341	5.23	0.0
0	1342	5.21	0.0
0	1343	5.2	0.0
0	1344	5.19	0.0
0	1345	5.18	3.77
0	1346	5.17	4.17
0	1347	5.17	4.24
0	1348	5.15	0.0
0	1349	5.15	3.55
0	1350	5.14	0.77
0	1351	5.13	5.05
0	1352	5.13	3.89
0	1353	5.12	0.0
0	1354	5.12	3.48
0	1355	5.1	0.0
0	1356	5.08	3.09
0	1357	5.07	0.0
0	1358	5.07	4.26
0	1359	5.07	0.0
0	1360	5.06	0.0
0	1361	5.05	1.25
0	1362	5.03	0.0
0	1363	5.02	0.0
0	1364	5.02	0.91
0	1365	5.0	3.08
0	1366	4.97	0.0
0	1367	4.97	3.11
0	1368	4.96	0.0
0	1369	4.96	0.0
0	1370	4.95	0.0
0	1371	4.93	0.0
0	1372	4.93	0.0
0	1373	4.92	4.6
0	1374	4.91	0.02
0	1375	4.9	0.0
0	1376	4.84	0.0
0	1377	4.83	4.38
0	1378	4.83	3.42
0	1379	4.83	4.06
0	1380	4.83	2.96
0	1381	4.83	0.0
0	1382	4.83	0.0
0	1383	4.81	2.74
0	1384	4.81	0.0
0	1385	4.78	0.0
0	1386	4.77	4.07
0	1387	4.77	4.18
0	1388	4.77	0.96
0	1389	4.76	0.0
0	1390	4.76	0.0
0	1391	4.75	0.0
0	1392	4.75	0.0
0	1393	4.73	0.0
0	1394	4.71	0.0
0	1395	4.7	0.0
0	1396	4.69	2.68
0	1397	4.68	0.0
0	1398	4.67	1.53
0	1399	4.67	0.0
0	1400	4.66	0.54
0	1401	4.66	0.0
0	1402	4.66	0.54
0	1403	4.65	0.0
0	1404	4.65	0.0
0	1405	4.63	2.09
0	1406	4.61	0.0
0	1407	4.59	4.54
0	1408	4.58	0.0
0	1409	4.53	0.0
0	1410	4.49	0.0
0	1411	4.49	0.0
0	1412	4.48	0.0
0	1413	4.48	0.0
0	1414	4.45	1.46
0	1415	4.44	0.0
0	1416	4.42	1.8
0	1417	4.42	0.0
0	1418	4.41	0.0
0	1419	4.4	0.0
0	1420	4.38	0.0
0	1421	4.36	0.0
0	1422	4.35	0.0
0	1423	4.33	0.0
0	1424	4.33	0.0
0	1425	4.3	0.0
0	1426	4.27	0.0
0	1427	4.26	0.28
0	1428	4.26	0.0
0	1429	4.26	0.0
0	1430	4.24	0.0
0	1431	4.23	0.0
0	1432	4.21	2.61
0	1433	4.19	0.0
0	1434	4.17	2.5
0	1435	4.16	3.85
0	1436	4.13	0.0
0	1437	4.13	0.0
0	1438	4.13	0.0
0	1439	4.12	0.0
0	1440	4.11	0.0
0	1441	4.08	0.48
0	1442	4.08	0.0
0	1443	4.06	0.0
0	1444	4.05	0.0
0	1445	4.04	0.0
0	1446	4.03	3.41
0	1447	4.02	0.0
0	1448	4.02	0.0
0	1449	4.01	0.0
0	1450	4.01	0.0
0	1451	4.01	0.0
0	1452	4.01	0.0
0	1453	4.0	0.0
0	1454	3.99	0.0
0	1455	3.95	3.45
0	1456	3.93	0.0
0	1457	3.91	2.09
0	1458	3.87	0.0
0	1459	3.87	1.09
0	1460	3.86	0.0
0	1461	3.83	3.63
0	1462	3.81	0.0
0	1463	3.8	0.0
0	1464	3.79	0.0
0	1465	3.79	3.01
0	1466	3.77	0.0
0	1467	3.75	0.0
0	1468	3.73	0.0
0	1469	3.72	0.0
0	1470	3.69	0.17
0	1471	3.67	0.75
0	1472	3.66	0.0
0	1473	3.62	0.0
0	1474	3.62	0.0
0	1475	3.61	0.0
0	1476	3.55	2.62
0	1477	3.54	0.09
0	1478	3.53	0.0
0	1479	3.52	0.0
0	1480	3.52	0.78
0	1481	3.51	0.0
0	1482	3.5	0.0
0	1483	3.48	0.0
0	1484	3.46	0.0
0	1485	3.43	0.0
0	1486	3.42	0.0
0	1487	3.41	0.0
0	1488	3.38	2.61
0	1489	3.37	0.0
0	1490	3.37	0.59
0	1491	3.36	0.0
0	1492	3.33	0.0
0	1493	3.32	0.0
0	1494	3.31	0.0
0	1495	3.3	0.0
0	1496	3.27	0.0
0	1497	3.27	0.0
0	1498	3.25	2.98
0	1499	3.25	0.0
0	1500	3.25	0.0
0	1501	3.24	0.0
0	1502	3.24	0.0
0	1503	3.23	0.0
0	1504	3.22	2.13
0	1505	3.21	0.0
0	1506	3.21	1.55
0	1507	3.2	0.0
0	1508	3.2	0.0
0	1509	3.2	0.0
0	1510	3.2	0.0
0	1511	3.2	0.0
0	1512	3.19	0.51
0	1513	3.19	2.06
0	1514	3.18	0.0
0	1515	3.18	2.42
0	1516	3.16	2.31
0	1517	3.16	0.0
0	1518	3.14	2.43
0	1519	3.12	0.0
0	1520	3.11	0.0
0	1521	3.07	0.0
0	1522	3.06	0.0
0	1523	3.06	0.81
0	1524	3.06	0.0
0	1525	3.05	0.0
0	1526	3.05	1.9
0	1527	3.05	0.0
0	1528	3.04	2.51
0	1529	3.04	0.84
0	1530	3.04	0.0
0	1531	3.03	1.47
0	1532	3.0	0.0
0	1533	2.99	0.0
0	1534	2.97	0.0
0	1535	2.96	0.0
0	1536	2.96	0.06
0	1537	2.95	1.61
0	1538	2.95	0.0
0	1539	2.94	0.0
0	1540	2.88	0.0
0	1541	2.88	0.0
0	1542	2.88	0.0
0	1543	2.86	0.76
0	1544	2.85	0.0
0	1545	2.84	0.0
0	1546	2.84	0.0
0	1547	2.84	0.0
0	1548	2.83	1.0
0	1549	2.82	2.22
0	1550	2.81	0.0
0	1551	2.8	0.0
0	1552	2.8	0.0
0	1553	2.79	0.03
0	1554	2.78	0.0
0	1555	2.78	0.0
0	1556	2.77	0.0
0	1557	2.77	0.0
0	1558	2.76	0.0
0	1559	2.76	0.93
0	1560	2.76	2.07
0	1561	2.72	0.0
0	1562	2.72	2.27
0	1563	2.72	0.0
0	1564	2.71	0.8
0	1565	2.71	2.41
0	1566	2.71	0.0
0	1567	2.7	0.0
0	1568	2.7	0.0
0	1569	2.66	0.0
0	1570	2.65	0.0
0	1571	2.65	1.53
0	1572	2.64	0.0
0	1573	2.64	0.0
0	1574	2.64	0.0
0	1575	2.63	0.0
0	1576	2.62	0.0
0	1577	2.61	0.0
0	1578	2.61	0.0
0	1579	2.61	0.0
0	1580	2.61	0.0
0	1581	2.61	0.0
0	1582	2.6	0.0
0	1583	2.6	0.0
0	1584	2.6	0.0
0	1585	2.6	0.0
0	1586	2.59	0.0
0	1587	2.58	0.0
0	1588	2.58	0.5
0	1589	2.57	0.0
0	1590	2.54	0.0
0	1591	2.52	0.0
0	1592	2.52	0.0
0	1593	2.5	0.41
0	1594	2.5	0.0
0	1595	2.49	0.0
0	1596	2.49	0.0
0	1597	2.47	0.0
0	1598	2.46	0.63
0	1599	2.44	0.11
0	1600	2.44	0.0
0	1601	2.42	1.16
0	1602	2.41	0.67
0	1603	2.4	0.0
0	1604	2.4	0.0
0	1605	2.38	0.0
0	1606	2.38	0.0
0	1607	2.37	0.0
0	1608	2.35	0.0
0	1609	2.33	0.0
0	1610	2.33	0.0
0	1611	2.33	0.0
0	1612	2.31	0.0
0	1613	2.31	0.0
0	1614	2.3	1.72
0	1615	2.29	0.0
0	1616	2.29	0.2
0	1617	2.26	0.0
0	1618	2.24	0.0
0	1619	2.23	0.0
0	1620	2.23	0.63
0	1621	2.23	0.0
0	1622	2.22	1.51
0	1623	2.21	0.0
0	1624	2.21	0.0
0	1625	2.21	0.0
0	1626	2.21	0.68
0	1627	2.21	0.0
0	1628	2.2	1.63
0	1629	2.2	0.0
0	1630	2.19	0.0
0	1631	2.18	1.75
0	1632	2.17	0.0
0	1633	2.16	1.82
0	1634	2.13	0.0
0	1635	2.13	0.0
0	1636	2.12	0.0
0	1637	2.11	0.74
0	1638	2.1	0.0
0	1639	2.09	0.91
0	1640	2.09	0.0
0	1641	2.09	0.07
0	1642	2.08	0.0
0	1643	2.08	0.0
0	1644	2.08	0.0
0	1645	2.07	0.63
0	1646	2.07	0.0
0	1647	2.07	0.0
0	1648	2.06	0.0
0	1649	2.06	0.0
0	1650	2.06	0.0
0	1651	2.05	0.0
0	1652	2.05	0.0
0	1653	2.03	0.0
0	1654	2.02	0.0
0	1655	2.01	0.0
0	1656	2.0	0.0
0	1657	1.94	0.0
0	1658	1.93	0.0
0	1659	1.92	0.0
0	1660	1.92	1.7
0	1661	1.91	0.0
0	1662	1.9	0.0
0	1663	1.87	0.0
0	1664	1.87	0.68
0	1665	1.86	0.0
0	1666	1.84	0.0
0	1667	1.83	0.0
0	1668	1.82	0.0
0	1669	1.8	0.0
0	1670	1.8	0.0
0	1671	1.79	0.0
0	1672	1.79	0.0
0	1673	1.78	0.0
0	1674	1.78	0.0
0	1675	1.78	0.0
0	1676	1.77	0.0
0	1677	1.76	0.0
0	1678	1.74	0.0
0	1679	1.72	0.0
0	1680	1.7	0.0
0	1681	1.7	0.0
0	1682	1.7	1.51
0	1683	1.69	0.17
0	1684	1.69	0.0
0	1685	1.68	0.0
0	1686	1.68	0.0
0	1687	1.67	0.0
0	1688	1.64	1.24
0	1689	1.63	0.0
0	1690	1.63	0.0
0	1691	1.63	0.0
0	1692	1.62	0.0
0	1693	1.61	0.0
0	1694	1.6	0.94
0	1695	1.58	0.6
0	1696	1.56	0.56
0	1697	1.55	0.33
0	1698	1.55	0.0
0	1699	1.54	0.0
0	1700	1.54	0.79
0	1701	1.52	0.0
0	1702	1.51	0.0
0	1703	1.5	0.0
0	1704	1.5	0.0
0	1705	1.48	0.0
0	1706	1.47	0.0
0	1707	1.47	0.0
0	1708	1.47	0.0
0	1709	1.47	0.0
0	1710	1.45	0.0
0	1711	1.45	0.0
0	1712	1.44	0.44
0	1713	1.42	0.0
0	1714	1.42	0.0
0	1715	1.41	0.0
0	1716	1.4	0.0
0	1717	1.4	0.0
0	1718	1.4	0.0
0	1719	1.39	0.0
0	1720	1.39	0.0
0	1721	1.38	0.0
0	1722	1.38	0.0
0	1723	1.38	0.0
0	1724	1.37	0.0
0	1725	1.34	0.0
0	1726	1.34	0.0
0	1727	1.33	0.0
0	1728	1.33	0.0
0	1729	1.3	0.0
0	1730	1.28	0.0
0	1731	1.28	0.0
0	1732	1.28	0.0
0	1733	1.26	0.0
0	1734	1.25	0.0
0	1735	1.25	0.0
0	1736	1.25	0.0
0	1737	1.23	0.0
0	1738	1.22	0.0
0	1739	1.22	0.0
0	1740	1.22	1.15
0	1741	1.21	0.0
0	1742	1.2	0.0
0	1743	1.19	0.0
0	1744	1.18	0.0
0	1745	1.18	0.0
0	1746	1.17	0.0
0	1747	1.16	0.0
0	1748	1.16	0.0
0	1749	1.15	0.33
0	1750	1.14	0.0
0	1751	1.14	0.0
0	1752	1.12	0.0
0	1753	1.12	0.0
0	1754	1.1	0.0
0	1755	1.08	0.0
0	1756	1.08	0.0
0	1757	1.07	0.0
0	1758	1.06	0.0
0	1759	1.06	0.0
0	1760	1.06	0.0
0	1761	1.05	0.0
0	1762	1.05	0.0
0	1763	1.03	0.0
0	1764	1.01	0.01
0	1765	1.01	0.0
0	1766	1.0	0.0
0	1767	0.98	0.0
0	1768	0.98	0.0
0	1769	0.98	0.0
0	1770	0.97	0.0
0	1771	0.96	0.0
0	1772	0.96	0.0
0	1773	0.95	0.0
0	1774	0.93	0.0
0	1775	0.92	0.84
0	1776	0.9	0.0
0	1777	0.88	0.0
0	1778	0.88	0.0
0	1779	0.87	0.0
0	1780	0.86	0.0
0	1781	0.85	0.0
0	1782	0.85	0.0
0	1783	0.84	0.0
0	1784	0.82	0.0
0	1785	0.82	0.0
0	1786	0.82	0.0
0	1787	0.81	0.0
0	1788	0.8	0.0
0	1789	0.8	0.0
0	1790	0.8	0.0
0	1791	0.8	0.0
0	1792	0.79	0.77
0	1793	0.79	0.0
0	1794	0.77	0.27
0	1795	0.77	0.0
0	1796	0.77	0.0
0	1797	0.76	0.0
0	1798	0.75	0.0
0	1799	0.75	0.0
0	1800	0.75	0.0
0	1801	0.75	0.0
0	1802	0.75	0.0
0	1803	0.74	0.0
0	1804	0.73	0.0
0	1805	0.73	0.0
0	1806	0.7	0.0
0	1807	0.7	0.0
0	1808	0.69	0.0
0	1809	0.69	0.0
0	1810	0.69	0.0
0	1811	0.69	0.0
0	1812	0.68	0.0
0	1813	0.67	0.0
0	1814	0.66	0.0
0	1815	0.63	0.0
0	1816	0.62	0.0
0	1817	0.62	0.0
0	1818	0.61	0.0
0	1819	0.6	0.0
0	1820	0.58	0.0
0	1821	0.57	0.0
0	1822	0.56	0.0
0	1823	0.55	0.0
0	1824	0.53	0.52
0	1825	0.53	0.0
0	1826	0.51	0.0
0	1827	0.51	0.0
0	1828	0.5	0.0
0	1829	0.5	0.0
0	1830	0.49	0.0
0	1831	0.48	0.0
0	1832	0.46	0.0
0	1833	0.46	0.0
0	1834	0.46	0.0
0	1835	0.44	0.0
0	1836	0.44	0.0
0	1837	0.44	0.0
0	1838	0.4	0.0
0	1839	0.39	0.0
0	1840	0.38	0.0
0	1841	0.38	0.0
0	1842	0.37	0.0
0	1843	0.36	0.0
0	1844	0.36	0.0
0	1845	0.34	0.07
0	1846	0.33	0.0
0	1847	0.33	0.0
0	1848	0.32	0.0
0	1849	0.32	0.0
0	1850	0.32	0.0
0	1851	0.31	0.0
0	1852	0.31	0.0
0	1853	0.3	0.0
0	1854	0.29	0.0
0	1855	0.28	0.0
0	1856	0.27	0.0
0	1857	0.26	0.0
0	1858	0.26	0.0
0	1859	0.25	0.0
0	1860	0.25	0.0
0	1861	0.25	0.0
0	1862	0.24	0.0
0	1863	0.22	0.0
0	1864	0.21	0.0
0	1865	0.2	0.0
0	1866	0.2	0.0
0	1867	0.19	0.0
0	1868	0.18	0.0
0	1869	0.18	0.0
0	1870	0.18	0.0
0	1871	0.17	0.0
0	1872	0.15	0.0
0	1873	0.14	0.0
0	1874	0.13	0.0
0	1875	0.12	0.0
0	1876	0.12	0.0
0	1877	0.12	0.0
0	1878	0.1	0.0
0	1879	0.08	0.0
0	1880	0.07	0.0
0	1881	0.07	0.0
0	1882	0.06	0.0
0	1883	0.04	0.0
0	1884	0.04	0.0
0	1885	0.04	0.0
0	1886	0.03	0.0
0	1887	0.02	0.0
0	1888	0.02	0.0
0	1889	0.02	0.0
0	1890	0.01	0.0
