clade	species	ts	te
0	1	100.0	73.58
0	2	94.96	93.56
0	3	90.58	68.16
0	4	89.99	72.18
0	5	89.9	88.03
0	6	82.78	77.3
0	7	82.09	65.37
0	8	80.96	79.73
0	9	80.71	65.67
0	10	77.64	77.09
0	11	77.44	76.97
0	12	75.33	61.08
0	13	74.48	51.6
0	14	74.41	72.58
0	15	73.82	64.19
0	16	73.45	48.96
0	17	73.35	58.81
0	18	73.01	69.45
0	19	72.87	66.82
0	20	71.68	70.46
0	21	71.29	59.32
0	22	69.63	50.46
0	23	69.61	64.26
0	24	69.44	69.06
0	25	69.22	43.13
0	26	67.12	64.14
0	27	66.83	55.56
0	28	66.7	57.63
0	29	65.59	47.37
0	30	64.59	63.52
0	31	64.4	54.11
0	32	63.89	63.5
0	33	63.47	60.72
0	34	63.09	44.67
0	35	62.23	25.47
0	36	61.33	53.75
0	37	61.1	55.28
0	38	59.74	56.34
0	39	59.52	57.36
0	40	58.21	41.36
0	41	57.92	47.54
0	42	57.39	49.91
0	43	57.01	34.33
0	44	56.33	47.19
0	45	56.05	54.28
0	46	55.59	48.3
0	47	55.56	36.05
0	48	55.27	49.66
0	49	54.4	35.66
0	50	53.84	52.36
0	51	53.48	43.33
0	52	53.19	51.02
0	53	53.02	44.9
0	54	51.85	47.25
0	55	51.63	50.69
0	56	50.94	49.86
0	57	50.89	32.45
0	58	50.56	50.54
0	59	50.13	46.99
0	60	49.05	46.59
0	61	47.92	43.17
0	62	47.8	39.04
0	63	46.83	5.01
0	64	46.36	16.02
0	65	45.56	36.25
0	66	45.55	43.7
0	67	45.4	36.43
0	68	45.24	42.24
0	69	45.12	44.27
0	70	45.1	32.15
0	71	45.06	41.02
0	72	45.05	40.47
0	73	44.79	44.24
0	74	44.72	19.74
0	75	44.64	33.74
0	76	44.34	20.16
0	77	43.86	35.79
0	78	43.83	30.64
0	79	43.46	41.16
0	80	43.25	42.63
0	81	42.65	26.51
0	82	41.88	41.2
0	83	41.81	33.4
0	84	41.38	22.34
0	85	41.19	41.05
0	86	41.16	28.46
0	87	41.12	40.39
0	88	41.12	0.0
0	89	39.37	26.82
0	90	39.27	37.22
0	91	38.8	19.76
0	92	38.71	23.6
0	93	38.48	31.6
0	94	38.44	23.14
0	95	38.4	18.87
0	96	37.75	1.08
0	97	37.67	20.88
0	98	37.52	18.1
0	99	37.35	32.73
0	100	37.19	32.64
0	101	37.19	10.17
0	102	37.05	28.11
0	103	36.93	11.84
0	104	36.79	10.85
0	105	36.66	2.8
0	106	36.5	31.22
0	107	36.46	33.3
0	108	36.37	22.58
0	109	36.36	22.52
0	110	36.27	34.28
0	111	36.05	30.05
0	112	36.01	35.12
0	113	35.87	28.94
0	114	35.28	29.69
0	115	35.27	30.01
0	116	35.15	16.04
0	117	35.08	28.19
0	118	34.83	24.48
0	119	34.8	28.4
0	120	34.69	30.95
0	121	34.4	9.59
0	122	34.38	29.2
0	123	34.36	29.32
0	124	34.35	30.06
0	125	34.1	11.56
0	126	33.9	0.0
0	127	33.69	30.98
0	128	33.39	27.08
0	129	33.3	31.23
0	130	33.29	15.7
0	131	33.26	17.75
0	132	33.24	8.26
0	133	33.04	8.28
0	134	33.03	29.8
0	135	32.84	30.86
0	136	32.83	29.06
0	137	32.82	20.88
0	138	32.74	21.36
0	139	32.72	12.79
0	140	32.65	31.65
0	141	32.63	23.6
0	142	32.6	28.87
0	143	32.44	20.04
0	144	32.35	17.3
0	145	32.33	15.44
0	146	32.22	28.72
0	147	32.14	27.78
0	148	32.12	31.95
0	149	32.05	15.92
0	150	32.02	29.73
0	151	31.8	23.25
0	152	31.69	0.0
0	153	31.59	12.68
0	154	31.56	26.5
0	155	31.47	25.46
0	156	31.19	17.41
0	157	31.16	9.12
0	158	31.05	6.17
0	159	30.98	30.64
0	160	30.9	29.92
0	161	30.84	21.43
0	162	30.83	22.3
0	163	30.63	26.44
0	164	30.63	29.51
0	165	30.57	0.0
0	166	30.54	22.26
0	167	30.47	24.02
0	168	30.43	12.72
0	169	30.41	11.85
0	170	30.15	29.58
0	171	30.12	29.7
0	172	30.08	22.21
0	173	30.07	26.93
0	174	30.04	22.32
0	175	29.78	26.1
0	176	29.7	18.96
0	177	29.62	29.06
0	178	29.62	26.84
0	179	29.59	24.72
0	180	29.49	25.78
0	181	29.4	7.21
0	182	29.36	28.01
0	183	29.15	15.97
0	184	29.1	19.37
0	185	29.07	11.9
0	186	28.96	20.7
0	187	28.94	3.63
0	188	28.88	8.37
0	189	28.87	24.08
0	190	28.85	21.5
0	191	28.78	26.2
0	192	28.7	17.74
0	193	28.69	22.9
0	194	28.61	27.77
0	195	28.58	25.92
0	196	28.55	13.76
0	197	28.28	27.24
0	198	28.25	0.0
0	199	28.16	25.26
0	200	28.14	23.4
0	201	28.08	21.03
0	202	27.93	17.99
0	203	27.88	27.53
0	204	27.76	9.12
0	205	27.72	19.24
0	206	27.68	25.14
0	207	27.58	10.09
0	208	27.49	0.77
0	209	27.48	22.77
0	210	27.43	26.4
0	211	27.31	26.57
0	212	27.16	15.59
0	213	27.13	15.22
0	214	27.08	2.12
0	215	27.07	24.44
0	216	27.04	22.83
0	217	27.02	22.37
0	218	26.92	25.43
0	219	26.87	5.07
0	220	26.84	6.71
0	221	26.65	16.06
0	222	26.4	21.54
0	223	26.39	9.6
0	224	26.36	10.19
0	225	26.35	22.32
0	226	26.26	9.43
0	227	26.19	13.55
0	228	26.14	13.46
0	229	26.08	19.5
0	230	26.05	22.99
0	231	25.99	6.47
0	232	25.89	15.29
0	233	25.88	1.82
0	234	25.76	20.89
0	235	25.74	0.0
0	236	25.69	19.74
0	237	25.55	0.0
0	238	25.54	10.23
0	239	25.47	22.57
0	240	25.46	23.4
0	241	25.28	10.64
0	242	25.28	21.87
0	243	25.21	13.37
0	244	25.21	17.67
0	245	25.07	12.16
0	246	25.03	17.23
0	247	25.02	14.64
0	248	24.96	19.74
0	249	24.89	24.61
0	250	24.88	19.95
0	251	24.8	20.91
0	252	24.73	24.32
0	253	24.69	21.63
0	254	24.65	13.19
0	255	24.63	16.4
0	256	24.62	12.03
0	257	24.57	21.48
0	258	24.57	7.87
0	259	24.54	22.99
0	260	24.53	16.66
0	261	24.43	21.69
0	262	24.42	17.95
0	263	24.34	17.99
0	264	24.3	0.77
0	265	24.24	11.78
0	266	24.14	18.12
0	267	24.14	7.98
0	268	24.12	20.87
0	269	24.07	10.49
0	270	24.02	13.19
0	271	23.95	9.62
0	272	23.9	11.76
0	273	23.81	19.28
0	274	23.8	22.98
0	275	23.77	23.5
0	276	23.75	23.06
0	277	23.58	23.21
0	278	23.56	21.98
0	279	23.51	3.84
0	280	23.43	9.28
0	281	23.4	9.62
0	282	23.38	19.4
0	283	23.33	20.61
0	284	23.3	12.0
0	285	23.29	23.16
0	286	23.2	16.02
0	287	23.15	7.23
0	288	23.14	1.96
0	289	23.1	0.0
0	290	23.08	4.61
0	291	22.99	20.14
0	292	22.99	15.07
0	293	22.91	14.47
0	294	22.89	7.72
0	295	22.72	20.91
0	296	22.64	9.4
0	297	22.62	20.86
0	298	22.57	20.62
0	299	22.56	16.0
0	300	22.55	0.0
0	301	22.48	16.63
0	302	22.45	8.72
0	303	22.41	17.54
0	304	22.4	19.45
0	305	22.35	19.54
0	306	22.33	21.82
0	307	22.29	20.92
0	308	22.25	19.6
0	309	22.21	3.08
0	310	22.21	2.81
0	311	22.16	21.89
0	312	22.12	13.62
0	313	22.11	2.46
0	314	22.09	10.95
0	315	22.07	19.39
0	316	22.05	16.01
0	317	22.05	0.0
0	318	21.97	0.0
0	319	21.83	21.38
0	320	21.71	19.07
0	321	21.61	2.75
0	322	21.59	18.4
0	323	21.57	9.73
0	324	21.57	20.06
0	325	21.51	19.75
0	326	21.49	19.65
0	327	21.46	19.1
0	328	21.42	1.83
0	329	21.33	18.39
0	330	21.32	16.95
0	331	21.31	5.34
0	332	21.27	21.01
0	333	21.24	17.48
0	334	21.24	13.17
0	335	21.22	13.19
0	336	21.22	1.92
0	337	21.22	0.0
0	338	21.2	15.48
0	339	21.15	7.26
0	340	21.13	2.24
0	341	21.12	10.34
0	342	21.11	4.89
0	343	20.99	7.37
0	344	20.97	18.9
0	345	20.96	6.28
0	346	20.89	15.41
0	347	20.76	0.0
0	348	20.73	0.0
0	349	20.7	0.0
0	350	20.7	4.51
0	351	20.53	17.36
0	352	20.5	12.24
0	353	20.5	0.0
0	354	20.42	16.54
0	355	20.4	10.47
0	356	20.4	19.89
0	357	20.37	12.24
0	358	20.34	9.79
0	359	20.29	17.95
0	360	20.28	4.3
0	361	20.24	0.0
0	362	20.2	0.0
0	363	20.15	2.67
0	364	20.15	7.88
0	365	20.13	7.17
0	366	20.09	15.51
0	367	20.06	4.65
0	368	20.04	17.47
0	369	20.01	10.68
0	370	19.98	15.6
0	371	19.88	0.0
0	372	19.75	14.82
0	373	19.73	17.68
0	374	19.73	0.0
0	375	19.72	18.48
0	376	19.72	18.28
0	377	19.71	17.22
0	378	19.71	17.45
0	379	19.7	0.0
0	380	19.66	18.08
0	381	19.57	13.11
0	382	19.56	15.91
0	383	19.55	0.0
0	384	19.44	5.75
0	385	19.36	0.0
0	386	19.32	15.84
0	387	19.23	14.16
0	388	19.21	9.17
0	389	19.18	16.4
0	390	19.16	16.44
0	391	19.15	3.77
0	392	19.14	11.87
0	393	19.12	0.0
0	394	19.1	0.0
0	395	19.04	9.12
0	396	18.96	14.35
0	397	18.95	13.86
0	398	18.92	5.93
0	399	18.89	8.08
0	400	18.79	18.52
0	401	18.75	18.15
0	402	18.74	11.09
0	403	18.73	15.05
0	404	18.72	17.28
0	405	18.71	13.52
0	406	18.61	0.0
0	407	18.6	5.04
0	408	18.57	14.53
0	409	18.52	17.69
0	410	18.5	10.64
0	411	18.49	8.75
0	412	18.44	13.33
0	413	18.32	0.0
0	414	18.31	4.1
0	415	18.31	9.24
0	416	18.3	3.66
0	417	18.3	0.9
0	418	18.29	16.51
0	419	18.24	0.0
0	420	18.23	17.55
0	421	18.22	16.65
0	422	18.17	12.35
0	423	18.17	6.0
0	424	18.14	17.87
0	425	18.14	14.51
0	426	18.11	0.0
0	427	18.09	12.85
0	428	18.05	9.9
0	429	18.0	16.77
0	430	17.93	2.6
0	431	17.92	16.43
0	432	17.91	13.22
0	433	17.89	15.77
0	434	17.88	14.15
0	435	17.86	0.0
0	436	17.85	17.77
0	437	17.79	11.99
0	438	17.79	6.05
0	439	17.76	14.36
0	440	17.74	10.1
0	441	17.71	16.43
0	442	17.61	0.0
0	443	17.6	7.77
0	444	17.6	11.59
0	445	17.59	17.42
0	446	17.55	12.62
0	447	17.52	14.52
0	448	17.52	14.88
0	449	17.49	2.3
0	450	17.47	13.48
0	451	17.46	0.0
0	452	17.43	14.83
0	453	17.41	0.0
0	454	17.4	5.53
0	455	17.39	16.49
0	456	17.35	11.16
0	457	17.35	17.29
0	458	17.34	0.0
0	459	17.31	10.23
0	460	17.29	4.83
0	461	17.16	0.0
0	462	17.07	10.42
0	463	17.05	13.93
0	464	17.04	0.6
0	465	17.04	11.62
0	466	17.01	10.82
0	467	17.0	11.06
0	468	16.97	1.01
0	469	16.93	14.09
0	470	16.92	4.31
0	471	16.91	13.39
0	472	16.91	12.47
0	473	16.9	14.66
0	474	16.89	15.89
0	475	16.88	11.57
0	476	16.87	14.87
0	477	16.86	13.42
0	478	16.85	14.65
0	479	16.81	0.19
0	480	16.8	0.0
0	481	16.79	14.54
0	482	16.76	11.86
0	483	16.74	0.17
0	484	16.73	15.63
0	485	16.72	6.65
0	486	16.71	0.0
0	487	16.63	16.12
0	488	16.63	12.51
0	489	16.62	0.0
0	490	16.61	0.0
0	491	16.61	0.0
0	492	16.58	0.02
0	493	16.57	5.87
0	494	16.53	0.0
0	495	16.51	8.31
0	496	16.5	0.0
0	497	16.48	12.88
0	498	16.47	15.89
0	499	16.44	10.27
0	500	16.39	9.02
0	501	16.38	14.21
0	502	16.37	0.0
0	503	16.36	3.96
0	504	16.35	11.78
0	505	16.34	10.44
0	506	16.32	4.98
0	507	16.31	10.09
0	508	16.26	12.16
0	509	16.26	7.35
0	510	16.25	4.92
0	511	16.17	0.0
0	512	16.16	13.93
0	513	16.15	10.4
0	514	16.15	8.51
0	515	16.13	12.23
0	516	16.11	0.0
0	517	16.11	12.15
0	518	16.07	15.51
0	519	16.06	9.14
0	520	16.02	15.16
0	521	16.02	4.39
0	522	15.99	0.0
0	523	15.99	9.8
0	524	15.97	11.42
0	525	15.91	13.37
0	526	15.87	4.89
0	527	15.87	4.99
0	528	15.85	3.54
0	529	15.78	0.0
0	530	15.77	9.19
0	531	15.75	0.0
0	532	15.74	10.57
0	533	15.74	0.0
0	534	15.73	6.54
0	535	15.73	0.41
0	536	15.72	0.0
0	537	15.65	7.85
0	538	15.64	0.0
0	539	15.63	3.31
0	540	15.63	9.52
0	541	15.6	0.0
0	542	15.6	0.0
0	543	15.55	13.79
0	544	15.55	11.3
0	545	15.54	13.2
0	546	15.53	13.56
0	547	15.53	12.63
0	548	15.49	11.64
0	549	15.49	4.14
0	550	15.47	5.22
0	551	15.45	12.62
0	552	15.42	0.0
0	553	15.42	4.36
0	554	15.41	8.87
0	555	15.35	12.92
0	556	15.34	7.9
0	557	15.32	13.62
0	558	15.31	7.63
0	559	15.31	4.08
0	560	15.26	0.36
0	561	15.26	2.43
0	562	15.23	14.49
0	563	15.21	13.47
0	564	15.2	11.02
0	565	15.17	10.79
0	566	15.14	0.0
0	567	15.12	6.99
0	568	15.12	6.16
0	569	15.11	8.25
0	570	15.06	0.0
0	571	15.05	0.0
0	572	15.03	7.92
0	573	15.03	4.43
0	574	15.03	14.57
0	575	14.99	14.61
0	576	14.95	0.0
0	577	14.94	8.33
0	578	14.92	5.96
0	579	14.9	13.45
0	580	14.89	12.99
0	581	14.88	0.0
0	582	14.87	5.28
0	583	14.86	0.0
0	584	14.85	13.54
0	585	14.85	8.13
0	586	14.82	0.0
0	587	14.8	14.71
0	588	14.78	8.81
0	589	14.77	0.0
0	590	14.71	1.41
0	591	14.7	5.71
0	592	14.69	0.0
0	593	14.69	0.0
0	594	14.67	0.0
0	595	14.67	4.33
0	596	14.61	6.64
0	597	14.58	0.0
0	598	14.55	12.59
0	599	14.53	9.9
0	600	14.52	0.0
0	601	14.51	13.98
0	602	14.49	0.0
0	603	14.43	0.0
0	604	14.39	7.69
0	605	14.39	12.14
0	606	14.37	13.28
0	607	14.32	10.35
0	608	14.31	6.3
0	609	14.28	11.53
0	610	14.24	6.59
0	611	14.22	10.37
0	612	14.21	11.33
0	613	14.15	13.59
0	614	14.09	0.0
0	615	14.06	11.67
0	616	14.06	11.32
0	617	14.03	3.17
0	618	14.0	11.06
0	619	13.97	13.93
0	620	13.95	0.0
0	621	13.94	2.05
0	622	13.91	0.0
0	623	13.91	7.58
0	624	13.9	0.0
0	625	13.9	11.3
0	626	13.86	2.8
0	627	13.82	0.0
0	628	13.82	0.0
0	629	13.82	0.79
0	630	13.8	5.46
0	631	13.78	0.0
0	632	13.78	0.0
0	633	13.74	10.87
0	634	13.72	6.61
0	635	13.72	0.0
0	636	13.71	9.5
0	637	13.65	5.91
0	638	13.6	2.71
0	639	13.59	9.48
0	640	13.59	0.22
0	641	13.58	11.82
0	642	13.55	9.25
0	643	13.49	11.52
0	644	13.49	10.4
0	645	13.44	8.61
0	646	13.44	0.0
0	647	13.42	7.07
0	648	13.42	4.1
0	649	13.41	0.0
0	650	13.41	11.75
0	651	13.39	0.0
0	652	13.38	8.58
0	653	13.37	9.57
0	654	13.36	2.31
0	655	13.36	5.82
0	656	13.34	10.03
0	657	13.32	13.31
0	658	13.31	4.91
0	659	13.31	0.35
0	660	13.29	4.34
0	661	13.28	0.0
0	662	13.27	1.99
0	663	13.25	6.76
0	664	13.25	13.23
0	665	13.24	9.0
0	666	13.23	10.75
0	667	13.22	11.81
0	668	13.22	0.0
0	669	13.19	0.0
0	670	13.18	0.0
0	671	13.16	7.82
0	672	13.14	0.49
0	673	13.13	0.0
0	674	13.12	0.0
0	675	13.11	0.0
0	676	13.09	0.0
0	677	13.08	1.56
0	678	13.07	3.19
0	679	13.06	0.0
0	680	13.05	0.0
0	681	13.01	9.36
0	682	12.99	10.02
0	683	12.99	7.14
0	684	12.95	0.0
0	685	12.94	6.43
0	686	12.93	4.87
0	687	12.92	3.59
0	688	12.91	0.0
0	689	12.91	4.85
0	690	12.89	0.0
0	691	12.87	5.45
0	692	12.86	8.51
0	693	12.85	0.0
0	694	12.82	0.0
0	695	12.81	0.0
0	696	12.81	7.09
0	697	12.81	0.0
0	698	12.76	0.0
0	699	12.75	5.32
0	700	12.73	5.7
0	701	12.72	12.38
0	702	12.67	0.0
0	703	12.67	0.9
0	704	12.61	6.13
0	705	12.58	11.64
0	706	12.58	1.62
0	707	12.53	10.96
0	708	12.49	0.0
0	709	12.48	9.77
0	710	12.46	0.0
0	711	12.45	6.53
0	712	12.44	11.24
0	713	12.37	7.35
0	714	12.36	0.0
0	715	12.34	0.0
0	716	12.34	5.64
0	717	12.33	0.0
0	718	12.31	10.16
0	719	12.26	11.94
0	720	12.24	11.96
0	721	12.22	0.0
0	722	12.18	4.45
0	723	12.11	10.83
0	724	12.11	0.8
0	725	12.1	5.61
0	726	12.09	0.43
0	727	12.09	6.12
0	728	12.06	0.0
0	729	12.05	12.04
0	730	12.04	4.46
0	731	12.02	10.09
0	732	12.0	10.37
0	733	11.99	5.26
0	734	11.97	11.95
0	735	11.94	9.61
0	736	11.93	0.48
0	737	11.92	8.29
0	738	11.91	0.0
0	739	11.9	11.47
0	740	11.89	9.6
0	741	11.89	4.86
0	742	11.87	0.79
0	743	11.87	7.27
0	744	11.83	11.75
0	745	11.83	10.35
0	746	11.8	0.0
0	747	11.8	4.19
0	748	11.8	9.15
0	749	11.79	0.03
0	750	11.78	2.35
0	751	11.76	10.5
0	752	11.75	9.39
0	753	11.74	3.41
0	754	11.73	0.0
0	755	11.73	9.64
0	756	11.7	0.0
0	757	11.68	7.48
0	758	11.68	8.54
0	759	11.67	0.0
0	760	11.61	7.78
0	761	11.6	0.0
0	762	11.6	8.78
0	763	11.59	0.0
0	764	11.59	8.87
0	765	11.58	10.71
0	766	11.55	2.91
0	767	11.51	8.78
0	768	11.5	3.97
0	769	11.5	11.18
0	770	11.49	0.0
0	771	11.49	0.0
0	772	11.46	0.0
0	773	11.45	0.0
0	774	11.44	0.0
0	775	11.44	2.68
0	776	11.4	9.6
0	777	11.37	9.67
0	778	11.37	3.77
0	779	11.34	0.0
0	780	11.34	9.2
0	781	11.31	11.08
0	782	11.3	0.0
0	783	11.28	0.0
0	784	11.28	5.77
0	785	11.26	0.0
0	786	11.24	0.0
0	787	11.2	10.32
0	788	11.2	8.48
0	789	11.19	4.44
0	790	11.18	10.88
0	791	11.18	6.04
0	792	11.15	6.53
0	793	11.13	0.0
0	794	11.13	7.72
0	795	11.1	0.0
0	796	11.09	8.51
0	797	11.09	6.97
0	798	11.08	0.0
0	799	11.08	9.36
0	800	11.03	9.9
0	801	11.02	7.14
0	802	11.02	2.73
0	803	11.0	0.0
0	804	10.98	10.6
0	805	10.95	9.5
0	806	10.95	0.0
0	807	10.94	0.0
0	808	10.92	0.0
0	809	10.91	5.12
0	810	10.91	8.75
0	811	10.91	0.0
0	812	10.89	0.0
0	813	10.88	5.89
0	814	10.87	0.0
0	815	10.86	0.0
0	816	10.84	10.06
0	817	10.83	0.0
0	818	10.79	9.69
0	819	10.77	0.0
0	820	10.77	6.76
0	821	10.74	0.0
0	822	10.73	9.93
0	823	10.68	4.84
0	824	10.68	9.37
0	825	10.67	5.56
0	826	10.66	0.0
0	827	10.64	5.71
0	828	10.63	1.08
0	829	10.58	0.0
0	830	10.55	6.23
0	831	10.53	1.82
0	832	10.51	0.0
0	833	10.5	0.0
0	834	10.49	8.43
0	835	10.49	3.55
0	836	10.46	7.25
0	837	10.46	0.0
0	838	10.46	4.04
0	839	10.45	7.08
0	840	10.45	0.0
0	841	10.42	9.54
0	842	10.4	8.97
0	843	10.34	6.76
0	844	10.34	0.0
0	845	10.33	0.9
0	846	10.32	0.0
0	847	10.32	4.66
0	848	10.31	9.77
0	849	10.27	4.18
0	850	10.22	9.84
0	851	10.21	2.42
0	852	10.19	7.43
0	853	10.18	7.94
0	854	10.18	5.44
0	855	10.14	4.16
0	856	10.12	1.38
0	857	10.09	3.62
0	858	10.08	0.0
0	859	10.07	7.79
0	860	10.07	0.0
0	861	10.06	5.56
0	862	10.03	7.95
0	863	10.01	0.51
0	864	10.0	0.0
0	865	9.99	4.22
0	866	9.93	9.9
0	867	9.93	9.09
0	868	9.92	9.39
0	869	9.9	1.23
0	870	9.9	7.14
0	871	9.89	2.33
0	872	9.89	7.02
0	873	9.88	9.2
0	874	9.84	0.0
0	875	9.82	4.45
0	876	9.82	5.91
0	877	9.82	5.48
0	878	9.81	8.28
0	879	9.81	8.91
0	880	9.8	6.13
0	881	9.79	0.0
0	882	9.78	0.0
0	883	9.74	0.0
0	884	9.74	8.91
0	885	9.73	3.48
0	886	9.72	0.0
0	887	9.72	3.28
0	888	9.72	1.82
0	889	9.71	0.0
0	890	9.7	0.4
0	891	9.7	4.02
0	892	9.69	0.0
0	893	9.69	0.0
0	894	9.68	0.0
0	895	9.67	0.0
0	896	9.66	0.0
0	897	9.64	0.0
0	898	9.64	7.9
0	899	9.63	7.1
0	900	9.63	5.22
0	901	9.63	3.38
0	902	9.62	3.96
0	903	9.62	6.27
0	904	9.59	0.0
0	905	9.57	0.0
0	906	9.57	9.47
0	907	9.56	0.0
0	908	9.55	0.0
0	909	9.54	0.0
0	910	9.51	7.85
0	911	9.51	8.7
0	912	9.5	5.93
0	913	9.5	4.68
0	914	9.47	0.0
0	915	9.46	0.0
0	916	9.45	7.04
0	917	9.45	2.74
0	918	9.44	0.0
0	919	9.43	5.29
0	920	9.43	8.67
0	921	9.42	6.29
0	922	9.42	0.0
0	923	9.4	8.74
0	924	9.4	4.05
0	925	9.39	0.0
0	926	9.34	5.44
0	927	9.33	5.93
0	928	9.3	4.0
0	929	9.3	0.0
0	930	9.29	8.31
0	931	9.28	3.99
0	932	9.26	6.53
0	933	9.21	0.0
0	934	9.2	8.52
0	935	9.19	0.0
0	936	9.19	0.0
0	937	9.19	0.0
0	938	9.18	8.87
0	939	9.16	4.06
0	940	9.13	0.0
0	941	9.11	0.0
0	942	9.1	6.31
0	943	9.08	1.98
0	944	9.08	5.86
0	945	9.05	4.78
0	946	9.04	5.93
0	947	9.02	0.0
0	948	9.02	7.69
0	949	9.02	0.0
0	950	9.01	2.91
0	951	9.01	0.0
0	952	9.0	0.11
0	953	8.97	0.0
0	954	8.97	3.19
0	955	8.95	0.0
0	956	8.95	8.48
0	957	8.94	0.94
0	958	8.93	3.22
0	959	8.9	8.1
0	960	8.9	3.84
0	961	8.89	8.25
0	962	8.88	2.6
0	963	8.83	8.22
0	964	8.76	0.0
0	965	8.76	0.0
0	966	8.76	5.49
0	967	8.75	0.0
0	968	8.74	3.4
0	969	8.74	0.0
0	970	8.67	0.0
0	971	8.67	0.0
0	972	8.66	3.97
0	973	8.63	0.0
0	974	8.63	0.0
0	975	8.63	7.16
0	976	8.6	0.0
0	977	8.59	7.43
0	978	8.58	4.21
0	979	8.57	1.96
0	980	8.53	0.0
0	981	8.53	8.33
0	982	8.5	0.0
0	983	8.5	6.17
0	984	8.48	7.96
0	985	8.48	8.26
0	986	8.47	6.56
0	987	8.47	1.99
0	988	8.46	0.0
0	989	8.46	1.47
0	990	8.43	7.61
0	991	8.4	0.07
0	992	8.39	0.0
0	993	8.36	6.36
0	994	8.33	0.17
0	995	8.3	0.0
0	996	8.3	8.06
0	997	8.29	3.98
0	998	8.29	0.0
0	999	8.26	0.0
0	1000	8.25	4.65
0	1001	8.24	4.61
0	1002	8.23	7.91
0	1003	8.18	0.0
0	1004	8.16	0.0
0	1005	8.13	0.0
0	1006	8.1	4.42
0	1007	8.06	0.69
0	1008	8.02	0.0
0	1009	8.01	3.32
0	1010	7.99	0.0
0	1011	7.96	6.66
0	1012	7.96	0.0
0	1013	7.95	0.0
0	1014	7.94	0.39
0	1015	7.93	5.86
0	1016	7.92	0.0
0	1017	7.89	4.15
0	1018	7.87	0.0
0	1019	7.87	6.81
0	1020	7.85	0.0
0	1021	7.85	0.0
0	1022	7.83	0.0
0	1023	7.81	0.0
0	1024	7.79	6.27
0	1025	7.78	0.0
0	1026	7.73	0.0
0	1027	7.73	1.41
0	1028	7.72	5.88
0	1029	7.72	0.09
0	1030	7.71	0.0
0	1031	7.68	6.51
0	1032	7.64	7.07
0	1033	7.62	4.51
0	1034	7.59	2.94
0	1035	7.58	0.0
0	1036	7.58	0.0
0	1037	7.57	5.68
0	1038	7.55	0.0
0	1039	7.54	7.05
0	1040	7.54	5.57
0	1041	7.52	0.0
0	1042	7.51	2.47
0	1043	7.49	0.0
0	1044	7.48	0.0
0	1045	7.47	6.4
0	1046	7.44	0.0
0	1047	7.42	5.16
0	1048	7.41	0.25
0	1049	7.4	5.47
0	1050	7.39	6.13
0	1051	7.38	0.53
0	1052	7.37	3.56
0	1053	7.34	0.0
0	1054	7.34	0.0
0	1055	7.34	0.0
0	1056	7.34	4.34
0	1057	7.34	0.52
0	1058	7.31	0.0
0	1059	7.3	3.89
0	1060	7.29	0.0
0	1061	7.29	0.0
0	1062	7.28	0.0
0	1063	7.26	0.0
0	1064	7.26	0.0
0	1065	7.26	4.81
0	1066	7.23	0.0
0	1067	7.22	4.15
0	1068	7.21	5.04
0	1069	7.18	0.0
0	1070	7.17	3.38
0	1071	7.17	0.0
0	1072	7.15	0.0
0	1073	7.14	1.08
0	1074	7.12	1.46
0	1075	7.12	0.0
0	1076	7.1	0.0
0	1077	7.1	0.0
0	1078	7.09	3.45
0	1079	7.08	0.0
0	1080	7.05	6.12
0	1081	7.05	0.29
0	1082	7.05	0.0
0	1083	7.05	2.6
0	1084	7.03	0.0
0	1085	7.0	0.0
0	1086	6.98	0.0
0	1087	6.97	4.71
0	1088	6.97	0.0
0	1089	6.97	0.0
0	1090	6.95	1.13
0	1091	6.95	3.98
0	1092	6.92	0.0
0	1093	6.91	1.18
0	1094	6.91	0.26
0	1095	6.89	2.95
0	1096	6.88	1.28
0	1097	6.87	0.0
0	1098	6.87	5.97
0	1099	6.87	5.64
0	1100	6.87	0.0
0	1101	6.86	0.0
0	1102	6.83	0.22
0	1103	6.83	0.55
0	1104	6.81	0.0
0	1105	6.8	0.0
0	1106	6.79	5.0
0	1107	6.78	5.03
0	1108	6.76	0.0
0	1109	6.76	3.11
0	1110	6.75	6.44
0	1111	6.74	3.62
0	1112	6.69	6.55
0	1113	6.67	2.89
0	1114	6.67	4.6
0	1115	6.67	4.91
0	1116	6.66	3.9
0	1117	6.66	0.0
0	1118	6.66	0.0
0	1119	6.65	0.0
0	1120	6.65	3.77
0	1121	6.65	4.34
0	1122	6.63	0.0
0	1123	6.63	0.0
0	1124	6.63	6.39
0	1125	6.63	0.0
0	1126	6.63	0.0
0	1127	6.63	0.0
0	1128	6.62	0.62
0	1129	6.61	0.0
0	1130	6.6	1.35
0	1131	6.59	2.36
0	1132	6.59	0.0
0	1133	6.56	5.7
0	1134	6.56	0.0
0	1135	6.56	0.0
0	1136	6.56	0.0
0	1137	6.55	5.55
0	1138	6.5	0.0
0	1139	6.49	0.89
0	1140	6.49	0.0
0	1141	6.48	5.61
0	1142	6.47	6.07
0	1143	6.45	0.0
0	1144	6.44	3.97
0	1145	6.43	0.0
0	1146	6.42	3.29
0	1147	6.42	3.28
0	1148	6.41	0.0
0	1149	6.41	5.64
0	1150	6.41	0.0
0	1151	6.4	0.0
0	1152	6.38	0.0
0	1153	6.35	3.38
0	1154	6.33	3.0
0	1155	6.31	0.0
0	1156	6.3	0.0
0	1157	6.3	5.18
0	1158	6.29	2.34
0	1159	6.28	0.0
0	1160	6.25	3.36
0	1161	6.22	0.0
0	1162	6.22	0.0
0	1163	6.21	3.25
0	1164	6.2	4.31
0	1165	6.14	0.0
0	1166	6.14	5.81
0	1167	6.12	0.0
0	1168	6.12	0.0
0	1169	6.1	1.53
0	1170	6.09	0.0
0	1171	6.09	0.0
0	1172	6.07	0.71
0	1173	6.07	0.92
0	1174	6.06	0.0
0	1175	6.03	0.0
0	1176	5.97	5.04
0	1177	5.96	0.0
0	1178	5.95	0.0
0	1179	5.92	0.0
0	1180	5.9	2.16
0	1181	5.89	0.0
0	1182	5.88	3.15
0	1183	5.88	3.56
0	1184	5.86	3.46
0	1185	5.86	0.0
0	1186	5.85	0.0
0	1187	5.85	0.0
0	1188	5.84	5.34
0	1189	5.83	0.0
0	1190	5.82	0.0
0	1191	5.8	0.83
0	1192	5.78	5.36
0	1193	5.78	0.0
0	1194	5.77	4.07
0	1195	5.77	2.42
0	1196	5.75	0.0
0	1197	5.75	0.0
0	1198	5.74	0.0
0	1199	5.72	2.65
0	1200	5.72	0.0
0	1201	5.7	2.3
0	1202	5.7	0.0
0	1203	5.7	3.29
0	1204	5.69	0.0
0	1205	5.67	0.0
0	1206	5.66	5.19
0	1207	5.64	1.73
0	1208	5.64	5.37
0	1209	5.64	3.44
0	1210	5.63	5.34
0	1211	5.63	0.0
0	1212	5.62	0.0
0	1213	5.59	4.29
0	1214	5.58	0.0
0	1215	5.57	1.31
0	1216	5.56	3.66
0	1217	5.56	0.0
0	1218	5.53	4.47
0	1219	5.5	0.0
0	1220	5.49	0.89
0	1221	5.49	0.0
0	1222	5.48	1.3
0	1223	5.45	0.0
0	1224	5.45	3.5
0	1225	5.43	0.0
0	1226	5.41	3.29
0	1227	5.38	0.0
0	1228	5.37	4.12
0	1229	5.36	0.0
0	1230	5.36	0.0
0	1231	5.36	4.35
0	1232	5.35	0.0
0	1233	5.35	0.0
0	1234	5.34	4.39
0	1235	5.32	0.0
0	1236	5.32	0.0
0	1237	5.3	3.19
0	1238	5.27	0.42
0	1239	5.27	0.0
0	1240	5.27	0.0
0	1241	5.23	3.47
0	1242	5.21	0.0
0	1243	5.18	0.0
0	1244	5.16	0.0
0	1245	5.14	0.0
0	1246	5.12	4.85
0	1247	5.11	0.15
0	1248	5.1	4.42
0	1249	5.1	0.0
0	1250	5.08	1.53
0	1251	5.08	1.92
0	1252	5.07	0.0
0	1253	5.05	2.77
0	1254	5.04	0.0
0	1255	5.04	0.0
0	1256	5.04	0.05
0	1257	5.03	0.0
0	1258	5.01	3.2
0	1259	5.0	2.48
0	1260	4.99	0.0
0	1261	4.99	0.0
0	1262	4.98	0.0
0	1263	4.92	0.0
0	1264	4.92	0.0
0	1265	4.87	0.0
0	1266	4.87	0.0
0	1267	4.85	3.63
0	1268	4.84	0.88
0	1269	4.84	0.0
0	1270	4.84	0.0
0	1271	4.83	0.0
0	1272	4.8	3.46
0	1273	4.79	0.0
0	1274	4.79	0.22
0	1275	4.78	1.5
0	1276	4.76	4.72
0	1277	4.76	4.07
0	1278	4.73	0.0
0	1279	4.72	0.0
0	1280	4.72	0.0
0	1281	4.7	4.07
0	1282	4.68	0.0
0	1283	4.68	0.0
0	1284	4.66	0.0
0	1285	4.63	0.0
0	1286	4.63	0.0
0	1287	4.62	0.0
0	1288	4.62	0.0
0	1289	4.62	4.49
0	1290	4.6	0.0
0	1291	4.59	0.0
0	1292	4.58	0.0
0	1293	4.58	0.0
0	1294	4.57	0.0
0	1295	4.56	0.0
0	1296	4.53	0.0
0	1297	4.53	0.65
0	1298	4.52	0.0
0	1299	4.52	0.0
0	1300	4.48	0.0
0	1301	4.46	0.0
0	1302	4.46	0.0
0	1303	4.45	0.96
0	1304	4.43	0.0
0	1305	4.41	0.0
0	1306	4.41	4.06
0	1307	4.41	0.0
0	1308	4.4	2.43
0	1309	4.39	1.45
0	1310	4.38	3.5
0	1311	4.38	0.0
0	1312	4.36	0.0
0	1313	4.33	0.0
0	1314	4.33	0.0
0	1315	4.32	1.72
0	1316	4.28	0.0
0	1317	4.27	0.0
0	1318	4.26	0.0
0	1319	4.26	2.86
0	1320	4.25	0.0
0	1321	4.23	0.0
0	1322	4.22	0.0
0	1323	4.21	1.75
0	1324	4.21	3.64
0	1325	4.2	3.44
0	1326	4.19	0.0
0	1327	4.19	0.65
0	1328	4.18	1.28
0	1329	4.18	0.0
0	1330	4.17	0.27
0	1331	4.16	0.0
0	1332	4.16	0.0
0	1333	4.15	0.0
0	1334	4.14	0.0
0	1335	4.11	0.0
0	1336	4.11	0.0
0	1337	4.09	0.0
0	1338	4.09	2.12
0	1339	4.07	0.0
0	1340	4.07	0.0
0	1341	4.06	0.0
0	1342	4.05	0.0
0	1343	4.04	0.0
0	1344	4.01	0.0
0	1345	3.99	0.0
0	1346	3.98	3.84
0	1347	3.98	1.24
0	1348	3.97	0.0
0	1349	3.97	0.0
0	1350	3.97	3.62
0	1351	3.95	0.0
0	1352	3.95	0.0
0	1353	3.92	0.0
0	1354	3.92	1.08
0	1355	3.89	0.0
0	1356	3.89	0.65
0	1357	3.89	0.0
0	1358	3.88	0.0
0	1359	3.88	0.0
0	1360	3.87	0.0
0	1361	3.87	0.0
0	1362	3.87	0.0
0	1363	3.86	2.87
0	1364	3.86	3.36
0	1365	3.86	2.38
0	1366	3.84	0.0
0	1367	3.84	0.0
0	1368	3.84	0.0
0	1369	3.83	0.38
0	1370	3.83	0.02
0	1371	3.83	0.0
0	1372	3.83	1.06
0	1373	3.83	0.0
0	1374	3.83	1.84
0	1375	3.81	2.31
0	1376	3.79	0.0
0	1377	3.76	0.0
0	1378	3.76	3.35
0	1379	3.76	0.0
0	1380	3.74	0.0
0	1381	3.74	0.0
0	1382	3.74	0.0
0	1383	3.73	0.0
0	1384	3.73	0.0
0	1385	3.72	0.0
0	1386	3.72	1.29
0	1387	3.71	0.0
0	1388	3.7	0.43
0	1389	3.7	0.35
0	1390	3.67	3.53
0	1391	3.67	2.28
0	1392	3.65	0.0
0	1393	3.65	2.98
0	1394	3.64	0.0
0	1395	3.64	2.86
0	1396	3.64	0.0
0	1397	3.64	0.4
0	1398	3.6	3.29
0	1399	3.6	0.0
0	1400	3.6	0.0
0	1401	3.6	0.0
0	1402	3.59	3.38
0	1403	3.58	0.0
0	1404	3.58	0.0
0	1405	3.57	0.0
0	1406	3.57	0.0
0	1407	3.56	0.0
0	1408	3.54	0.0
0	1409	3.53	0.0
0	1410	3.52	0.0
0	1411	3.51	0.0
0	1412	3.48	3.27
0	1413	3.45	0.0
0	1414	3.45	0.86
0	1415	3.44	2.52
0	1416	3.44	1.2
0	1417	3.43	1.0
0	1418	3.43	0.0
0	1419	3.42	2.86
0	1420	3.41	0.0
0	1421	3.4	0.0
0	1422	3.39	0.0
0	1423	3.38	0.33
0	1424	3.37	0.0
0	1425	3.36	0.0
0	1426	3.36	0.0
0	1427	3.36	0.0
0	1428	3.36	0.0
0	1429	3.34	0.0
0	1430	3.34	0.0
0	1431	3.33	2.18
0	1432	3.32	0.0
0	1433	3.32	0.0
0	1434	3.32	0.17
0	1435	3.31	0.0
0	1436	3.28	0.0
0	1437	3.28	0.0
0	1438	3.27	3.19
0	1439	3.27	0.0
0	1440	3.27	0.0
0	1441	3.26	0.0
0	1442	3.24	0.0
0	1443	3.24	0.0
0	1444	3.23	0.0
0	1445	3.2	0.0
0	1446	3.19	0.0
0	1447	3.18	0.0
0	1448	3.18	0.02
0	1449	3.17	0.17
0	1450	3.17	0.0
0	1451	3.16	3.0
0	1452	3.15	0.67
0	1453	3.15	0.0
0	1454	3.14	0.0
0	1455	3.13	0.0
0	1456	3.13	0.0
0	1457	3.12	0.0
0	1458	3.11	0.0
0	1459	3.11	0.0
0	1460	3.09	0.0
0	1461	3.08	0.0
0	1462	3.07	0.0
0	1463	3.07	0.0
0	1464	3.05	0.0
0	1465	3.02	0.72
0	1466	3.02	0.0
0	1467	3.01	0.0
0	1468	3.01	0.0
0	1469	3.01	0.0
0	1470	3.0	0.0
0	1471	2.98	0.0
0	1472	2.98	0.0
0	1473	2.97	0.0
0	1474	2.97	0.0
0	1475	2.96	0.0
0	1476	2.96	0.0
0	1477	2.95	0.0
0	1478	2.95	2.47
0	1479	2.94	0.0
0	1480	2.94	0.0
0	1481	2.92	0.0
0	1482	2.92	0.09
0	1483	2.91	0.0
0	1484	2.91	1.5
0	1485	2.9	0.0
0	1486	2.89	1.46
0	1487	2.88	0.0
0	1488	2.87	0.0
0	1489	2.85	1.54
0	1490	2.85	0.0
0	1491	2.85	0.79
0	1492	2.84	0.0
0	1493	2.81	0.0
0	1494	2.8	0.0
0	1495	2.78	0.0
0	1496	2.74	0.0
0	1497	2.73	0.0
0	1498	2.72	0.0
0	1499	2.71	0.0
0	1500	2.69	2.48
0	1501	2.69	0.44
0	1502	2.68	0.0
0	1503	2.68	2.16
0	1504	2.67	0.0
0	1505	2.67	0.0
0	1506	2.67	0.0
0	1507	2.66	0.0
0	1508	2.65	0.0
0	1509	2.64	0.0
0	1510	2.63	0.0
0	1511	2.63	0.0
0	1512	2.62	0.0
0	1513	2.61	0.0
0	1514	2.61	0.0
0	1515	2.59	0.0
0	1516	2.57	0.0
0	1517	2.55	0.0
0	1518	2.52	0.0
0	1519	2.52	0.0
0	1520	2.52	0.0
0	1521	2.51	2.47
0	1522	2.51	0.0
0	1523	2.5	0.0
0	1524	2.47	0.0
0	1525	2.47	0.0
0	1526	2.42	2.41
0	1527	2.41	0.0
0	1528	2.41	0.0
0	1529	2.4	1.46
0	1530	2.4	0.0
0	1531	2.4	0.0
0	1532	2.39	0.0
0	1533	2.39	0.0
0	1534	2.38	0.0
0	1535	2.37	0.0
0	1536	2.37	0.0
0	1537	2.35	0.0
0	1538	2.35	0.0
0	1539	2.35	0.0
0	1540	2.35	0.0
0	1541	2.35	0.0
0	1542	2.34	0.0
0	1543	2.33	0.0
0	1544	2.33	0.0
0	1545	2.32	0.0
0	1546	2.32	0.0
0	1547	2.3	0.0
0	1548	2.29	0.0
0	1549	2.29	0.0
0	1550	2.29	0.0
0	1551	2.29	0.0
0	1552	2.28	0.0
0	1553	2.25	1.4
0	1554	2.25	0.0
0	1555	2.23	0.0
0	1556	2.23	0.0
0	1557	2.21	0.0
0	1558	2.21	0.0
0	1559	2.21	0.0
0	1560	2.2	0.0
0	1561	2.19	0.0
0	1562	2.18	0.0
0	1563	2.18	0.0
0	1564	2.17	0.0
0	1565	2.16	0.5
0	1566	2.16	0.1
0	1567	2.16	0.0
0	1568	2.14	0.34
0	1569	2.1	1.73
0	1570	2.09	0.0
0	1571	2.09	0.0
0	1572	2.08	0.0
0	1573	2.07	0.0
0	1574	2.06	1.34
0	1575	2.05	0.0
0	1576	2.05	0.0
0	1577	2.05	0.0
0	1578	2.05	0.0
0	1579	2.05	0.0
0	1580	2.05	1.34
0	1581	2.03	0.0
0	1582	2.03	0.0
0	1583	2.03	0.0
0	1584	2.02	0.0
0	1585	2.01	0.0
0	1586	2.0	0.0
0	1587	1.99	0.0
0	1588	1.99	0.0
0	1589	1.93	0.73
0	1590	1.93	1.42
0	1591	1.92	0.0
0	1592	1.9	0.0
0	1593	1.88	0.0
0	1594	1.86	0.0
0	1595	1.86	0.69
0	1596	1.84	0.0
0	1597	1.84	0.0
0	1598	1.83	0.0
0	1599	1.82	0.0
0	1600	1.8	0.0
0	1601	1.8	0.0
0	1602	1.8	0.0
0	1603	1.79	0.0
0	1604	1.79	0.0
0	1605	1.78	0.0
0	1606	1.77	0.0
0	1607	1.77	0.0
0	1608	1.76	0.0
0	1609	1.75	0.0
0	1610	1.75	0.0
0	1611	1.74	0.0
0	1612	1.72	0.0
0	1613	1.71	0.0
0	1614	1.7	0.0
0	1615	1.7	0.0
0	1616	1.69	0.0
0	1617	1.68	0.0
0	1618	1.68	0.0
0	1619	1.68	1.04
0	1620	1.67	0.0
0	1621	1.67	1.66
0	1622	1.67	0.0
0	1623	1.66	1.0
0	1624	1.66	0.0
0	1625	1.64	0.0
0	1626	1.64	0.0
0	1627	1.62	0.0
0	1628	1.6	0.0
0	1629	1.59	0.0
0	1630	1.58	0.0
0	1631	1.58	1.46
0	1632	1.57	0.37
0	1633	1.57	1.04
0	1634	1.57	0.0
0	1635	1.56	0.0
0	1636	1.55	0.0
0	1637	1.55	0.0
0	1638	1.52	0.0
0	1639	1.52	0.0
0	1640	1.51	0.0
0	1641	1.51	0.0
0	1642	1.51	0.0
0	1643	1.5	0.0
0	1644	1.49	0.0
0	1645	1.49	0.0
0	1646	1.48	0.0
0	1647	1.45	0.0
0	1648	1.45	0.0
0	1649	1.45	0.0
0	1650	1.45	0.0
0	1651	1.45	0.0
0	1652	1.43	0.0
0	1653	1.41	0.0
0	1654	1.41	0.0
0	1655	1.4	0.0
0	1656	1.39	0.0
0	1657	1.37	0.0
0	1658	1.35	0.0
0	1659	1.34	0.62
0	1660	1.33	0.86
0	1661	1.32	0.0
0	1662	1.31	0.0
0	1663	1.31	0.0
0	1664	1.3	0.0
0	1665	1.3	0.0
0	1666	1.3	0.0
0	1667	1.29	0.0
0	1668	1.29	0.07
0	1669	1.27	0.0
0	1670	1.26	0.0
0	1671	1.26	0.0
0	1672	1.26	0.0
0	1673	1.25	0.0
0	1674	1.25	0.0
0	1675	1.24	0.0
0	1676	1.24	0.0
0	1677	1.23	0.0
0	1678	1.21	0.0
0	1679	1.21	0.0
0	1680	1.2	0.82
0	1681	1.19	0.57
0	1682	1.18	0.0
0	1683	1.18	0.0
0	1684	1.18	0.0
0	1685	1.17	0.0
0	1686	1.15	0.0
0	1687	1.14	0.0
0	1688	1.14	0.0
0	1689	1.14	0.0
0	1690	1.13	0.0
0	1691	1.12	0.0
0	1692	1.1	1.09
0	1693	1.09	0.0
0	1694	1.09	0.0
0	1695	1.08	0.0
0	1696	1.07	0.0
0	1697	1.06	0.0
0	1698	1.05	0.0
0	1699	1.03	0.0
0	1700	1.01	0.0
0	1701	1.0	0.0
0	1702	0.98	0.0
0	1703	0.98	0.0
0	1704	0.98	0.0
0	1705	0.98	0.0
0	1706	0.94	0.0
0	1707	0.92	0.0
0	1708	0.91	0.0
0	1709	0.91	0.0
0	1710	0.91	0.0
0	1711	0.9	0.0
0	1712	0.89	0.0
0	1713	0.89	0.0
0	1714	0.84	0.0
0	1715	0.8	0.0
0	1716	0.8	0.0
0	1717	0.8	0.0
0	1718	0.79	0.0
0	1719	0.78	0.0
0	1720	0.78	0.0
0	1721	0.77	0.0
0	1722	0.75	0.0
0	1723	0.73	0.0
0	1724	0.73	0.0
0	1725	0.73	0.0
0	1726	0.71	0.0
0	1727	0.71	0.0
0	1728	0.71	0.0
0	1729	0.7	0.0
0	1730	0.7	0.0
0	1731	0.69	0.0
0	1732	0.69	0.0
0	1733	0.68	0.0
0	1734	0.68	0.0
0	1735	0.68	0.0
0	1736	0.67	0.0
0	1737	0.66	0.0
0	1738	0.66	0.0
0	1739	0.65	0.0
0	1740	0.65	0.0
0	1741	0.64	0.0
0	1742	0.64	0.0
0	1743	0.63	0.0
0	1744	0.62	0.0
0	1745	0.6	0.0
0	1746	0.57	0.0
0	1747	0.56	0.0
0	1748	0.53	0.0
0	1749	0.53	0.0
0	1750	0.53	0.0
0	1751	0.52	0.0
0	1752	0.5	0.0
0	1753	0.48	0.0
0	1754	0.46	0.0
0	1755	0.46	0.0
0	1756	0.45	0.0
0	1757	0.45	0.0
0	1758	0.44	0.0
0	1759	0.44	0.0
0	1760	0.41	0.0
0	1761	0.41	0.0
0	1762	0.4	0.24
0	1763	0.39	0.0
0	1764	0.39	0.0
0	1765	0.39	0.0
0	1766	0.39	0.0
0	1767	0.38	0.0
0	1768	0.38	0.0
0	1769	0.37	0.0
0	1770	0.37	0.0
0	1771	0.36	0.0
0	1772	0.36	0.0
0	1773	0.35	0.0
0	1774	0.35	0.0
0	1775	0.33	0.0
0	1776	0.32	0.0
0	1777	0.31	0.0
0	1778	0.27	0.0
0	1779	0.26	0.0
0	1780	0.25	0.0
0	1781	0.24	0.0
0	1782	0.23	0.0
0	1783	0.22	0.0
0	1784	0.22	0.0
0	1785	0.21	0.0
0	1786	0.21	0.0
0	1787	0.18	0.0
0	1788	0.18	0.0
0	1789	0.17	0.0
0	1790	0.14	0.0
0	1791	0.14	0.0
0	1792	0.13	0.0
0	1793	0.12	0.0
0	1794	0.12	0.0
0	1795	0.12	0.0
0	1796	0.11	0.0
0	1797	0.1	0.0
0	1798	0.08	0.0
0	1799	0.08	0.0
0	1800	0.07	0.0
0	1801	0.06	0.0
0	1802	0.06	0.0
0	1803	0.04	0.0
0	1804	0.04	0.0
0	1805	0.02	0.0
0	1806	0.02	0.0
0	1807	0.01	0.0
0	1808	0.01	0.0
0	1809	0.01	0.0
