clade	species	ts	te
0	1	100.0	84.57
0	2	95.37	89.59
0	3	93.87	74.27
0	4	93.29	74.53
0	5	90.55	80.66
0	6	89.52	80.33
0	7	88.78	70.06
0	8	87.42	87.09
0	9	86.88	71.61
0	10	86.55	84.72
0	11	84.92	74.73
0	12	84.37	84.13
0	13	84.26	82.07
0	14	83.63	83.01
0	15	82.96	74.52
0	16	82.82	66.84
0	17	80.43	71.52
0	18	80.36	71.65
0	19	80.08	66.11
0	20	79.86	76.79
0	21	79.81	78.93
0	22	79.17	34.54
0	23	78.78	68.93
0	24	78.67	76.21
0	25	78.6	77.86
0	26	78.56	77.51
0	27	78.42	65.84
0	28	77.86	65.04
0	29	77.78	76.96
0	30	76.79	65.13
0	31	75.93	74.94
0	32	74.79	72.86
0	33	74.75	66.89
0	34	74.25	66.48
0	35	74.14	72.52
0	36	73.83	56.58
0	37	73.55	70.3
0	38	72.44	64.25
0	39	69.51	57.74
0	40	67.64	65.79
0	41	65.89	56.1
0	42	64.1	54.63
0	43	61.79	48.24
0	44	61.38	59.7
0	45	60.53	53.37
0	46	59.47	43.66
0	47	58.66	32.52
0	48	58.12	40.71
0	49	57.2	41.98
0	50	55.81	52.67
0	51	55.26	42.25
0	52	54.3	53.64
0	53	54.15	38.14
0	54	54.13	36.27
0	55	52.83	0.0
0	56	52.73	48.95
0	57	52.59	27.59
0	58	51.73	33.3
0	59	51.63	40.26
0	60	51.34	13.23
0	61	50.93	47.07
0	62	50.53	41.72
0	63	50.25	37.71
0	64	49.99	39.48
0	65	49.93	49.28
0	66	49.81	27.74
0	67	49.65	44.41
0	68	49.38	0.0
0	69	49.34	42.51
0	70	49.22	39.85
0	71	49.15	48.55
0	72	48.92	47.41
0	73	48.7	48.18
0	74	48.2	41.96
0	75	47.43	36.18
0	76	46.22	35.7
0	77	45.89	36.17
0	78	45.52	45.11
0	79	45.12	44.88
0	80	45.04	41.8
0	81	44.72	28.27
0	82	44.58	30.8
0	83	44.55	4.22
0	84	43.82	36.26
0	85	43.66	40.66
0	86	43.53	36.66
0	87	43.52	32.68
0	88	43.21	27.83
0	89	43.12	40.15
0	90	42.92	38.1
0	91	42.73	37.4
0	92	42.73	26.16
0	93	42.64	29.71
0	94	42.6	11.19
0	95	42.55	38.47
0	96	42.5	36.63
0	97	42.25	25.27
0	98	42.21	40.39
0	99	42.14	39.11
0	100	42.13	25.8
0	101	42.07	32.07
0	102	41.86	32.85
0	103	41.77	36.78
0	104	41.73	13.12
0	105	41.51	36.73
0	106	41.5	28.81
0	107	41.5	19.67
0	108	41.47	41.31
0	109	41.47	40.49
0	110	41.33	19.55
0	111	41.26	7.09
0	112	41.18	40.21
0	113	41.14	39.61
0	114	41.08	30.3
0	115	40.99	33.92
0	116	40.76	34.78
0	117	40.69	36.53
0	118	40.62	27.26
0	119	40.5	33.18
0	120	40.48	4.6
0	121	40.45	39.72
0	122	40.43	38.07
0	123	40.38	35.28
0	124	40.28	36.23
0	125	39.94	12.95
0	126	39.91	30.76
0	127	39.82	38.44
0	128	39.76	35.56
0	129	39.67	35.35
0	130	39.64	16.36
0	131	39.48	36.58
0	132	39.45	29.35
0	133	39.41	38.76
0	134	39.35	30.48
0	135	39.31	37.71
0	136	39.21	38.63
0	137	39.2	31.42
0	138	39.11	15.19
0	139	39.1	27.8
0	140	39.03	26.87
0	141	38.9	32.79
0	142	38.76	37.8
0	143	38.72	22.0
0	144	38.64	31.54
0	145	38.62	16.79
0	146	38.53	23.2
0	147	38.34	15.73
0	148	38.29	23.36
0	149	37.91	37.36
0	150	37.76	9.43
0	151	37.71	21.87
0	152	37.7	29.54
0	153	37.54	15.87
0	154	37.53	32.35
0	155	37.43	32.52
0	156	37.38	30.96
0	157	37.33	34.49
0	158	37.17	32.42
0	159	37.08	32.44
0	160	37.01	35.12
0	161	36.99	26.97
0	162	36.96	23.27
0	163	36.91	6.45
0	164	36.74	30.22
0	165	36.67	0.0
0	166	36.63	32.75
0	167	36.56	35.11
0	168	36.53	29.75
0	169	36.48	31.52
0	170	36.17	31.04
0	171	36.09	34.8
0	172	36.06	14.56
0	173	36.05	30.9
0	174	35.79	7.3
0	175	35.7	24.21
0	176	35.52	35.33
0	177	35.4	26.35
0	178	35.4	22.68
0	179	35.4	26.12
0	180	35.01	16.67
0	181	34.94	34.48
0	182	34.82	19.85
0	183	34.75	18.62
0	184	34.74	33.13
0	185	34.73	3.84
0	186	34.7	20.98
0	187	34.51	24.85
0	188	34.51	27.93
0	189	34.5	21.67
0	190	34.49	33.73
0	191	34.39	30.87
0	192	34.34	30.4
0	193	34.32	34.24
0	194	34.21	31.94
0	195	34.19	26.08
0	196	34.17	31.0
0	197	33.95	0.0
0	198	33.88	31.33
0	199	33.8	32.28
0	200	33.71	33.59
0	201	33.6	14.46
0	202	33.47	32.83
0	203	33.46	21.7
0	204	33.43	12.21
0	205	33.12	32.12
0	206	33.05	29.32
0	207	33.01	18.17
0	208	33.01	32.75
0	209	32.95	32.34
0	210	32.94	27.44
0	211	32.9	25.34
0	212	32.79	26.38
0	213	32.77	17.97
0	214	32.76	8.09
0	215	32.71	22.87
0	216	32.64	18.05
0	217	32.53	19.36
0	218	32.49	29.21
0	219	32.41	28.4
0	220	32.4	23.52
0	221	32.32	31.07
0	222	32.22	32.01
0	223	32.21	28.32
0	224	32.16	18.49
0	225	32.08	27.07
0	226	31.93	28.69
0	227	31.92	25.69
0	228	31.88	23.76
0	229	31.76	22.19
0	230	31.69	27.2
0	231	31.68	25.58
0	232	31.68	17.38
0	233	31.59	30.46
0	234	31.58	14.7
0	235	31.25	28.46
0	236	31.23	27.43
0	237	31.22	30.19
0	238	31.19	21.0
0	239	31.12	14.97
0	240	31.05	22.6
0	241	31.01	16.3
0	242	30.96	28.53
0	243	30.83	29.16
0	244	30.76	5.02
0	245	30.7	28.98
0	246	30.64	19.88
0	247	30.62	28.94
0	248	30.61	13.83
0	249	30.55	19.82
0	250	30.51	21.94
0	251	30.49	28.35
0	252	30.36	25.92
0	253	30.36	24.93
0	254	30.33	23.26
0	255	30.17	15.0
0	256	30.09	24.68
0	257	30.02	28.22
0	258	29.84	17.54
0	259	29.8	27.06
0	260	29.65	27.62
0	261	29.56	27.14
0	262	29.54	4.69
0	263	29.47	10.08
0	264	29.46	23.81
0	265	29.38	28.33
0	266	29.33	28.81
0	267	29.29	16.27
0	268	29.27	0.0
0	269	29.26	27.27
0	270	29.16	16.48
0	271	29.14	2.53
0	272	29.14	29.0
0	273	29.06	27.88
0	274	28.95	27.95
0	275	28.93	24.92
0	276	28.91	19.49
0	277	28.9	3.99
0	278	28.84	25.36
0	279	28.83	25.44
0	280	28.79	25.53
0	281	28.69	0.12
0	282	28.69	25.38
0	283	28.68	26.75
0	284	28.59	22.42
0	285	28.56	8.88
0	286	28.5	17.8
0	287	28.23	2.73
0	288	28.22	25.29
0	289	28.22	26.99
0	290	28.18	27.96
0	291	28.17	0.0
0	292	28.16	7.35
0	293	28.01	22.74
0	294	28.01	21.61
0	295	27.92	26.73
0	296	27.83	25.99
0	297	27.7	22.84
0	298	27.64	17.72
0	299	27.63	14.32
0	300	27.6	18.64
0	301	27.57	24.34
0	302	27.49	9.12
0	303	27.44	24.84
0	304	27.37	23.16
0	305	27.34	21.46
0	306	27.31	18.91
0	307	27.24	13.27
0	308	27.21	17.68
0	309	27.21	9.11
0	310	27.02	24.43
0	311	26.95	24.41
0	312	26.89	23.72
0	313	26.89	23.53
0	314	26.87	11.16
0	315	26.85	26.11
0	316	26.76	25.82
0	317	26.67	12.24
0	318	26.61	23.32
0	319	26.54	20.38
0	320	26.53	9.23
0	321	26.52	25.81
0	322	26.51	9.75
0	323	26.51	11.17
0	324	26.41	10.21
0	325	26.35	11.88
0	326	26.34	16.52
0	327	26.34	15.83
0	328	26.2	12.46
0	329	26.07	16.14
0	330	26.04	25.34
0	331	26.02	25.4
0	332	26.0	22.56
0	333	25.96	21.37
0	334	25.88	17.74
0	335	25.87	17.07
0	336	25.84	22.03
0	337	25.76	20.04
0	338	25.64	20.56
0	339	25.63	0.0
0	340	25.61	15.65
0	341	25.54	11.91
0	342	25.46	0.0
0	343	25.34	16.41
0	344	25.34	11.41
0	345	25.34	16.6
0	346	25.31	21.11
0	347	25.29	21.91
0	348	25.19	11.1
0	349	25.14	1.13
0	350	25.12	15.58
0	351	25.12	21.9
0	352	25.03	14.57
0	353	25.0	22.37
0	354	24.96	22.83
0	355	24.91	20.7
0	356	24.87	19.49
0	357	24.86	21.14
0	358	24.85	11.51
0	359	24.75	22.64
0	360	24.69	11.44
0	361	24.68	20.59
0	362	24.66	7.04
0	363	24.63	5.74
0	364	24.63	20.61
0	365	24.6	17.52
0	366	24.52	22.53
0	367	24.5	0.0
0	368	24.47	7.2
0	369	24.46	0.0
0	370	24.42	20.05
0	371	24.36	21.67
0	372	24.12	21.33
0	373	24.1	23.98
0	374	24.01	17.37
0	375	23.97	23.6
0	376	23.95	20.05
0	377	23.93	0.0
0	378	23.87	14.24
0	379	23.77	0.0
0	380	23.66	1.82
0	381	23.63	10.14
0	382	23.6	20.29
0	383	23.58	21.22
0	384	23.57	16.36
0	385	23.53	22.51
0	386	23.51	12.45
0	387	23.5	0.61
0	388	23.5	11.23
0	389	23.47	9.04
0	390	23.41	0.0
0	391	23.38	21.29
0	392	23.37	18.22
0	393	23.35	22.32
0	394	23.33	22.81
0	395	23.27	9.76
0	396	23.2	8.36
0	397	23.17	8.86
0	398	23.13	18.32
0	399	23.12	14.54
0	400	23.07	13.53
0	401	23.07	9.96
0	402	23.07	15.26
0	403	23.04	7.57
0	404	23.03	0.0
0	405	23.01	19.77
0	406	22.98	19.62
0	407	22.9	21.03
0	408	22.8	19.32
0	409	22.75	3.93
0	410	22.74	20.54
0	411	22.71	18.15
0	412	22.69	0.0
0	413	22.65	14.84
0	414	22.5	18.38
0	415	22.5	9.0
0	416	22.46	14.94
0	417	22.38	19.59
0	418	22.35	15.31
0	419	22.33	13.91
0	420	22.3	13.23
0	421	22.23	21.5
0	422	22.11	8.48
0	423	22.09	9.05
0	424	22.07	8.54
0	425	22.03	20.13
0	426	22.02	18.84
0	427	22.0	15.14
0	428	22.0	15.8
0	429	21.99	14.09
0	430	21.99	12.36
0	431	21.95	10.62
0	432	21.92	15.29
0	433	21.88	7.24
0	434	21.85	17.54
0	435	21.85	0.0
0	436	21.85	10.3
0	437	21.83	3.14
0	438	21.83	0.0
0	439	21.8	5.93
0	440	21.77	14.95
0	441	21.7	20.98
0	442	21.65	11.57
0	443	21.64	18.59
0	444	21.63	12.88
0	445	21.58	9.98
0	446	21.58	13.25
0	447	21.58	7.63
0	448	21.56	0.0
0	449	21.56	18.75
0	450	21.46	8.94
0	451	21.44	16.59
0	452	21.44	6.29
0	453	21.4	0.0
0	454	21.39	19.11
0	455	21.38	15.08
0	456	21.31	20.17
0	457	21.3	19.21
0	458	21.28	17.39
0	459	21.24	2.85
0	460	21.21	19.08
0	461	21.17	0.0
0	462	21.16	18.38
0	463	21.15	8.28
0	464	21.1	11.66
0	465	21.1	16.87
0	466	21.08	12.87
0	467	21.06	10.03
0	468	21.03	5.2
0	469	20.97	19.79
0	470	20.95	10.02
0	471	20.93	3.78
0	472	20.92	17.51
0	473	20.9	20.48
0	474	20.88	18.63
0	475	20.85	15.51
0	476	20.81	17.65
0	477	20.77	13.82
0	478	20.76	9.15
0	479	20.72	18.58
0	480	20.62	5.53
0	481	20.61	12.91
0	482	20.57	18.99
0	483	20.56	1.96
0	484	20.53	10.0
0	485	20.52	12.69
0	486	20.49	19.69
0	487	20.47	13.15
0	488	20.46	15.29
0	489	20.43	18.17
0	490	20.41	20.26
0	491	20.33	5.17
0	492	20.31	19.39
0	493	20.3	16.87
0	494	20.27	0.0
0	495	20.24	1.64
0	496	20.21	16.46
0	497	20.17	16.86
0	498	20.15	20.0
0	499	20.14	18.46
0	500	20.12	18.48
0	501	20.08	10.84
0	502	20.06	18.91
0	503	20.06	11.68
0	504	20.04	17.8
0	505	19.99	5.82
0	506	19.98	8.94
0	507	19.92	13.71
0	508	19.91	0.0
0	509	19.83	0.0
0	510	19.73	10.81
0	511	19.72	18.46
0	512	19.7	6.21
0	513	19.54	9.08
0	514	19.54	17.56
0	515	19.49	12.57
0	516	19.46	15.81
0	517	19.35	9.44
0	518	19.32	5.13
0	519	19.3	10.19
0	520	19.19	17.38
0	521	19.15	16.62
0	522	19.07	2.2
0	523	19.05	5.97
0	524	19.04	13.45
0	525	19.0	4.24
0	526	18.99	11.74
0	527	18.98	0.95
0	528	18.95	0.79
0	529	18.95	18.12
0	530	18.94	13.27
0	531	18.9	0.0
0	532	18.86	11.94
0	533	18.85	15.44
0	534	18.85	6.83
0	535	18.8	2.74
0	536	18.8	15.85
0	537	18.78	12.41
0	538	18.77	18.14
0	539	18.76	18.23
0	540	18.76	16.65
0	541	18.75	4.91
0	542	18.74	14.83
0	543	18.69	16.05
0	544	18.67	7.87
0	545	18.65	0.0
0	546	18.62	18.56
0	547	18.62	18.47
0	548	18.6	13.09
0	549	18.59	2.14
0	550	18.57	0.0
0	551	18.55	13.34
0	552	18.51	15.88
0	553	18.5	0.28
0	554	18.45	15.75
0	555	18.43	0.23
0	556	18.4	0.0
0	557	18.36	4.19
0	558	18.32	17.31
0	559	18.28	14.12
0	560	18.26	3.17
0	561	18.17	17.02
0	562	18.15	16.06
0	563	18.1	15.8
0	564	18.09	15.34
0	565	18.07	17.51
0	566	18.06	15.8
0	567	18.04	17.44
0	568	18.0	17.51
0	569	18.0	7.17
0	570	17.98	11.64
0	571	17.96	14.17
0	572	17.95	17.32
0	573	17.9	0.0
0	574	17.87	0.0
0	575	17.86	5.39
0	576	17.86	14.84
0	577	17.8	0.0
0	578	17.8	7.67
0	579	17.78	13.56
0	580	17.65	1.23
0	581	17.58	15.62
0	582	17.57	10.05
0	583	17.55	3.24
0	584	17.53	0.0
0	585	17.51	7.54
0	586	17.5	8.13
0	587	17.47	0.0
0	588	17.44	15.63
0	589	17.43	0.0
0	590	17.37	10.27
0	591	17.36	14.21
0	592	17.34	8.97
0	593	17.31	16.5
0	594	17.3	12.89
0	595	17.29	15.67
0	596	17.19	0.0
0	597	17.16	0.0
0	598	17.11	3.91
0	599	17.07	0.0
0	600	17.06	8.76
0	601	16.96	11.93
0	602	16.94	12.95
0	603	16.93	10.3
0	604	16.9	4.23
0	605	16.86	0.0
0	606	16.84	0.0
0	607	16.83	9.99
0	608	16.83	16.04
0	609	16.83	13.14
0	610	16.81	5.78
0	611	16.81	12.24
0	612	16.74	15.17
0	613	16.74	13.24
0	614	16.73	13.32
0	615	16.66	7.51
0	616	16.66	15.51
0	617	16.65	11.95
0	618	16.64	10.02
0	619	16.64	6.75
0	620	16.61	6.28
0	621	16.6	16.3
0	622	16.57	0.0
0	623	16.51	14.7
0	624	16.48	9.52
0	625	16.47	3.24
0	626	16.46	0.0
0	627	16.44	11.89
0	628	16.42	0.0
0	629	16.38	12.87
0	630	16.31	12.69
0	631	16.3	15.39
0	632	16.3	13.03
0	633	16.29	12.93
0	634	16.28	9.77
0	635	16.26	12.49
0	636	16.25	11.78
0	637	16.13	8.08
0	638	16.12	0.0
0	639	16.08	4.63
0	640	16.05	2.25
0	641	16.04	4.05
0	642	16.03	0.0
0	643	16.01	11.07
0	644	16.01	15.8
0	645	15.98	14.57
0	646	15.93	11.99
0	647	15.88	6.62
0	648	15.88	14.72
0	649	15.87	15.31
0	650	15.85	8.74
0	651	15.77	15.42
0	652	15.77	13.0
0	653	15.73	14.4
0	654	15.72	0.0
0	655	15.7	12.03
0	656	15.63	12.94
0	657	15.63	9.17
0	658	15.61	5.19
0	659	15.57	5.35
0	660	15.57	14.22
0	661	15.56	15.07
0	662	15.56	14.95
0	663	15.39	14.89
0	664	15.39	14.48
0	665	15.38	8.99
0	666	15.29	0.0
0	667	15.23	0.0
0	668	15.22	14.12
0	669	15.19	7.11
0	670	15.18	2.6
0	671	15.17	9.35
0	672	15.15	10.34
0	673	15.11	0.0
0	674	15.09	11.59
0	675	15.08	0.87
0	676	15.06	14.96
0	677	15.06	11.8
0	678	15.0	6.92
0	679	14.99	7.98
0	680	14.96	13.9
0	681	14.95	2.56
0	682	14.94	7.53
0	683	14.94	3.27
0	684	14.93	5.0
0	685	14.92	13.32
0	686	14.91	8.59
0	687	14.88	0.0
0	688	14.88	12.37
0	689	14.88	7.84
0	690	14.86	0.0
0	691	14.84	0.44
0	692	14.83	13.88
0	693	14.78	5.31
0	694	14.77	11.11
0	695	14.75	13.44
0	696	14.74	9.54
0	697	14.68	14.66
0	698	14.63	2.27
0	699	14.57	3.7
0	700	14.55	1.52
0	701	14.55	0.0
0	702	14.51	4.2
0	703	14.5	13.51
0	704	14.48	12.26
0	705	14.48	8.44
0	706	14.47	0.0
0	707	14.47	8.15
0	708	14.47	5.18
0	709	14.44	13.34
0	710	14.41	12.66
0	711	14.4	0.0
0	712	14.37	0.13
0	713	14.34	11.12
0	714	14.22	10.31
0	715	14.22	11.5
0	716	14.21	9.66
0	717	14.17	0.0
0	718	14.16	7.42
0	719	14.08	10.2
0	720	14.05	4.33
0	721	14.05	0.82
0	722	14.05	5.74
0	723	14.04	9.26
0	724	14.04	10.64
0	725	14.03	0.0
0	726	14.02	13.96
0	727	13.96	8.95
0	728	13.95	4.22
0	729	13.95	1.02
0	730	13.95	2.31
0	731	13.89	11.66
0	732	13.85	12.66
0	733	13.7	2.84
0	734	13.67	2.17
0	735	13.65	7.27
0	736	13.64	8.89
0	737	13.59	3.23
0	738	13.59	4.75
0	739	13.55	0.0
0	740	13.54	2.96
0	741	13.53	10.64
0	742	13.52	12.98
0	743	13.49	10.13
0	744	13.46	0.0
0	745	13.46	3.81
0	746	13.45	11.44
0	747	13.45	3.37
0	748	13.42	4.86
0	749	13.39	9.59
0	750	13.39	0.0
0	751	13.39	10.02
0	752	13.38	8.25
0	753	13.38	5.12
0	754	13.37	3.31
0	755	13.35	6.92
0	756	13.25	7.73
0	757	13.24	9.27
0	758	13.23	0.0
0	759	13.21	3.1
0	760	13.21	10.22
0	761	13.19	8.41
0	762	13.18	9.59
0	763	13.17	13.05
0	764	13.16	7.81
0	765	13.12	13.11
0	766	13.11	0.0
0	767	13.01	0.0
0	768	12.98	10.2
0	769	12.97	9.78
0	770	12.94	6.79
0	771	12.92	7.42
0	772	12.87	0.0
0	773	12.87	9.08
0	774	12.86	10.93
0	775	12.85	2.34
0	776	12.84	0.0
0	777	12.82	2.32
0	778	12.82	0.0
0	779	12.81	0.02
0	780	12.77	12.74
0	781	12.76	8.6
0	782	12.72	8.55
0	783	12.72	12.07
0	784	12.72	6.3
0	785	12.67	0.0
0	786	12.66	5.66
0	787	12.66	1.41
0	788	12.66	5.87
0	789	12.66	5.2
0	790	12.63	2.35
0	791	12.58	10.4
0	792	12.58	11.58
0	793	12.52	2.87
0	794	12.52	0.0
0	795	12.5	4.01
0	796	12.5	11.16
0	797	12.46	0.0
0	798	12.43	0.0
0	799	12.33	9.06
0	800	12.29	0.0
0	801	12.21	0.0
0	802	12.21	0.0
0	803	12.21	12.0
0	804	12.19	0.0
0	805	12.17	0.0
0	806	12.15	0.0
0	807	12.04	9.52
0	808	12.03	0.0
0	809	12.02	0.17
0	810	11.9	11.54
0	811	11.89	9.94
0	812	11.87	5.64
0	813	11.87	11.02
0	814	11.84	8.43
0	815	11.84	6.7
0	816	11.84	4.67
0	817	11.83	11.76
0	818	11.79	7.59
0	819	11.74	7.86
0	820	11.72	0.0
0	821	11.72	5.81
0	822	11.71	5.57
0	823	11.6	4.74
0	824	11.57	0.0
0	825	11.53	0.0
0	826	11.5	10.12
0	827	11.5	7.66
0	828	11.49	4.4
0	829	11.48	9.14
0	830	11.48	6.51
0	831	11.46	3.12
0	832	11.46	6.63
0	833	11.46	9.77
0	834	11.45	7.73
0	835	11.44	9.54
0	836	11.43	11.35
0	837	11.43	0.0
0	838	11.41	6.7
0	839	11.4	7.79
0	840	11.38	9.71
0	841	11.35	9.76
0	842	11.31	8.16
0	843	11.27	0.0
0	844	11.25	0.0
0	845	11.22	11.17
0	846	11.2	7.9
0	847	11.18	7.13
0	848	11.12	7.27
0	849	11.11	0.0
0	850	11.1	0.0
0	851	11.1	0.0
0	852	11.03	0.81
0	853	11.01	3.28
0	854	10.99	1.31
0	855	10.84	8.45
0	856	10.83	8.31
0	857	10.82	0.0
0	858	10.82	0.0
0	859	10.78	7.2
0	860	10.76	10.34
0	861	10.76	2.82
0	862	10.75	6.71
0	863	10.74	0.0
0	864	10.73	0.0
0	865	10.72	5.13
0	866	10.67	10.19
0	867	10.63	2.12
0	868	10.62	5.37
0	869	10.6	0.0
0	870	10.53	1.74
0	871	10.53	6.77
0	872	10.53	0.0
0	873	10.53	6.82
0	874	10.5	8.08
0	875	10.49	0.0
0	876	10.49	0.0
0	877	10.48	7.01
0	878	10.45	10.12
0	879	10.42	8.74
0	880	10.41	8.08
0	881	10.39	8.44
0	882	10.35	8.43
0	883	10.34	2.64
0	884	10.34	0.0
0	885	10.3	0.0
0	886	10.29	0.0
0	887	10.28	1.82
0	888	10.28	0.0
0	889	10.28	0.0
0	890	10.27	6.4
0	891	10.25	9.11
0	892	10.24	0.0
0	893	10.23	7.56
0	894	10.22	8.06
0	895	10.2	0.0
0	896	10.18	4.92
0	897	10.17	2.62
0	898	10.16	8.61
0	899	10.15	0.01
0	900	10.13	6.25
0	901	10.1	6.41
0	902	10.1	8.87
0	903	10.07	0.0
0	904	10.06	0.0
0	905	10.06	7.16
0	906	10.05	0.24
0	907	10.04	0.0
0	908	10.04	0.0
0	909	10.03	0.0
0	910	10.03	5.52
0	911	10.0	0.0
0	912	9.98	0.0
0	913	9.95	4.28
0	914	9.94	3.96
0	915	9.91	0.0
0	916	9.91	2.49
0	917	9.88	0.0
0	918	9.82	5.61
0	919	9.82	0.0
0	920	9.82	0.0
0	921	9.81	0.0
0	922	9.78	2.85
0	923	9.76	0.0
0	924	9.76	2.22
0	925	9.74	6.15
0	926	9.74	0.0
0	927	9.73	1.01
0	928	9.7	3.28
0	929	9.7	0.0
0	930	9.68	7.69
0	931	9.63	0.0
0	932	9.62	1.21
0	933	9.59	7.94
0	934	9.56	0.0
0	935	9.52	5.46
0	936	9.51	4.3
0	937	9.5	8.28
0	938	9.46	0.0
0	939	9.41	7.74
0	940	9.38	0.0
0	941	9.37	6.13
0	942	9.34	2.35
0	943	9.33	0.0
0	944	9.33	5.55
0	945	9.33	0.0
0	946	9.28	2.67
0	947	9.26	0.0
0	948	9.22	4.83
0	949	9.21	5.62
0	950	9.2	0.0
0	951	9.19	5.77
0	952	9.17	0.0
0	953	9.16	8.55
0	954	9.15	0.0
0	955	9.14	0.0
0	956	9.13	5.61
0	957	9.11	0.0
0	958	9.11	5.26
0	959	9.11	0.0
0	960	9.09	0.0
0	961	9.08	7.21
0	962	9.07	5.94
0	963	9.06	0.0
0	964	9.05	6.62
0	965	9.0	7.57
0	966	8.97	8.01
0	967	8.95	4.33
0	968	8.92	6.23
0	969	8.92	8.36
0	970	8.9	6.77
0	971	8.87	8.08
0	972	8.86	2.11
0	973	8.86	0.0
0	974	8.86	0.0
0	975	8.86	3.8
0	976	8.84	7.52
0	977	8.79	0.0
0	978	8.79	0.0
0	979	8.76	1.14
0	980	8.75	0.0
0	981	8.74	4.63
0	982	8.74	0.0
0	983	8.69	3.53
0	984	8.66	3.66
0	985	8.65	0.0
0	986	8.62	3.1
0	987	8.6	0.0
0	988	8.59	0.0
0	989	8.57	0.0
0	990	8.55	0.0
0	991	8.54	0.0
0	992	8.53	0.0
0	993	8.53	0.0
0	994	8.53	3.32
0	995	8.5	1.76
0	996	8.47	4.63
0	997	8.43	0.0
0	998	8.42	2.15
0	999	8.41	0.0
0	1000	8.39	1.3
0	1001	8.39	0.0
0	1002	8.38	5.47
0	1003	8.37	5.19
0	1004	8.37	6.02
0	1005	8.33	5.75
0	1006	8.28	6.15
0	1007	8.28	0.0
0	1008	8.26	4.59
0	1009	8.25	4.49
0	1010	8.23	3.32
0	1011	8.23	0.4
0	1012	8.22	4.88
0	1013	8.21	0.0
0	1014	8.2	0.0
0	1015	8.18	0.0
0	1016	8.17	0.0
0	1017	8.16	0.0
0	1018	8.13	1.02
0	1019	8.12	5.29
0	1020	8.1	0.0
0	1021	8.1	0.0
0	1022	8.09	3.73
0	1023	8.08	0.0
0	1024	8.06	0.0
0	1025	8.05	0.0
0	1026	8.03	0.0
0	1027	7.99	2.68
0	1028	7.99	0.0
0	1029	7.98	0.0
0	1030	7.98	0.0
0	1031	7.94	0.0
0	1032	7.91	0.0
0	1033	7.91	0.0
0	1034	7.89	5.73
0	1035	7.85	0.0
0	1036	7.8	0.25
0	1037	7.8	1.82
0	1038	7.79	0.0
0	1039	7.75	1.01
0	1040	7.74	0.0
0	1041	7.67	1.8
0	1042	7.66	4.9
0	1043	7.65	5.77
0	1044	7.64	5.82
0	1045	7.61	0.0
0	1046	7.6	0.0
0	1047	7.59	0.0
0	1048	7.58	1.36
0	1049	7.56	0.13
0	1050	7.53	0.0
0	1051	7.52	0.0
0	1052	7.5	4.99
0	1053	7.5	0.0
0	1054	7.49	6.61
0	1055	7.49	0.0
0	1056	7.49	0.0
0	1057	7.47	5.8
0	1058	7.46	0.0
0	1059	7.46	0.0
0	1060	7.43	2.83
0	1061	7.42	0.0
0	1062	7.4	0.0
0	1063	7.39	3.54
0	1064	7.37	5.51
0	1065	7.34	0.0
0	1066	7.26	0.0
0	1067	7.25	0.0
0	1068	7.24	0.0
0	1069	7.21	0.0
0	1070	7.18	6.53
0	1071	7.17	0.0
0	1072	7.16	0.0
0	1073	7.15	1.81
0	1074	7.15	5.2
0	1075	7.1	0.39
0	1076	7.09	6.77
0	1077	7.07	0.0
0	1078	7.05	0.0
0	1079	7.05	5.24
0	1080	7.05	0.0
0	1081	7.04	2.26
0	1082	7.04	5.13
0	1083	7.03	0.0
0	1084	7.03	1.8
0	1085	7.02	2.61
0	1086	7.01	0.0
0	1087	7.0	2.57
0	1088	6.99	0.0
0	1089	6.98	5.48
0	1090	6.97	5.18
0	1091	6.95	5.46
0	1092	6.93	0.01
0	1093	6.92	0.0
0	1094	6.86	2.3
0	1095	6.85	0.0
0	1096	6.84	0.0
0	1097	6.83	0.0
0	1098	6.83	0.0
0	1099	6.81	5.43
0	1100	6.81	0.0
0	1101	6.8	0.0
0	1102	6.8	5.56
0	1103	6.76	0.0
0	1104	6.74	1.25
0	1105	6.72	1.8
0	1106	6.69	0.0
0	1107	6.69	0.0
0	1108	6.67	0.0
0	1109	6.66	0.63
0	1110	6.61	3.75
0	1111	6.6	0.71
0	1112	6.58	1.17
0	1113	6.58	5.24
0	1114	6.56	0.87
0	1115	6.5	0.0
0	1116	6.48	1.62
0	1117	6.46	0.33
0	1118	6.45	0.0
0	1119	6.43	3.71
0	1120	6.37	3.65
0	1121	6.37	0.0
0	1122	6.35	0.0
0	1123	6.35	0.0
0	1124	6.3	0.0
0	1125	6.29	0.0
0	1126	6.29	2.78
0	1127	6.26	4.29
0	1128	6.25	0.0
0	1129	6.24	0.0
0	1130	6.24	0.0
0	1131	6.23	3.46
0	1132	6.23	1.65
0	1133	6.22	0.0
0	1134	6.17	0.0
0	1135	6.16	4.03
0	1136	6.15	0.0
0	1137	6.14	0.55
0	1138	6.11	0.0
0	1139	6.1	1.84
0	1140	6.09	0.0
0	1141	6.08	0.55
0	1142	6.08	5.97
0	1143	6.07	5.21
0	1144	6.06	0.0
0	1145	6.05	0.0
0	1146	6.05	2.82
0	1147	6.05	5.94
0	1148	6.02	2.96
0	1149	6.01	4.46
0	1150	5.99	0.0
0	1151	5.98	5.38
0	1152	5.97	0.0
0	1153	5.96	1.2
0	1154	5.95	0.0
0	1155	5.92	0.0
0	1156	5.89	5.16
0	1157	5.89	0.0
0	1158	5.89	0.0
0	1159	5.88	0.11
0	1160	5.86	0.0
0	1161	5.85	3.7
0	1162	5.84	1.03
0	1163	5.81	0.0
0	1164	5.8	0.0
0	1165	5.8	0.0
0	1166	5.76	0.0
0	1167	5.76	0.0
0	1168	5.73	0.0
0	1169	5.7	0.0
0	1170	5.7	0.0
0	1171	5.7	0.0
0	1172	5.69	0.0
0	1173	5.69	0.0
0	1174	5.67	5.62
0	1175	5.66	0.0
0	1176	5.65	1.67
0	1177	5.63	2.86
0	1178	5.62	4.7
0	1179	5.58	0.0
0	1180	5.57	2.2
0	1181	5.55	1.6
0	1182	5.55	0.0
0	1183	5.54	0.07
0	1184	5.52	4.49
0	1185	5.51	3.37
0	1186	5.48	0.0
0	1187	5.47	0.0
0	1188	5.46	4.07
0	1189	5.46	0.02
0	1190	5.45	0.0
0	1191	5.45	0.0
0	1192	5.41	1.0
0	1193	5.41	0.0
0	1194	5.39	0.0
0	1195	5.37	0.65
0	1196	5.36	1.11
0	1197	5.35	2.4
0	1198	5.35	5.25
0	1199	5.34	3.24
0	1200	5.34	5.02
0	1201	5.33	0.0
0	1202	5.33	0.0
0	1203	5.29	0.0
0	1204	5.28	0.0
0	1205	5.26	0.0
0	1206	5.25	0.0
0	1207	5.25	2.05
0	1208	5.24	0.0
0	1209	5.23	2.69
0	1210	5.22	0.0
0	1211	5.21	0.14
0	1212	5.19	0.0
0	1213	5.17	1.8
0	1214	5.15	0.0
0	1215	5.13	0.0
0	1216	5.12	3.17
0	1217	5.11	5.08
0	1218	5.1	0.0
0	1219	5.08	0.0
0	1220	5.07	4.47
0	1221	5.04	3.17
0	1222	4.96	0.0
0	1223	4.94	3.25
0	1224	4.92	4.75
0	1225	4.91	0.0
0	1226	4.91	1.58
0	1227	4.9	0.0
0	1228	4.9	0.0
0	1229	4.88	0.0
0	1230	4.88	1.67
0	1231	4.87	0.05
0	1232	4.83	0.1
0	1233	4.8	0.0
0	1234	4.8	1.16
0	1235	4.79	0.0
0	1236	4.79	4.14
0	1237	4.77	0.0
0	1238	4.72	1.63
0	1239	4.71	0.0
0	1240	4.7	2.8
0	1241	4.64	0.0
0	1242	4.64	0.0
0	1243	4.62	1.98
0	1244	4.61	0.0
0	1245	4.6	0.0
0	1246	4.57	4.24
0	1247	4.56	3.63
0	1248	4.56	0.0
0	1249	4.56	0.0
0	1250	4.55	0.0
0	1251	4.53	0.71
0	1252	4.52	0.0
0	1253	4.52	2.63
0	1254	4.52	2.13
0	1255	4.51	0.0
0	1256	4.5	3.58
0	1257	4.49	0.0
0	1258	4.49	0.0
0	1259	4.47	0.0
0	1260	4.47	0.0
0	1261	4.46	1.93
0	1262	4.46	0.0
0	1263	4.43	0.16
0	1264	4.42	0.0
0	1265	4.41	0.0
0	1266	4.41	0.0
0	1267	4.4	0.0
0	1268	4.39	1.73
0	1269	4.39	0.0
0	1270	4.38	0.0
0	1271	4.38	0.0
0	1272	4.38	0.77
0	1273	4.38	0.0
0	1274	4.37	0.91
0	1275	4.37	0.0
0	1276	4.36	0.0
0	1277	4.35	0.0
0	1278	4.32	0.0
0	1279	4.27	0.0
0	1280	4.26	4.2
0	1281	4.26	0.0
0	1282	4.25	0.0
0	1283	4.22	0.0
0	1284	4.2	0.0
0	1285	4.17	1.72
0	1286	4.16	0.0
0	1287	4.15	0.0
0	1288	4.13	1.29
0	1289	4.12	0.0
0	1290	4.12	0.0
0	1291	4.11	0.0
0	1292	4.11	3.53
0	1293	4.11	3.13
0	1294	4.06	0.0
0	1295	4.05	0.0
0	1296	4.04	0.0
0	1297	4.03	0.0
0	1298	4.03	0.64
0	1299	4.02	0.0
0	1300	3.98	0.0
0	1301	3.97	0.0
0	1302	3.96	0.0
0	1303	3.95	3.23
0	1304	3.94	0.0
0	1305	3.94	0.0
0	1306	3.94	2.11
0	1307	3.93	0.0
0	1308	3.92	0.0
0	1309	3.92	0.0
0	1310	3.9	2.77
0	1311	3.89	0.0
0	1312	3.89	0.67
0	1313	3.88	2.54
0	1314	3.85	0.0
0	1315	3.85	0.0
0	1316	3.82	2.88
0	1317	3.81	0.0
0	1318	3.8	0.0
0	1319	3.8	0.78
0	1320	3.78	0.0
0	1321	3.75	3.33
0	1322	3.75	0.0
0	1323	3.75	0.0
0	1324	3.73	0.0
0	1325	3.72	0.0
0	1326	3.72	1.96
0	1327	3.71	0.0
0	1328	3.71	0.0
0	1329	3.7	0.0
0	1330	3.69	0.0
0	1331	3.69	0.0
0	1332	3.64	0.0
0	1333	3.62	0.0
0	1334	3.61	2.11
0	1335	3.61	0.0
0	1336	3.6	0.0
0	1337	3.59	2.4
0	1338	3.59	0.0
0	1339	3.58	0.0
0	1340	3.58	0.0
0	1341	3.56	0.0
0	1342	3.56	0.0
0	1343	3.56	0.0
0	1344	3.54	0.0
0	1345	3.52	0.88
0	1346	3.5	0.0
0	1347	3.5	0.02
0	1348	3.49	2.47
0	1349	3.48	0.0
0	1350	3.46	1.57
0	1351	3.46	0.0
0	1352	3.45	1.98
0	1353	3.44	0.0
0	1354	3.43	0.0
0	1355	3.42	0.0
0	1356	3.4	0.89
0	1357	3.37	0.0
0	1358	3.37	0.0
0	1359	3.36	0.0
0	1360	3.34	0.45
0	1361	3.33	0.0
0	1362	3.32	0.0
0	1363	3.29	1.14
0	1364	3.29	0.59
0	1365	3.28	3.17
0	1366	3.26	0.0
0	1367	3.25	0.0
0	1368	3.23	2.23
0	1369	3.23	0.0
0	1370	3.22	0.0
0	1371	3.22	0.03
0	1372	3.21	2.0
0	1373	3.21	0.0
0	1374	3.18	0.0
0	1375	3.17	1.97
0	1376	3.17	0.68
0	1377	3.15	0.0
0	1378	3.13	0.0
0	1379	3.13	0.6
0	1380	3.13	2.77
0	1381	3.12	0.0
0	1382	3.11	2.56
0	1383	3.09	0.0
0	1384	3.07	2.99
0	1385	3.07	2.07
0	1386	3.06	0.0
0	1387	3.05	0.82
0	1388	3.04	1.86
0	1389	3.0	0.0
0	1390	3.0	1.54
0	1391	2.99	0.0
0	1392	2.95	0.0
0	1393	2.94	0.0
0	1394	2.93	0.0
0	1395	2.92	0.69
0	1396	2.91	0.0
0	1397	2.9	0.0
0	1398	2.9	0.0
0	1399	2.89	0.0
0	1400	2.87	0.0
0	1401	2.86	0.0
0	1402	2.86	0.0
0	1403	2.84	0.0
0	1404	2.83	0.0
0	1405	2.82	0.0
0	1406	2.82	0.0
0	1407	2.81	0.0
0	1408	2.79	0.0
0	1409	2.78	2.53
0	1410	2.77	0.0
0	1411	2.77	0.0
0	1412	2.77	0.0
0	1413	2.76	0.0
0	1414	2.76	2.49
0	1415	2.76	0.0
0	1416	2.71	0.0
0	1417	2.68	0.0
0	1418	2.68	0.0
0	1419	2.67	0.0
0	1420	2.67	0.0
0	1421	2.65	0.0
0	1422	2.65	0.0
0	1423	2.64	0.0
0	1424	2.64	0.0
0	1425	2.61	0.0
0	1426	2.59	0.0
0	1427	2.58	0.0
0	1428	2.58	0.0
0	1429	2.56	0.45
0	1430	2.56	0.0
0	1431	2.54	0.0
0	1432	2.54	0.0
0	1433	2.53	0.0
0	1434	2.52	0.0
0	1435	2.52	2.16
0	1436	2.51	0.0
0	1437	2.5	0.0
0	1438	2.48	1.36
0	1439	2.44	0.0
0	1440	2.43	0.0
0	1441	2.42	0.0
0	1442	2.42	1.7
0	1443	2.41	0.76
0	1444	2.38	0.0
0	1445	2.38	0.0
0	1446	2.37	0.0
0	1447	2.37	1.49
0	1448	2.36	0.0
0	1449	2.36	0.0
0	1450	2.36	0.0
0	1451	2.36	0.0
0	1452	2.35	0.0
0	1453	2.32	0.0
0	1454	2.32	0.0
0	1455	2.32	0.0
0	1456	2.32	0.0
0	1457	2.31	1.74
0	1458	2.31	0.0
0	1459	2.3	0.85
0	1460	2.29	0.0
0	1461	2.29	0.0
0	1462	2.29	0.0
0	1463	2.28	0.0
0	1464	2.27	0.0
0	1465	2.27	0.0
0	1466	2.26	0.0
0	1467	2.26	0.0
0	1468	2.26	0.0
0	1469	2.24	0.0
0	1470	2.23	1.21
0	1471	2.22	0.47
0	1472	2.21	0.0
0	1473	2.2	0.1
0	1474	2.2	0.0
0	1475	2.19	0.0
0	1476	2.16	1.78
0	1477	2.15	0.0
0	1478	2.11	1.36
0	1479	2.11	0.0
0	1480	2.11	1.02
0	1481	2.09	0.0
0	1482	2.07	0.0
0	1483	2.03	0.0
0	1484	2.01	1.32
0	1485	2.0	0.0
0	1486	1.99	0.0
0	1487	1.98	0.24
0	1488	1.97	0.0
0	1489	1.96	0.86
0	1490	1.94	0.0
0	1491	1.94	0.0
0	1492	1.93	0.0
0	1493	1.92	0.0
0	1494	1.92	0.0
0	1495	1.92	0.0
0	1496	1.88	0.0
0	1497	1.88	0.0
0	1498	1.88	0.0
0	1499	1.87	0.0
0	1500	1.87	0.0
0	1501	1.86	0.0
0	1502	1.86	0.0
0	1503	1.85	0.0
0	1504	1.84	0.0
0	1505	1.82	0.0
0	1506	1.82	0.0
0	1507	1.8	0.0
0	1508	1.8	1.64
0	1509	1.77	0.0
0	1510	1.75	0.0
0	1511	1.74	0.0
0	1512	1.73	0.0
0	1513	1.71	0.0
0	1514	1.68	0.0
0	1515	1.66	0.0
0	1516	1.65	0.15
0	1517	1.64	0.0
0	1518	1.63	0.0
0	1519	1.62	0.0
0	1520	1.61	0.0
0	1521	1.61	0.18
0	1522	1.61	0.0
0	1523	1.61	0.0
0	1524	1.61	0.0
0	1525	1.59	0.0
0	1526	1.56	0.0
0	1527	1.56	0.0
0	1528	1.53	0.0
0	1529	1.53	0.0
0	1530	1.52	0.0
0	1531	1.52	0.0
0	1532	1.52	0.36
0	1533	1.52	0.0
0	1534	1.5	0.0
0	1535	1.49	0.0
0	1536	1.49	0.52
0	1537	1.4	0.0
0	1538	1.39	0.0
0	1539	1.37	0.0
0	1540	1.37	0.0
0	1541	1.37	0.0
0	1542	1.37	0.0
0	1543	1.34	0.65
0	1544	1.31	0.0
0	1545	1.27	0.0
0	1546	1.27	0.75
0	1547	1.27	0.0
0	1548	1.27	0.0
0	1549	1.26	0.43
0	1550	1.26	0.0
0	1551	1.25	0.0
0	1552	1.25	0.0
0	1553	1.24	0.0
0	1554	1.23	0.0
0	1555	1.22	0.0
0	1556	1.21	0.22
0	1557	1.19	0.45
0	1558	1.18	0.0
0	1559	1.18	0.0
0	1560	1.17	0.0
0	1561	1.16	0.0
0	1562	1.16	0.0
0	1563	1.15	0.0
0	1564	1.11	0.0
0	1565	1.11	0.0
0	1566	1.11	0.84
0	1567	1.11	0.0
0	1568	1.09	0.0
0	1569	1.09	0.0
0	1570	1.07	0.0
0	1571	1.06	0.0
0	1572	1.05	0.0
0	1573	1.03	0.0
0	1574	1.02	0.0
0	1575	1.01	0.0
0	1576	0.99	0.0
0	1577	0.97	0.31
0	1578	0.95	0.0
0	1579	0.94	0.0
0	1580	0.93	0.0
0	1581	0.93	0.0
0	1582	0.92	0.0
0	1583	0.91	0.0
0	1584	0.91	0.0
0	1585	0.9	0.0
0	1586	0.89	0.0
0	1587	0.86	0.0
0	1588	0.85	0.0
0	1589	0.85	0.0
0	1590	0.84	0.0
0	1591	0.82	0.0
0	1592	0.82	0.0
0	1593	0.81	0.0
0	1594	0.8	0.0
0	1595	0.79	0.0
0	1596	0.79	0.0
0	1597	0.79	0.0
0	1598	0.79	0.0
0	1599	0.78	0.0
0	1600	0.77	0.0
0	1601	0.76	0.0
0	1602	0.75	0.0
0	1603	0.75	0.0
0	1604	0.75	0.0
0	1605	0.74	0.0
0	1606	0.73	0.0
0	1607	0.73	0.0
0	1608	0.72	0.0
0	1609	0.7	0.0
0	1610	0.68	0.0
0	1611	0.68	0.0
0	1612	0.66	0.0
0	1613	0.66	0.0
0	1614	0.65	0.0
0	1615	0.63	0.59
0	1616	0.62	0.0
0	1617	0.62	0.0
0	1618	0.62	0.0
0	1619	0.62	0.0
0	1620	0.61	0.0
0	1621	0.61	0.0
0	1622	0.6	0.0
0	1623	0.58	0.0
0	1624	0.58	0.0
0	1625	0.55	0.0
0	1626	0.55	0.0
0	1627	0.54	0.0
0	1628	0.52	0.0
0	1629	0.52	0.0
0	1630	0.52	0.0
0	1631	0.52	0.0
0	1632	0.5	0.0
0	1633	0.5	0.0
0	1634	0.49	0.0
0	1635	0.49	0.12
0	1636	0.47	0.0
0	1637	0.47	0.0
0	1638	0.45	0.0
0	1639	0.44	0.0
0	1640	0.43	0.0
0	1641	0.41	0.0
0	1642	0.41	0.0
0	1643	0.4	0.0
0	1644	0.39	0.0
0	1645	0.39	0.0
0	1646	0.39	0.0
0	1647	0.32	0.0
0	1648	0.32	0.0
0	1649	0.27	0.0
0	1650	0.27	0.0
0	1651	0.26	0.0
0	1652	0.26	0.0
0	1653	0.25	0.0
0	1654	0.24	0.0
0	1655	0.23	0.0
0	1656	0.23	0.0
0	1657	0.2	0.0
0	1658	0.19	0.0
0	1659	0.19	0.0
0	1660	0.17	0.0
0	1661	0.16	0.0
0	1662	0.14	0.0
0	1663	0.12	0.0
0	1664	0.1	0.0
0	1665	0.1	0.0
0	1666	0.1	0.0
0	1667	0.09	0.0
0	1668	0.08	0.0
0	1669	0.06	0.0
0	1670	0.05	0.0
0	1671	0.04	0.0
0	1672	0.04	0.0
0	1673	0.02	0.0
0	1674	0.01	0.0
