clade	species	ts	te
0	1	100.0	88.84
0	2	97.99	96.33
0	3	93.83	82.44
0	4	83.15	78.35
0	5	81.47	79.48
0	6	81.13	47.61
0	7	64.4	44.19
0	8	64.05	62.11
0	9	63.79	43.5
0	10	58.17	47.73
0	11	56.55	35.25
0	12	55.48	7.79
0	13	55.15	50.71
0	14	54.62	52.11
0	15	53.15	35.32
0	16	51.91	35.06
0	17	51.44	40.16
0	18	50.89	22.49
0	19	50.87	37.25
0	20	49.97	41.3
0	21	48.6	38.5
0	22	48.52	42.26
0	23	47.85	37.08
0	24	47.15	45.1
0	25	46.81	43.39
0	26	46.62	35.94
0	27	46.57	5.16
0	28	46.42	2.97
0	29	45.78	33.88
0	30	45.7	40.65
0	31	45.42	38.57
0	32	45.13	44.62
0	33	45.05	37.69
0	34	44.79	43.6
0	35	44.34	41.94
0	36	44.13	37.4
0	37	43.96	41.05
0	38	43.16	38.36
0	39	43.14	20.85
0	40	42.73	29.47
0	41	42.5	33.63
0	42	42.41	38.24
0	43	42.31	37.88
0	44	42.1	28.66
0	45	41.97	29.17
0	46	41.97	13.7
0	47	41.95	0.0
0	48	41.69	41.52
0	49	41.43	30.91
0	50	41.25	19.59
0	51	41.2	39.67
0	52	41.17	32.49
0	53	41.15	39.85
0	54	41.06	30.17
0	55	40.87	14.26
0	56	40.85	32.52
0	57	40.79	39.26
0	58	40.61	36.78
0	59	40.54	32.32
0	60	40.47	36.25
0	61	40.39	35.38
0	62	40.37	6.86
0	63	40.2	27.28
0	64	40.05	24.22
0	65	39.57	1.54
0	66	39.49	31.52
0	67	39.42	29.44
0	68	39.24	27.41
0	69	39.2	38.92
0	70	39.06	7.84
0	71	39.05	34.54
0	72	38.8	36.49
0	73	38.28	9.02
0	74	38.27	37.53
0	75	38.24	3.66
0	76	38.18	33.91
0	77	38.05	29.01
0	78	37.91	37.84
0	79	37.9	34.51
0	80	37.88	34.66
0	81	37.65	23.74
0	82	37.58	20.46
0	83	37.54	33.39
0	84	37.38	29.91
0	85	37.32	37.25
0	86	37.19	34.22
0	87	37.13	34.08
0	88	37.09	24.65
0	89	37.06	20.9
0	90	37.0	35.88
0	91	36.98	0.0
0	92	36.93	36.49
0	93	36.85	32.7
0	94	36.7	34.82
0	95	36.52	36.14
0	96	36.49	17.75
0	97	36.43	26.8
0	98	36.39	19.69
0	99	36.37	11.28
0	100	36.26	0.0
0	101	36.1	30.58
0	102	36.06	33.78
0	103	35.61	32.06
0	104	35.53	27.91
0	105	35.44	26.18
0	106	35.39	28.54
0	107	35.31	28.88
0	108	35.04	10.03
0	109	35.01	22.76
0	110	34.88	33.27
0	111	34.88	13.4
0	112	34.79	28.45
0	113	34.73	15.58
0	114	34.71	28.34
0	115	34.53	20.41
0	116	34.41	28.12
0	117	34.29	29.48
0	118	34.21	21.36
0	119	34.09	31.46
0	120	33.93	20.03
0	121	33.32	21.61
0	122	33.3	21.77
0	123	33.11	28.51
0	124	32.87	32.34
0	125	32.85	22.95
0	126	32.69	22.83
0	127	32.53	25.23
0	128	32.41	7.84
0	129	32.4	15.46
0	130	32.32	0.0
0	131	32.26	20.55
0	132	31.98	21.77
0	133	31.94	25.09
0	134	31.91	21.65
0	135	31.87	6.26
0	136	31.85	21.54
0	137	31.8	26.71
0	138	31.78	23.69
0	139	31.71	28.22
0	140	31.7	15.27
0	141	31.62	29.97
0	142	31.56	30.05
0	143	31.52	22.79
0	144	31.43	30.9
0	145	31.32	13.92
0	146	31.3	2.94
0	147	31.21	20.11
0	148	31.14	28.63
0	149	31.1	19.23
0	150	31.05	21.87
0	151	31.02	15.56
0	152	31.01	27.84
0	153	31.01	30.35
0	154	30.91	18.74
0	155	30.91	16.52
0	156	30.9	24.73
0	157	30.89	14.3
0	158	30.89	23.75
0	159	30.81	27.55
0	160	30.76	8.17
0	161	30.71	22.04
0	162	30.69	29.63
0	163	30.61	18.34
0	164	30.56	18.84
0	165	30.52	28.3
0	166	30.51	23.53
0	167	30.44	0.0
0	168	30.42	23.92
0	169	30.39	23.26
0	170	30.33	14.01
0	171	30.28	27.26
0	172	30.26	22.59
0	173	30.18	29.38
0	174	30.12	27.1
0	175	30.08	11.28
0	176	30.04	28.76
0	177	29.9	24.27
0	178	29.82	27.47
0	179	29.74	10.22
0	180	29.74	12.56
0	181	29.73	19.46
0	182	29.66	23.5
0	183	29.63	7.37
0	184	29.62	0.0
0	185	29.39	26.83
0	186	29.37	20.95
0	187	29.18	11.87
0	188	29.11	4.93
0	189	29.07	25.51
0	190	29.07	27.45
0	191	29.0	18.7
0	192	28.9	21.29
0	193	28.89	28.66
0	194	28.82	0.0
0	195	28.58	26.59
0	196	28.53	26.74
0	197	28.43	28.19
0	198	28.35	27.9
0	199	28.32	11.87
0	200	28.31	7.57
0	201	28.23	9.94
0	202	28.23	18.9
0	203	28.16	16.3
0	204	28.08	14.7
0	205	28.03	27.27
0	206	27.84	20.81
0	207	27.8	24.7
0	208	27.79	19.48
0	209	27.78	27.71
0	210	27.74	15.29
0	211	27.74	21.14
0	212	27.68	21.18
0	213	27.61	27.58
0	214	27.58	5.31
0	215	27.49	23.23
0	216	27.43	26.67
0	217	27.33	21.13
0	218	27.29	0.0
0	219	27.25	16.23
0	220	27.19	26.02
0	221	27.15	18.25
0	222	27.08	24.22
0	223	27.06	0.0
0	224	27.01	21.87
0	225	27.01	19.44
0	226	26.99	0.0
0	227	26.96	0.0
0	228	26.89	14.66
0	229	26.69	26.21
0	230	26.65	21.75
0	231	26.55	21.69
0	232	26.48	17.14
0	233	26.46	18.01
0	234	26.39	21.46
0	235	26.38	22.64
0	236	26.29	10.01
0	237	26.22	8.81
0	238	26.18	17.99
0	239	26.15	16.56
0	240	26.14	18.85
0	241	26.07	23.83
0	242	26.03	0.0
0	243	26.0	13.0
0	244	25.98	23.67
0	245	25.95	21.14
0	246	25.94	21.07
0	247	25.89	20.36
0	248	25.78	17.86
0	249	25.78	24.12
0	250	25.77	0.0
0	251	25.77	20.09
0	252	25.71	20.67
0	253	25.68	19.12
0	254	25.68	19.77
0	255	25.62	24.09
0	256	25.49	21.2
0	257	25.45	0.6
0	258	25.45	15.17
0	259	25.41	5.46
0	260	25.36	25.16
0	261	25.21	17.95
0	262	25.18	12.14
0	263	25.12	15.52
0	264	25.12	9.95
0	265	25.02	21.17
0	266	24.99	22.49
0	267	24.94	18.24
0	268	24.92	24.31
0	269	24.88	14.34
0	270	24.73	0.0
0	271	24.68	21.86
0	272	24.64	23.56
0	273	24.61	15.9
0	274	24.59	12.68
0	275	24.59	16.82
0	276	24.57	16.47
0	277	24.56	0.0
0	278	24.56	1.63
0	279	24.55	11.0
0	280	24.53	7.2
0	281	24.52	15.74
0	282	24.48	19.85
0	283	24.48	15.75
0	284	24.47	22.89
0	285	24.41	0.88
0	286	24.4	15.43
0	287	24.39	20.59
0	288	24.37	14.43
0	289	24.32	20.66
0	290	24.28	22.47
0	291	24.25	22.92
0	292	24.21	9.98
0	293	24.2	18.65
0	294	24.19	15.5
0	295	24.15	8.66
0	296	24.14	8.21
0	297	24.1	19.44
0	298	24.09	17.32
0	299	24.07	18.62
0	300	24.06	16.71
0	301	24.03	16.86
0	302	23.99	23.29
0	303	23.96	10.9
0	304	23.95	22.4
0	305	23.86	11.83
0	306	23.83	12.92
0	307	23.81	0.0
0	308	23.81	23.14
0	309	23.78	22.08
0	310	23.68	19.36
0	311	23.66	2.31
0	312	23.66	0.0
0	313	23.63	17.93
0	314	23.6	7.32
0	315	23.54	12.26
0	316	23.47	14.36
0	317	23.47	18.18
0	318	23.46	11.07
0	319	23.45	23.38
0	320	23.39	14.85
0	321	23.38	14.79
0	322	23.34	14.1
0	323	23.32	17.75
0	324	23.31	3.61
0	325	23.27	14.1
0	326	23.23	20.04
0	327	23.22	22.51
0	328	23.17	22.7
0	329	23.12	21.56
0	330	23.11	0.0
0	331	23.1	5.83
0	332	23.08	18.89
0	333	22.96	0.0
0	334	22.92	18.47
0	335	22.91	7.12
0	336	22.9	19.94
0	337	22.88	14.82
0	338	22.87	8.89
0	339	22.76	22.24
0	340	22.76	14.63
0	341	22.7	5.74
0	342	22.66	20.78
0	343	22.62	22.12
0	344	22.61	17.86
0	345	22.6	0.0
0	346	22.58	19.1
0	347	22.56	17.64
0	348	22.54	0.0
0	349	22.53	18.45
0	350	22.51	13.12
0	351	22.51	15.29
0	352	22.5	5.74
0	353	22.5	16.47
0	354	22.49	17.3
0	355	22.48	20.35
0	356	22.44	20.84
0	357	22.42	7.85
0	358	22.42	20.32
0	359	22.35	22.23
0	360	22.23	15.56
0	361	22.2	19.4
0	362	22.12	11.61
0	363	22.1	15.53
0	364	21.95	15.81
0	365	21.95	0.58
0	366	21.92	0.0
0	367	21.92	14.59
0	368	21.89	18.59
0	369	21.85	21.45
0	370	21.84	0.0
0	371	21.82	10.73
0	372	21.81	19.05
0	373	21.74	11.8
0	374	21.74	20.34
0	375	21.7	19.47
0	376	21.66	20.78
0	377	21.64	20.62
0	378	21.61	9.96
0	379	21.53	19.98
0	380	21.49	18.24
0	381	21.44	14.55
0	382	21.42	21.09
0	383	21.4	20.82
0	384	21.35	20.79
0	385	21.35	18.93
0	386	21.34	8.07
0	387	21.32	19.1
0	388	21.25	15.79
0	389	21.25	2.53
0	390	21.23	0.33
0	391	21.23	0.0
0	392	21.15	16.0
0	393	21.12	0.0
0	394	21.08	19.06
0	395	21.03	4.72
0	396	21.0	3.57
0	397	20.94	15.52
0	398	20.91	14.57
0	399	20.9	12.34
0	400	20.75	12.24
0	401	20.74	2.38
0	402	20.71	20.56
0	403	20.7	17.33
0	404	20.68	9.52
0	405	20.67	0.0
0	406	20.65	16.7
0	407	20.6	18.77
0	408	20.6	0.0
0	409	20.48	0.0
0	410	20.46	0.0
0	411	20.35	7.22
0	412	20.29	12.01
0	413	20.26	12.97
0	414	20.26	20.19
0	415	20.23	13.82
0	416	20.21	18.04
0	417	20.2	5.8
0	418	20.18	11.45
0	419	20.18	19.69
0	420	20.16	18.24
0	421	20.16	15.69
0	422	20.07	7.04
0	423	19.99	19.27
0	424	19.97	16.8
0	425	19.78	19.09
0	426	19.77	16.06
0	427	19.77	17.6
0	428	19.75	11.04
0	429	19.73	14.07
0	430	19.69	11.69
0	431	19.63	11.64
0	432	19.63	0.0
0	433	19.62	0.0
0	434	19.61	17.95
0	435	19.61	0.0
0	436	19.59	15.94
0	437	19.55	0.0
0	438	19.55	11.13
0	439	19.51	6.34
0	440	19.47	17.86
0	441	19.43	0.0
0	442	19.37	16.81
0	443	19.36	12.93
0	444	19.35	17.28
0	445	19.35	11.02
0	446	19.33	18.21
0	447	19.3	18.83
0	448	19.28	14.4
0	449	19.24	13.36
0	450	19.23	9.3
0	451	19.21	12.12
0	452	19.2	3.32
0	453	19.19	0.0
0	454	19.16	7.41
0	455	19.16	17.12
0	456	19.15	10.65
0	457	19.13	0.0
0	458	19.13	15.52
0	459	19.11	0.0
0	460	19.1	12.35
0	461	19.1	14.08
0	462	19.1	16.42
0	463	19.06	18.82
0	464	19.04	5.17
0	465	19.04	14.35
0	466	19.03	0.42
0	467	19.03	18.27
0	468	19.0	14.81
0	469	19.0	17.03
0	470	18.98	11.12
0	471	18.96	7.1
0	472	18.84	0.0
0	473	18.84	16.86
0	474	18.83	14.31
0	475	18.74	17.56
0	476	18.71	14.73
0	477	18.69	6.75
0	478	18.65	13.07
0	479	18.64	17.88
0	480	18.64	10.47
0	481	18.61	3.43
0	482	18.59	5.73
0	483	18.58	0.0
0	484	18.57	16.71
0	485	18.56	7.02
0	486	18.55	16.76
0	487	18.54	15.16
0	488	18.52	18.06
0	489	18.51	0.0
0	490	18.5	0.0
0	491	18.5	14.78
0	492	18.45	17.22
0	493	18.38	5.54
0	494	18.38	0.88
0	495	18.34	0.0
0	496	18.29	11.12
0	497	18.24	13.01
0	498	18.23	11.52
0	499	18.21	14.66
0	500	18.19	5.26
0	501	18.17	13.26
0	502	18.15	17.55
0	503	18.08	0.0
0	504	18.07	17.52
0	505	18.06	17.72
0	506	18.04	7.24
0	507	18.03	11.37
0	508	17.96	2.04
0	509	17.95	14.04
0	510	17.95	16.87
0	511	17.93	10.36
0	512	17.9	17.2
0	513	17.87	7.83
0	514	17.86	16.48
0	515	17.84	10.51
0	516	17.82	0.93
0	517	17.79	16.36
0	518	17.78	14.83
0	519	17.75	13.92
0	520	17.72	15.98
0	521	17.71	10.76
0	522	17.69	8.59
0	523	17.68	12.6
0	524	17.68	0.0
0	525	17.66	11.25
0	526	17.65	11.37
0	527	17.62	16.81
0	528	17.56	15.31
0	529	17.54	0.0
0	530	17.53	5.02
0	531	17.5	16.49
0	532	17.46	17.28
0	533	17.45	16.46
0	534	17.41	16.56
0	535	17.37	0.0
0	536	17.34	1.34
0	537	17.33	14.31
0	538	17.3	16.73
0	539	17.25	10.83
0	540	17.25	17.01
0	541	17.22	0.0
0	542	17.21	13.36
0	543	17.2	6.93
0	544	17.18	15.98
0	545	17.17	16.53
0	546	17.13	0.0
0	547	17.11	16.3
0	548	17.03	13.19
0	549	17.02	15.48
0	550	17.02	13.85
0	551	17.0	15.73
0	552	16.99	3.35
0	553	16.96	14.7
0	554	16.93	15.09
0	555	16.91	0.0
0	556	16.9	7.23
0	557	16.89	6.01
0	558	16.88	16.5
0	559	16.86	8.1
0	560	16.78	0.0
0	561	16.76	9.29
0	562	16.74	8.99
0	563	16.73	8.3
0	564	16.7	15.86
0	565	16.66	13.22
0	566	16.65	0.0
0	567	16.64	0.0
0	568	16.63	16.11
0	569	16.62	6.59
0	570	16.59	10.57
0	571	16.56	15.97
0	572	16.51	0.92
0	573	16.46	13.23
0	574	16.45	15.24
0	575	16.44	0.0
0	576	16.41	3.35
0	577	16.36	13.48
0	578	16.35	6.77
0	579	16.34	9.95
0	580	16.31	15.27
0	581	16.27	10.94
0	582	16.24	14.84
0	583	16.23	1.01
0	584	16.22	0.0
0	585	16.19	12.41
0	586	16.19	11.18
0	587	16.17	11.0
0	588	16.17	6.07
0	589	16.17	0.0
0	590	16.17	0.0
0	591	16.15	7.77
0	592	16.14	0.0
0	593	16.14	15.78
0	594	16.12	14.12
0	595	16.1	9.9
0	596	16.09	0.0
0	597	16.05	14.26
0	598	16.05	9.08
0	599	16.02	13.94
0	600	16.0	5.26
0	601	15.99	0.0
0	602	15.98	15.41
0	603	15.89	0.0
0	604	15.89	12.17
0	605	15.88	0.0
0	606	15.82	15.79
0	607	15.81	14.24
0	608	15.79	0.0
0	609	15.79	0.0
0	610	15.78	8.22
0	611	15.77	0.0
0	612	15.74	11.37
0	613	15.73	14.74
0	614	15.71	6.76
0	615	15.69	1.2
0	616	15.69	5.28
0	617	15.67	0.0
0	618	15.65	13.91
0	619	15.6	0.0
0	620	15.59	4.0
0	621	15.57	0.27
0	622	15.56	9.75
0	623	15.55	8.05
0	624	15.52	12.1
0	625	15.52	14.7
0	626	15.49	14.46
0	627	15.47	3.13
0	628	15.44	11.79
0	629	15.41	8.15
0	630	15.38	15.01
0	631	15.37	1.98
0	632	15.36	12.1
0	633	15.35	8.65
0	634	15.33	13.29
0	635	15.3	0.0
0	636	15.25	0.0
0	637	15.23	10.15
0	638	15.23	8.88
0	639	15.22	5.73
0	640	15.22	11.57
0	641	15.21	14.99
0	642	15.17	11.09
0	643	15.12	0.0
0	644	15.11	12.26
0	645	15.09	10.37
0	646	15.09	5.92
0	647	15.05	13.56
0	648	15.04	9.13
0	649	15.02	3.31
0	650	15.0	3.9
0	651	15.0	13.68
0	652	14.99	14.57
0	653	14.98	9.11
0	654	14.97	3.91
0	655	14.94	11.61
0	656	14.89	14.75
0	657	14.89	10.2
0	658	14.86	6.2
0	659	14.8	14.41
0	660	14.8	11.76
0	661	14.78	0.0
0	662	14.76	3.48
0	663	14.75	0.0
0	664	14.73	2.81
0	665	14.7	10.34
0	666	14.68	12.99
0	667	14.66	5.46
0	668	14.66	10.94
0	669	14.65	0.0
0	670	14.6	0.0
0	671	14.6	9.61
0	672	14.6	14.42
0	673	14.57	9.98
0	674	14.51	13.32
0	675	14.5	10.9
0	676	14.49	2.86
0	677	14.49	8.27
0	678	14.49	13.07
0	679	14.45	8.65
0	680	14.43	0.0
0	681	14.41	2.45
0	682	14.4	0.0
0	683	14.35	13.11
0	684	14.34	9.26
0	685	14.33	12.47
0	686	14.33	8.48
0	687	14.32	2.76
0	688	14.31	11.12
0	689	14.31	11.21
0	690	14.31	9.65
0	691	14.31	12.05
0	692	14.3	7.34
0	693	14.3	9.99
0	694	14.3	0.0
0	695	14.28	12.13
0	696	14.23	9.15
0	697	14.22	0.86
0	698	14.21	0.0
0	699	14.21	8.64
0	700	14.21	3.4
0	701	14.19	0.0
0	702	14.18	11.24
0	703	14.17	0.53
0	704	14.17	0.0
0	705	14.15	2.63
0	706	14.13	11.14
0	707	14.1	8.56
0	708	14.09	7.42
0	709	14.08	0.0
0	710	14.08	0.0
0	711	14.07	9.74
0	712	14.05	4.16
0	713	14.02	11.48
0	714	14.01	12.96
0	715	13.93	13.46
0	716	13.91	0.0
0	717	13.9	0.0
0	718	13.88	7.97
0	719	13.83	0.0
0	720	13.82	3.03
0	721	13.81	12.97
0	722	13.8	13.09
0	723	13.75	10.17
0	724	13.73	12.13
0	725	13.72	8.37
0	726	13.72	0.0
0	727	13.7	12.44
0	728	13.68	8.59
0	729	13.66	12.41
0	730	13.65	11.85
0	731	13.64	10.83
0	732	13.63	0.0
0	733	13.63	10.95
0	734	13.59	3.31
0	735	13.53	11.3
0	736	13.53	4.26
0	737	13.53	4.94
0	738	13.52	5.64
0	739	13.51	2.82
0	740	13.48	4.57
0	741	13.48	0.0
0	742	13.48	7.84
0	743	13.48	5.47
0	744	13.48	12.03
0	745	13.46	0.0
0	746	13.46	0.0
0	747	13.44	0.0
0	748	13.43	0.0
0	749	13.42	12.48
0	750	13.37	10.88
0	751	13.36	9.47
0	752	13.32	0.0
0	753	13.31	11.89
0	754	13.29	11.96
0	755	13.27	7.81
0	756	13.25	11.1
0	757	13.25	6.9
0	758	13.2	0.0
0	759	13.19	4.26
0	760	13.18	10.96
0	761	13.17	12.57
0	762	13.13	6.4
0	763	13.03	11.35
0	764	13.03	7.36
0	765	13.01	11.1
0	766	13.0	11.6
0	767	12.93	12.17
0	768	12.91	0.0
0	769	12.88	10.9
0	770	12.87	2.69
0	771	12.85	6.37
0	772	12.83	6.93
0	773	12.83	10.71
0	774	12.82	2.2
0	775	12.8	6.14
0	776	12.8	6.71
0	777	12.79	0.0
0	778	12.78	0.0
0	779	12.77	11.38
0	780	12.75	10.78
0	781	12.75	0.0
0	782	12.75	0.0
0	783	12.7	6.47
0	784	12.7	0.0
0	785	12.69	0.0
0	786	12.67	9.95
0	787	12.66	0.0
0	788	12.66	10.06
0	789	12.59	11.61
0	790	12.56	1.96
0	791	12.54	1.04
0	792	12.52	3.38
0	793	12.51	8.47
0	794	12.51	11.24
0	795	12.5	9.03
0	796	12.5	11.83
0	797	12.43	9.87
0	798	12.42	7.89
0	799	12.36	0.0
0	800	12.36	6.19
0	801	12.35	9.34
0	802	12.35	0.0
0	803	12.34	3.29
0	804	12.34	11.9
0	805	12.27	2.47
0	806	12.25	8.04
0	807	12.22	1.7
0	808	12.21	6.19
0	809	12.2	2.59
0	810	12.2	0.0
0	811	12.17	2.62
0	812	12.17	5.5
0	813	12.17	0.0
0	814	12.16	11.98
0	815	12.15	10.8
0	816	12.13	11.77
0	817	12.12	7.5
0	818	12.12	8.11
0	819	12.1	0.0
0	820	12.1	0.0
0	821	12.08	11.67
0	822	12.06	9.22
0	823	12.06	7.88
0	824	12.05	0.0
0	825	12.02	0.0
0	826	11.98	11.48
0	827	11.97	2.36
0	828	11.96	9.99
0	829	11.95	10.36
0	830	11.91	0.0
0	831	11.9	4.59
0	832	11.88	10.94
0	833	11.88	0.0
0	834	11.87	11.79
0	835	11.82	0.0
0	836	11.79	3.18
0	837	11.79	9.13
0	838	11.78	4.74
0	839	11.78	10.83
0	840	11.76	0.0
0	841	11.75	10.37
0	842	11.72	3.51
0	843	11.72	9.22
0	844	11.7	11.24
0	845	11.67	4.73
0	846	11.67	11.59
0	847	11.67	7.5
0	848	11.66	4.77
0	849	11.66	10.28
0	850	11.65	0.38
0	851	11.63	8.88
0	852	11.63	10.27
0	853	11.62	3.22
0	854	11.61	2.16
0	855	11.6	0.68
0	856	11.6	2.58
0	857	11.58	0.0
0	858	11.56	4.9
0	859	11.56	11.15
0	860	11.49	4.11
0	861	11.46	0.0
0	862	11.45	0.0
0	863	11.43	0.0
0	864	11.43	9.28
0	865	11.42	8.49
0	866	11.39	10.16
0	867	11.39	10.85
0	868	11.37	10.68
0	869	11.37	4.98
0	870	11.25	6.49
0	871	11.23	0.23
0	872	11.23	10.77
0	873	11.22	0.0
0	874	11.2	0.0
0	875	11.2	8.1
0	876	11.18	0.0
0	877	11.17	7.54
0	878	11.15	8.51
0	879	11.12	0.0
0	880	11.12	4.33
0	881	11.12	0.0
0	882	11.1	0.0
0	883	11.09	0.0
0	884	11.03	8.69
0	885	11.02	0.37
0	886	11.02	10.67
0	887	11.01	0.63
0	888	10.96	8.05
0	889	10.95	0.0
0	890	10.92	8.19
0	891	10.86	0.0
0	892	10.84	3.55
0	893	10.82	0.0
0	894	10.81	6.81
0	895	10.8	4.94
0	896	10.76	4.15
0	897	10.75	2.84
0	898	10.71	10.68
0	899	10.71	0.0
0	900	10.67	7.58
0	901	10.67	0.92
0	902	10.65	9.56
0	903	10.65	0.0
0	904	10.63	4.06
0	905	10.63	5.09
0	906	10.6	4.97
0	907	10.59	0.0
0	908	10.56	6.4
0	909	10.54	1.91
0	910	10.5	9.37
0	911	10.49	3.86
0	912	10.46	8.0
0	913	10.45	0.0
0	914	10.44	0.0
0	915	10.42	5.39
0	916	10.41	5.49
0	917	10.41	4.77
0	918	10.39	0.0
0	919	10.36	0.0
0	920	10.35	2.16
0	921	10.34	2.21
0	922	10.34	7.36
0	923	10.33	10.05
0	924	10.3	8.94
0	925	10.3	0.0
0	926	10.27	9.23
0	927	10.27	6.57
0	928	10.25	4.87
0	929	10.23	6.63
0	930	10.21	0.0
0	931	10.2	7.42
0	932	10.2	0.0
0	933	10.19	0.0
0	934	10.19	0.0
0	935	10.16	2.36
0	936	10.13	0.0
0	937	10.11	0.0
0	938	10.11	4.05
0	939	10.1	0.0
0	940	10.09	4.67
0	941	10.07	0.0
0	942	10.07	9.88
0	943	10.05	7.76
0	944	9.99	2.49
0	945	9.98	9.66
0	946	9.97	0.0
0	947	9.96	0.0
0	948	9.95	0.0
0	949	9.95	5.09
0	950	9.95	5.77
0	951	9.94	8.95
0	952	9.92	6.14
0	953	9.91	0.16
0	954	9.86	7.57
0	955	9.85	6.28
0	956	9.84	0.0
0	957	9.82	8.79
0	958	9.8	6.92
0	959	9.77	8.15
0	960	9.77	0.69
0	961	9.77	2.46
0	962	9.75	4.58
0	963	9.75	6.15
0	964	9.73	8.37
0	965	9.73	3.23
0	966	9.72	0.58
0	967	9.72	9.6
0	968	9.71	6.95
0	969	9.71	0.0
0	970	9.7	8.31
0	971	9.67	6.34
0	972	9.66	4.37
0	973	9.66	6.86
0	974	9.65	0.0
0	975	9.64	0.0
0	976	9.64	4.52
0	977	9.64	7.57
0	978	9.63	0.0
0	979	9.62	0.0
0	980	9.62	0.0
0	981	9.6	6.54
0	982	9.56	1.41
0	983	9.53	0.0
0	984	9.5	0.0
0	985	9.49	4.92
0	986	9.48	7.02
0	987	9.45	6.48
0	988	9.44	8.1
0	989	9.44	0.0
0	990	9.44	2.16
0	991	9.38	6.61
0	992	9.38	0.0
0	993	9.37	0.0
0	994	9.36	0.0
0	995	9.36	5.46
0	996	9.36	5.25
0	997	9.35	4.72
0	998	9.31	0.0
0	999	9.3	5.36
0	1000	9.29	5.33
0	1001	9.27	1.97
0	1002	9.26	8.32
0	1003	9.24	0.0
0	1004	9.21	2.37
0	1005	9.18	6.97
0	1006	9.18	9.12
0	1007	9.18	0.0
0	1008	9.13	0.0
0	1009	9.11	6.56
0	1010	9.09	0.0
0	1011	9.09	6.56
0	1012	9.08	0.0
0	1013	9.08	1.93
0	1014	9.06	5.19
0	1015	9.06	0.0
0	1016	9.04	0.0
0	1017	9.03	5.32
0	1018	9.01	0.0
0	1019	9.0	2.69
0	1020	8.99	5.58
0	1021	8.97	3.05
0	1022	8.97	5.82
0	1023	8.95	3.24
0	1024	8.94	7.8
0	1025	8.93	0.0
0	1026	8.9	0.0
0	1027	8.89	0.0
0	1028	8.88	0.0
0	1029	8.88	7.24
0	1030	8.87	0.0
0	1031	8.86	8.69
0	1032	8.86	3.67
0	1033	8.85	5.53
0	1034	8.83	2.11
0	1035	8.83	7.05
0	1036	8.81	0.0
0	1037	8.8	0.61
0	1038	8.79	0.34
0	1039	8.78	3.12
0	1040	8.77	3.15
0	1041	8.77	6.28
0	1042	8.74	0.0
0	1043	8.71	0.57
0	1044	8.7	0.38
0	1045	8.68	0.0
0	1046	8.68	8.51
0	1047	8.66	5.9
0	1048	8.65	0.0
0	1049	8.63	0.0
0	1050	8.63	8.04
0	1051	8.62	4.13
0	1052	8.61	4.54
0	1053	8.61	3.48
0	1054	8.61	5.84
0	1055	8.6	0.0
0	1056	8.58	0.0
0	1057	8.57	2.5
0	1058	8.55	2.69
0	1059	8.54	0.0
0	1060	8.53	5.07
0	1061	8.53	7.78
0	1062	8.53	6.86
0	1063	8.48	0.0
0	1064	8.48	2.19
0	1065	8.48	0.0
0	1066	8.46	0.0
0	1067	8.46	7.74
0	1068	8.45	0.0
0	1069	8.44	0.0
0	1070	8.43	0.0
0	1071	8.43	7.43
0	1072	8.42	5.77
0	1073	8.4	4.74
0	1074	8.38	4.95
0	1075	8.38	5.2
0	1076	8.37	2.18
0	1077	8.37	0.57
0	1078	8.35	5.04
0	1079	8.35	1.63
0	1080	8.35	0.0
0	1081	8.34	3.19
0	1082	8.33	6.5
0	1083	8.32	2.11
0	1084	8.31	0.0
0	1085	8.3	5.13
0	1086	8.28	0.0
0	1087	8.28	0.0
0	1088	8.28	7.42
0	1089	8.26	0.0
0	1090	8.25	0.0
0	1091	8.25	0.0
0	1092	8.23	0.0
0	1093	8.23	3.55
0	1094	8.22	6.73
0	1095	8.2	0.0
0	1096	8.2	5.01
0	1097	8.17	0.0
0	1098	8.14	0.0
0	1099	8.13	0.0
0	1100	8.11	0.0
0	1101	8.11	5.77
0	1102	8.09	0.69
0	1103	8.08	1.84
0	1104	8.06	1.89
0	1105	8.06	0.0
0	1106	8.05	0.0
0	1107	8.02	0.0
0	1108	8.02	0.0
0	1109	8.01	0.12
0	1110	8.01	2.93
0	1111	8.0	0.0
0	1112	8.0	6.43
0	1113	8.0	0.0
0	1114	7.97	4.94
0	1115	7.97	4.88
0	1116	7.97	2.01
0	1117	7.89	0.0
0	1118	7.85	7.26
0	1119	7.84	0.0
0	1120	7.84	0.0
0	1121	7.8	1.75
0	1122	7.8	0.0
0	1123	7.8	4.19
0	1124	7.78	0.0
0	1125	7.74	0.0
0	1126	7.72	0.26
0	1127	7.69	4.46
0	1128	7.68	0.0
0	1129	7.65	3.65
0	1130	7.65	2.24
0	1131	7.64	7.54
0	1132	7.6	3.42
0	1133	7.59	4.11
0	1134	7.56	2.54
0	1135	7.56	0.0
0	1136	7.54	0.0
0	1137	7.54	3.31
0	1138	7.53	4.17
0	1139	7.53	0.0
0	1140	7.5	4.9
0	1141	7.5	0.0
0	1142	7.47	2.22
0	1143	7.45	0.0
0	1144	7.44	1.63
0	1145	7.44	0.0
0	1146	7.43	0.0
0	1147	7.43	0.0
0	1148	7.39	0.0
0	1149	7.35	0.0
0	1150	7.34	3.7
0	1151	7.34	0.0
0	1152	7.34	5.53
0	1153	7.33	6.08
0	1154	7.31	0.0
0	1155	7.31	0.0
0	1156	7.3	7.02
0	1157	7.3	0.0
0	1158	7.26	6.5
0	1159	7.19	5.36
0	1160	7.18	3.99
0	1161	7.16	0.0
0	1162	7.16	5.31
0	1163	7.16	6.18
0	1164	7.13	1.37
0	1165	7.1	0.0
0	1166	7.09	0.0
0	1167	7.08	0.0
0	1168	7.08	0.0
0	1169	7.06	3.28
0	1170	7.05	0.0
0	1171	7.04	4.36
0	1172	7.02	0.0
0	1173	7.02	0.0
0	1174	7.01	0.0
0	1175	7.0	0.0
0	1176	6.98	4.81
0	1177	6.97	0.58
0	1178	6.97	3.8
0	1179	6.96	1.17
0	1180	6.91	0.0
0	1181	6.89	0.0
0	1182	6.89	3.3
0	1183	6.88	0.0
0	1184	6.88	1.17
0	1185	6.88	1.85
0	1186	6.87	6.71
0	1187	6.87	4.62
0	1188	6.86	0.0
0	1189	6.86	0.0
0	1190	6.85	0.0
0	1191	6.85	4.61
0	1192	6.81	1.12
0	1193	6.78	0.0
0	1194	6.76	0.0
0	1195	6.71	0.51
0	1196	6.69	0.61
0	1197	6.69	0.0
0	1198	6.67	0.0
0	1199	6.67	0.0
0	1200	6.67	0.0
0	1201	6.65	0.1
0	1202	6.62	0.0
0	1203	6.6	3.91
0	1204	6.57	0.0
0	1205	6.57	0.0
0	1206	6.56	0.0
0	1207	6.54	0.0
0	1208	6.54	5.01
0	1209	6.52	1.98
0	1210	6.51	5.64
0	1211	6.5	0.65
0	1212	6.48	3.73
0	1213	6.43	5.43
0	1214	6.41	0.27
0	1215	6.4	6.39
0	1216	6.4	4.86
0	1217	6.39	4.19
0	1218	6.39	1.41
0	1219	6.37	0.0
0	1220	6.37	5.2
0	1221	6.36	0.0
0	1222	6.35	4.66
0	1223	6.33	0.0
0	1224	6.32	0.0
0	1225	6.28	0.0
0	1226	6.25	1.98
0	1227	6.25	1.81
0	1228	6.25	0.0
0	1229	6.23	0.17
0	1230	6.22	0.2
0	1231	6.21	0.52
0	1232	6.18	0.0
0	1233	6.18	0.24
0	1234	6.14	5.16
0	1235	6.13	1.7
0	1236	6.1	0.0
0	1237	6.09	2.59
0	1238	6.08	4.83
0	1239	6.07	0.0
0	1240	6.07	2.67
0	1241	6.06	0.03
0	1242	6.04	0.0
0	1243	6.03	2.65
0	1244	6.03	0.0
0	1245	6.01	2.62
0	1246	5.99	1.92
0	1247	5.99	0.0
0	1248	5.97	3.84
0	1249	5.93	3.81
0	1250	5.92	0.0
0	1251	5.92	0.49
0	1252	5.91	0.0
0	1253	5.9	0.0
0	1254	5.9	0.0
0	1255	5.87	0.0
0	1256	5.87	0.43
0	1257	5.86	3.87
0	1258	5.86	0.0
0	1259	5.84	0.0
0	1260	5.84	4.94
0	1261	5.83	0.0
0	1262	5.83	0.0
0	1263	5.83	0.0
0	1264	5.81	0.0
0	1265	5.79	5.01
0	1266	5.79	3.04
0	1267	5.79	0.0
0	1268	5.76	0.0
0	1269	5.76	5.49
0	1270	5.75	5.2
0	1271	5.74	0.0
0	1272	5.71	0.78
0	1273	5.68	0.0
0	1274	5.68	0.0
0	1275	5.66	0.0
0	1276	5.63	3.54
0	1277	5.63	3.26
0	1278	5.62	2.06
0	1279	5.61	0.0
0	1280	5.6	0.0
0	1281	5.6	0.0
0	1282	5.58	1.76
0	1283	5.58	0.0
0	1284	5.57	0.0
0	1285	5.57	0.0
0	1286	5.56	2.49
0	1287	5.56	0.0
0	1288	5.55	0.0
0	1289	5.52	0.0
0	1290	5.5	0.0
0	1291	5.49	2.17
0	1292	5.47	0.0
0	1293	5.47	0.0
0	1294	5.45	0.0
0	1295	5.41	0.0
0	1296	5.41	0.0
0	1297	5.4	0.0
0	1298	5.39	0.0
0	1299	5.39	0.0
0	1300	5.38	0.0
0	1301	5.37	4.74
0	1302	5.36	3.72
0	1303	5.36	0.15
0	1304	5.36	0.0
0	1305	5.35	0.0
0	1306	5.34	5.05
0	1307	5.33	0.0
0	1308	5.33	5.08
0	1309	5.31	0.0
0	1310	5.26	2.01
0	1311	5.26	2.14
0	1312	5.26	0.0
0	1313	5.25	0.75
0	1314	5.21	0.82
0	1315	5.2	0.0
0	1316	5.19	3.1
0	1317	5.19	0.0
0	1318	5.16	2.0
0	1319	5.16	3.99
0	1320	5.14	0.0
0	1321	5.14	0.6
0	1322	5.13	2.93
0	1323	5.11	0.0
0	1324	5.09	0.0
0	1325	5.08	0.0
0	1326	5.07	0.0
0	1327	5.06	0.0
0	1328	5.05	2.46
0	1329	5.03	0.0
0	1330	5.02	0.0
0	1331	5.01	0.0
0	1332	4.99	3.6
0	1333	4.95	0.0
0	1334	4.95	2.98
0	1335	4.94	0.0
0	1336	4.92	0.0
0	1337	4.9	0.0
0	1338	4.89	3.53
0	1339	4.88	0.0
0	1340	4.87	4.55
0	1341	4.87	3.13
0	1342	4.86	0.0
0	1343	4.86	2.18
0	1344	4.85	3.73
0	1345	4.85	0.0
0	1346	4.83	1.37
0	1347	4.78	0.0
0	1348	4.77	0.0
0	1349	4.76	1.0
0	1350	4.76	1.3
0	1351	4.75	2.28
0	1352	4.75	1.48
0	1353	4.74	4.46
0	1354	4.74	0.0
0	1355	4.74	0.0
0	1356	4.72	0.0
0	1357	4.69	4.35
0	1358	4.65	0.0
0	1359	4.65	0.0
0	1360	4.64	0.0
0	1361	4.62	0.0
0	1362	4.62	0.0
0	1363	4.61	3.24
0	1364	4.61	2.46
0	1365	4.6	0.0
0	1366	4.6	0.0
0	1367	4.59	0.0
0	1368	4.59	4.25
0	1369	4.58	0.12
0	1370	4.58	0.0
0	1371	4.57	2.18
0	1372	4.56	0.0
0	1373	4.55	4.37
0	1374	4.55	2.48
0	1375	4.55	3.13
0	1376	4.53	4.45
0	1377	4.53	0.0
0	1378	4.53	2.22
0	1379	4.5	0.0
0	1380	4.47	0.0
0	1381	4.46	0.0
0	1382	4.44	0.0
0	1383	4.44	0.0
0	1384	4.43	0.0
0	1385	4.4	1.59
0	1386	4.4	0.0
0	1387	4.39	0.0
0	1388	4.39	0.0
0	1389	4.39	0.0
0	1390	4.36	0.0
0	1391	4.35	2.67
0	1392	4.35	0.0
0	1393	4.34	0.0
0	1394	4.33	0.0
0	1395	4.31	1.87
0	1396	4.3	0.0
0	1397	4.27	3.39
0	1398	4.27	4.23
0	1399	4.27	0.04
0	1400	4.26	2.29
0	1401	4.24	2.95
0	1402	4.22	1.35
0	1403	4.22	0.0
0	1404	4.19	0.0
0	1405	4.19	1.6
0	1406	4.19	0.85
0	1407	4.19	3.39
0	1408	4.18	0.0
0	1409	4.18	0.0
0	1410	4.16	0.0
0	1411	4.15	0.0
0	1412	4.14	0.0
0	1413	4.14	0.0
0	1414	4.13	0.0
0	1415	4.13	3.26
0	1416	4.1	2.55
0	1417	4.09	0.0
0	1418	4.09	0.0
0	1419	4.08	0.0
0	1420	4.06	3.04
0	1421	4.05	0.0
0	1422	4.05	0.0
0	1423	4.05	0.0
0	1424	4.04	0.57
0	1425	4.03	0.0
0	1426	4.01	0.0
0	1427	4.01	0.0
0	1428	4.0	2.78
0	1429	4.0	0.0
0	1430	3.98	0.0
0	1431	3.98	0.0
0	1432	3.94	0.0
0	1433	3.93	0.0
0	1434	3.92	0.0
0	1435	3.91	0.0
0	1436	3.87	0.0
0	1437	3.85	0.0
0	1438	3.85	0.87
0	1439	3.84	0.0
0	1440	3.83	0.0
0	1441	3.83	2.89
0	1442	3.82	2.48
0	1443	3.81	0.0
0	1444	3.8	0.0
0	1445	3.77	0.0
0	1446	3.77	0.0
0	1447	3.76	0.16
0	1448	3.75	2.13
0	1449	3.75	1.43
0	1450	3.74	0.17
0	1451	3.74	0.0
0	1452	3.73	0.0
0	1453	3.73	0.0
0	1454	3.71	0.0
0	1455	3.63	0.0
0	1456	3.62	0.0
0	1457	3.61	0.0
0	1458	3.59	3.3
0	1459	3.54	0.0
0	1460	3.53	0.0
0	1461	3.52	3.36
0	1462	3.51	0.0
0	1463	3.5	0.0
0	1464	3.5	1.26
0	1465	3.5	0.0
0	1466	3.49	1.69
0	1467	3.46	0.0
0	1468	3.45	0.0
0	1469	3.45	0.0
0	1470	3.45	0.76
0	1471	3.44	0.0
0	1472	3.44	0.0
0	1473	3.42	0.0
0	1474	3.42	0.0
0	1475	3.41	0.0
0	1476	3.4	0.0
0	1477	3.4	0.95
0	1478	3.37	0.0
0	1479	3.37	0.0
0	1480	3.36	0.0
0	1481	3.35	2.73
0	1482	3.31	0.0
0	1483	3.31	0.0
0	1484	3.3	0.0
0	1485	3.29	0.44
0	1486	3.29	0.0
0	1487	3.28	0.0
0	1488	3.27	0.0
0	1489	3.27	0.0
0	1490	3.26	0.0
0	1491	3.26	0.0
0	1492	3.25	2.02
0	1493	3.23	0.0
0	1494	3.22	0.0
0	1495	3.22	0.0
0	1496	3.22	1.47
0	1497	3.2	0.0
0	1498	3.2	0.96
0	1499	3.2	0.0
0	1500	3.18	0.0
0	1501	3.18	0.0
0	1502	3.18	1.01
0	1503	3.17	0.0
0	1504	3.17	0.05
0	1505	3.16	0.0
0	1506	3.16	2.33
0	1507	3.1	0.0
0	1508	3.09	1.24
0	1509	3.09	0.0
0	1510	3.08	0.0
0	1511	3.07	0.0
0	1512	3.07	0.0
0	1513	3.07	0.0
0	1514	3.07	0.0
0	1515	3.06	0.0
0	1516	3.04	0.0
0	1517	3.02	0.0
0	1518	3.01	0.0
0	1519	3.0	2.14
0	1520	2.99	0.0
0	1521	2.98	0.0
0	1522	2.98	0.0
0	1523	2.97	0.0
0	1524	2.96	0.4
0	1525	2.96	0.0
0	1526	2.94	0.0
0	1527	2.92	0.33
0	1528	2.92	0.0
0	1529	2.9	0.0
0	1530	2.87	0.0
0	1531	2.87	0.0
0	1532	2.86	2.24
0	1533	2.85	0.0
0	1534	2.84	0.0
0	1535	2.84	0.0
0	1536	2.83	0.0
0	1537	2.82	1.34
0	1538	2.82	0.0
0	1539	2.81	0.84
0	1540	2.8	0.0
0	1541	2.79	0.0
0	1542	2.75	0.0
0	1543	2.73	0.0
0	1544	2.71	0.0
0	1545	2.7	2.12
0	1546	2.7	0.0
0	1547	2.69	0.0
0	1548	2.69	0.0
0	1549	2.69	0.0
0	1550	2.68	0.59
0	1551	2.67	1.92
0	1552	2.67	0.0
0	1553	2.67	0.0
0	1554	2.67	0.0
0	1555	2.66	0.0
0	1556	2.64	0.0
0	1557	2.63	0.0
0	1558	2.62	1.2
0	1559	2.62	0.0
0	1560	2.62	0.0
0	1561	2.6	0.0
0	1562	2.6	0.92
0	1563	2.58	0.0
0	1564	2.57	0.0
0	1565	2.56	0.0
0	1566	2.56	0.0
0	1567	2.55	0.0
0	1568	2.55	0.0
0	1569	2.54	0.0
0	1570	2.53	0.39
0	1571	2.52	0.0
0	1572	2.51	0.44
0	1573	2.51	0.0
0	1574	2.51	0.02
0	1575	2.5	0.0
0	1576	2.48	0.0
0	1577	2.47	0.0
0	1578	2.47	0.0
0	1579	2.46	0.0
0	1580	2.46	1.48
0	1581	2.45	0.0
0	1582	2.42	1.7
0	1583	2.42	1.81
0	1584	2.41	0.0
0	1585	2.4	1.94
0	1586	2.4	0.0
0	1587	2.4	0.0
0	1588	2.35	0.0
0	1589	2.34	0.0
0	1590	2.33	0.0
0	1591	2.33	0.0
0	1592	2.31	0.0
0	1593	2.28	0.0
0	1594	2.28	0.0
0	1595	2.27	0.0
0	1596	2.2	0.0
0	1597	2.19	0.0
0	1598	2.18	0.0
0	1599	2.14	0.0
0	1600	2.13	0.0
0	1601	2.11	0.0
0	1602	2.09	0.0
0	1603	2.07	0.0
0	1604	2.06	0.75
0	1605	2.06	0.94
0	1606	2.05	0.53
0	1607	2.03	0.0
0	1608	2.03	0.0
0	1609	2.02	1.68
0	1610	2.01	1.89
0	1611	2.0	1.67
0	1612	2.0	0.0
0	1613	1.99	0.0
0	1614	1.98	0.0
0	1615	1.98	0.0
0	1616	1.97	0.0
0	1617	1.95	0.0
0	1618	1.94	0.0
0	1619	1.93	0.0
0	1620	1.92	0.0
0	1621	1.91	0.0
0	1622	1.9	0.41
0	1623	1.9	0.0
0	1624	1.89	0.0
0	1625	1.89	0.0
0	1626	1.88	0.0
0	1627	1.84	0.0
0	1628	1.82	0.0
0	1629	1.81	0.0
0	1630	1.81	0.0
0	1631	1.8	0.0
0	1632	1.76	0.0
0	1633	1.76	0.0
0	1634	1.75	0.62
0	1635	1.75	0.0
0	1636	1.74	0.0
0	1637	1.74	0.0
0	1638	1.74	0.0
0	1639	1.73	0.0
0	1640	1.72	0.0
0	1641	1.72	0.11
0	1642	1.71	0.0
0	1643	1.71	0.0
0	1644	1.71	0.0
0	1645	1.7	0.0
0	1646	1.67	0.0
0	1647	1.67	0.0
0	1648	1.67	0.0
0	1649	1.65	0.43
0	1650	1.64	0.0
0	1651	1.64	0.0
0	1652	1.63	0.1
0	1653	1.63	0.0
0	1654	1.62	0.0
0	1655	1.61	0.0
0	1656	1.61	0.02
0	1657	1.61	0.0
0	1658	1.57	0.0
0	1659	1.55	0.0
0	1660	1.54	0.0
0	1661	1.53	0.0
0	1662	1.52	0.0
0	1663	1.52	0.0
0	1664	1.51	0.0
0	1665	1.51	0.0
0	1666	1.5	0.0
0	1667	1.49	0.0
0	1668	1.49	0.0
0	1669	1.48	0.0
0	1670	1.48	0.0
0	1671	1.47	0.0
0	1672	1.47	0.0
0	1673	1.46	0.0
0	1674	1.45	0.52
0	1675	1.45	0.0
0	1676	1.45	0.0
0	1677	1.44	0.0
0	1678	1.43	0.0
0	1679	1.43	0.0
0	1680	1.4	0.0
0	1681	1.39	0.0
0	1682	1.38	0.0
0	1683	1.38	0.0
0	1684	1.38	0.0
0	1685	1.37	0.0
0	1686	1.37	0.0
0	1687	1.37	0.56
0	1688	1.36	0.0
0	1689	1.35	0.0
0	1690	1.33	0.07
0	1691	1.31	0.0
0	1692	1.31	0.0
0	1693	1.31	0.0
0	1694	1.3	0.0
0	1695	1.29	0.0
0	1696	1.29	0.0
0	1697	1.27	0.0
0	1698	1.24	0.0
0	1699	1.24	0.0
0	1700	1.23	0.82
0	1701	1.21	0.0
0	1702	1.2	0.0
0	1703	1.18	0.0
0	1704	1.16	0.0
0	1705	1.16	0.0
0	1706	1.16	0.0
0	1707	1.15	0.0
0	1708	1.15	0.0
0	1709	1.13	0.0
0	1710	1.13	0.0
0	1711	1.13	0.27
0	1712	1.12	0.0
0	1713	1.12	0.0
0	1714	1.11	0.0
0	1715	1.11	0.0
0	1716	1.11	0.0
0	1717	1.1	0.0
0	1718	1.1	0.0
0	1719	1.09	0.0
0	1720	1.09	0.0
0	1721	1.09	1.02
0	1722	1.08	0.0
0	1723	1.08	0.0
0	1724	1.08	0.0
0	1725	1.08	0.0
0	1726	1.07	0.0
0	1727	1.07	0.0
0	1728	1.05	0.04
0	1729	1.04	0.0
0	1730	1.02	0.0
0	1731	1.01	0.27
0	1732	1.0	0.27
0	1733	0.99	0.0
0	1734	0.99	0.0
0	1735	0.98	0.0
0	1736	0.97	0.11
0	1737	0.95	0.0
0	1738	0.95	0.0
0	1739	0.92	0.0
0	1740	0.91	0.0
0	1741	0.89	0.0
0	1742	0.89	0.0
0	1743	0.88	0.68
0	1744	0.87	0.0
0	1745	0.87	0.0
0	1746	0.86	0.0
0	1747	0.84	0.0
0	1748	0.83	0.0
0	1749	0.82	0.0
0	1750	0.82	0.0
0	1751	0.81	0.0
0	1752	0.81	0.0
0	1753	0.8	0.0
0	1754	0.77	0.0
0	1755	0.76	0.0
0	1756	0.76	0.0
0	1757	0.76	0.0
0	1758	0.73	0.22
0	1759	0.72	0.0
0	1760	0.72	0.0
0	1761	0.7	0.0
0	1762	0.7	0.6
0	1763	0.67	0.0
0	1764	0.66	0.0
0	1765	0.63	0.0
0	1766	0.62	0.22
0	1767	0.61	0.0
0	1768	0.6	0.0
0	1769	0.6	0.0
0	1770	0.6	0.0
0	1771	0.58	0.0
0	1772	0.58	0.0
0	1773	0.57	0.0
0	1774	0.57	0.0
0	1775	0.56	0.0
0	1776	0.55	0.0
0	1777	0.54	0.0
0	1778	0.54	0.0
0	1779	0.53	0.0
0	1780	0.53	0.0
0	1781	0.51	0.0
0	1782	0.51	0.0
0	1783	0.51	0.0
0	1784	0.5	0.0
0	1785	0.5	0.0
0	1786	0.49	0.0
0	1787	0.48	0.3
0	1788	0.48	0.0
0	1789	0.47	0.0
0	1790	0.45	0.0
0	1791	0.45	0.0
0	1792	0.44	0.03
0	1793	0.44	0.0
0	1794	0.44	0.0
0	1795	0.44	0.0
0	1796	0.43	0.0
0	1797	0.42	0.0
0	1798	0.42	0.0
0	1799	0.42	0.0
0	1800	0.41	0.0
0	1801	0.39	0.0
0	1802	0.39	0.0
0	1803	0.38	0.0
0	1804	0.38	0.0
0	1805	0.37	0.0
0	1806	0.35	0.0
0	1807	0.33	0.0
0	1808	0.32	0.0
0	1809	0.31	0.0
0	1810	0.3	0.0
0	1811	0.26	0.0
0	1812	0.26	0.0
0	1813	0.25	0.0
0	1814	0.24	0.0
0	1815	0.23	0.0
0	1816	0.23	0.0
0	1817	0.23	0.0
0	1818	0.22	0.0
0	1819	0.22	0.0
0	1820	0.2	0.0
0	1821	0.19	0.0
0	1822	0.19	0.0
0	1823	0.18	0.0
0	1824	0.18	0.0
0	1825	0.18	0.0
0	1826	0.17	0.0
0	1827	0.16	0.0
0	1828	0.16	0.0
0	1829	0.15	0.0
0	1830	0.13	0.0
0	1831	0.12	0.0
0	1832	0.11	0.0
0	1833	0.1	0.0
0	1834	0.09	0.0
0	1835	0.09	0.0
0	1836	0.08	0.0
0	1837	0.08	0.0
0	1838	0.06	0.0
0	1839	0.05	0.0
0	1840	0.05	0.0
0	1841	0.03	0.0
0	1842	0.03	0.0
0	1843	0.03	0.0
0	1844	0.02	0.0
0	1845	0.01	0.0
0	1846	0.01	0.0
0	1847	0.01	0.0
