clade	species	ts	te
0	1	100.0	72.89
0	2	99.99	86.27
0	3	93.88	71.0
0	4	92.82	85.64
0	5	92.38	89.85
0	6	91.95	90.77
0	7	91.29	89.83
0	8	90.54	84.32
0	9	89.52	71.1
0	10	86.97	80.75
0	11	86.94	83.17
0	12	86.89	84.12
0	13	83.28	83.09
0	14	82.84	77.12
0	15	82.37	71.1
0	16	81.47	37.26
0	17	81.0	73.73
0	18	80.86	79.42
0	19	80.22	71.71
0	20	79.8	79.58
0	21	78.65	77.41
0	22	77.8	77.7
0	23	75.82	58.44
0	24	75.48	73.14
0	25	74.61	64.73
0	26	74.17	68.94
0	27	74.09	69.24
0	28	74.05	72.38
0	29	73.49	44.48
0	30	73.3	57.56
0	31	71.68	47.69
0	32	70.85	57.85
0	33	70.65	61.22
0	34	70.29	67.62
0	35	69.96	65.63
0	36	69.87	68.58
0	37	69.8	58.81
0	38	69.09	38.9
0	39	68.07	64.75
0	40	67.79	66.27
0	41	67.74	61.59
0	42	67.47	58.23
0	43	66.43	62.25
0	44	66.01	59.99
0	45	65.8	64.82
0	46	64.72	51.38
0	47	64.67	62.44
0	48	64.32	0.0
0	49	64.28	63.12
0	50	64.15	57.56
0	51	64.02	62.71
0	52	63.54	63.17
0	53	63.3	54.21
0	54	62.36	58.09
0	55	62.23	51.6
0	56	61.89	39.95
0	57	61.52	45.35
0	58	61.12	53.76
0	59	60.33	49.94
0	60	57.72	43.26
0	61	57.6	56.07
0	62	57.49	53.3
0	63	57.45	49.55
0	64	57.25	31.12
0	65	57.17	40.39
0	66	56.83	51.18
0	67	56.62	49.77
0	68	55.23	42.2
0	69	54.9	51.28
0	70	54.6	53.58
0	71	54.58	33.63
0	72	54.26	41.93
0	73	54.03	33.46
0	74	53.92	48.19
0	75	53.81	45.06
0	76	53.01	44.61
0	77	52.53	39.62
0	78	52.36	47.16
0	79	51.53	48.13
0	80	51.39	44.9
0	81	50.96	48.47
0	82	50.69	38.92
0	83	50.63	39.48
0	84	50.04	35.73
0	85	50.03	46.27
0	86	50.0	46.47
0	87	49.69	42.68
0	88	49.6	39.69
0	89	49.28	38.78
0	90	49.0	37.67
0	91	49.0	46.78
0	92	47.74	40.42
0	93	47.64	38.75
0	94	47.28	0.0
0	95	47.18	46.39
0	96	47.15	38.53
0	97	47.12	44.68
0	98	47.04	42.1
0	99	47.04	26.64
0	100	46.87	32.1
0	101	46.41	39.63
0	102	46.22	17.62
0	103	46.21	43.51
0	104	45.77	35.84
0	105	45.75	45.58
0	106	45.69	41.22
0	107	45.57	37.78
0	108	45.4	42.28
0	109	45.11	26.92
0	110	45.08	44.03
0	111	45.04	44.79
0	112	44.98	35.26
0	113	44.82	22.83
0	114	44.81	33.24
0	115	44.39	43.77
0	116	44.36	39.0
0	117	44.28	19.57
0	118	43.94	43.31
0	119	43.85	36.14
0	120	43.84	27.75
0	121	43.71	33.24
0	122	43.7	43.34
0	123	43.58	34.01
0	124	43.39	34.85
0	125	43.26	36.56
0	126	42.97	34.64
0	127	42.94	36.53
0	128	42.68	23.65
0	129	42.64	39.54
0	130	42.36	30.34
0	131	42.12	40.34
0	132	42.11	36.59
0	133	41.94	41.76
0	134	41.89	28.21
0	135	41.71	26.69
0	136	41.61	13.1
0	137	41.5	34.64
0	138	41.11	39.72
0	139	41.1	35.69
0	140	41.09	35.94
0	141	41.08	40.48
0	142	40.77	38.47
0	143	40.76	37.46
0	144	40.75	34.2
0	145	40.68	26.97
0	146	40.63	35.41
0	147	40.62	38.13
0	148	40.41	33.46
0	149	40.29	26.47
0	150	40.25	18.96
0	151	40.08	27.0
0	152	40.06	34.61
0	153	39.87	29.96
0	154	39.82	29.03
0	155	39.73	31.2
0	156	39.53	26.72
0	157	39.28	32.52
0	158	39.27	35.69
0	159	39.04	21.06
0	160	39.02	37.33
0	161	38.91	26.67
0	162	38.88	35.98
0	163	38.81	22.91
0	164	38.78	24.4
0	165	38.76	22.09
0	166	38.75	31.51
0	167	38.59	33.86
0	168	38.57	21.04
0	169	38.49	24.6
0	170	38.41	24.57
0	171	38.26	27.05
0	172	38.2	38.02
0	173	38.2	34.19
0	174	38.13	37.86
0	175	38.12	24.02
0	176	38.11	20.86
0	177	38.06	38.02
0	178	37.98	22.96
0	179	37.96	36.61
0	180	37.94	36.54
0	181	37.9	15.75
0	182	37.89	35.67
0	183	37.8	32.4
0	184	37.54	31.99
0	185	37.48	23.45
0	186	37.42	26.89
0	187	37.39	25.2
0	188	37.33	25.62
0	189	37.3	35.29
0	190	37.29	26.57
0	191	37.21	28.16
0	192	37.15	35.62
0	193	37.13	36.26
0	194	37.04	34.85
0	195	36.98	30.12
0	196	36.92	30.1
0	197	36.89	34.07
0	198	36.87	11.96
0	199	36.85	33.38
0	200	36.83	26.39
0	201	36.63	18.46
0	202	36.48	29.89
0	203	36.4	2.54
0	204	36.32	36.09
0	205	36.27	19.5
0	206	36.22	31.75
0	207	36.14	24.49
0	208	36.14	30.45
0	209	36.07	13.61
0	210	36.04	0.0
0	211	36.0	24.9
0	212	35.96	29.31
0	213	35.72	22.37
0	214	35.58	13.03
0	215	35.58	27.73
0	216	35.53	33.5
0	217	35.47	29.55
0	218	35.44	35.24
0	219	35.24	25.33
0	220	35.13	0.54
0	221	35.11	34.35
0	222	34.95	10.12
0	223	34.92	30.47
0	224	34.84	27.73
0	225	34.82	22.78
0	226	34.81	26.28
0	227	34.81	14.4
0	228	34.8	0.0
0	229	34.67	34.06
0	230	34.51	30.81
0	231	34.51	24.76
0	232	34.36	31.55
0	233	34.31	32.15
0	234	34.26	12.3
0	235	34.25	29.35
0	236	34.23	34.19
0	237	34.2	17.02
0	238	33.96	28.62
0	239	33.88	31.62
0	240	33.71	26.47
0	241	33.7	14.75
0	242	33.66	32.45
0	243	33.36	26.0
0	244	33.33	5.26
0	245	33.25	29.74
0	246	33.24	32.14
0	247	33.24	8.29
0	248	33.21	22.26
0	249	33.1	29.45
0	250	33.05	32.1
0	251	33.05	30.45
0	252	33.04	23.38
0	253	33.04	32.19
0	254	32.98	19.71
0	255	32.74	23.23
0	256	32.71	30.32
0	257	32.57	30.43
0	258	32.46	25.98
0	259	32.43	19.05
0	260	32.3	32.01
0	261	32.28	18.27
0	262	32.18	10.33
0	263	32.11	27.87
0	264	32.05	28.44
0	265	31.97	30.66
0	266	31.89	22.86
0	267	31.86	30.88
0	268	31.84	25.19
0	269	31.77	14.92
0	270	31.66	20.92
0	271	31.59	25.97
0	272	31.58	13.41
0	273	31.48	30.19
0	274	31.45	28.33
0	275	31.45	30.7
0	276	31.35	16.67
0	277	31.31	30.79
0	278	31.24	10.68
0	279	31.22	27.13
0	280	31.15	13.21
0	281	31.15	24.35
0	282	31.09	22.22
0	283	30.96	18.1
0	284	30.95	24.9
0	285	30.91	28.95
0	286	30.8	29.46
0	287	30.75	16.04
0	288	30.74	15.93
0	289	30.73	23.46
0	290	30.62	30.16
0	291	30.61	22.94
0	292	30.56	27.43
0	293	30.48	25.23
0	294	30.45	21.96
0	295	30.37	28.76
0	296	30.36	20.88
0	297	30.21	19.94
0	298	30.14	27.29
0	299	30.13	23.88
0	300	30.02	27.45
0	301	29.94	27.1
0	302	29.93	29.88
0	303	29.84	14.58
0	304	29.79	20.41
0	305	29.79	29.15
0	306	29.78	27.17
0	307	29.63	28.92
0	308	29.62	12.52
0	309	29.6	16.67
0	310	29.5	0.0
0	311	29.42	23.58
0	312	29.41	20.42
0	313	29.39	28.6
0	314	29.35	27.43
0	315	29.31	14.05
0	316	29.28	26.74
0	317	29.24	21.04
0	318	29.23	27.11
0	319	29.19	11.95
0	320	29.14	24.96
0	321	29.02	11.22
0	322	29.02	24.26
0	323	28.99	24.04
0	324	28.88	0.0
0	325	28.85	0.0
0	326	28.83	26.15
0	327	28.83	20.79
0	328	28.73	21.7
0	329	28.71	0.0
0	330	28.7	27.01
0	331	28.59	27.53
0	332	28.56	27.37
0	333	28.46	28.39
0	334	28.45	0.0
0	335	28.39	19.74
0	336	28.38	22.02
0	337	28.38	0.0
0	338	28.22	8.09
0	339	28.21	20.15
0	340	28.07	24.66
0	341	28.04	25.61
0	342	27.95	14.7
0	343	27.95	23.66
0	344	27.84	24.27
0	345	27.83	26.42
0	346	27.72	14.47
0	347	27.7	25.6
0	348	27.65	27.29
0	349	27.64	20.35
0	350	27.54	23.75
0	351	27.53	26.23
0	352	27.51	24.25
0	353	27.45	22.94
0	354	27.4	15.88
0	355	27.4	26.59
0	356	27.32	25.34
0	357	27.32	15.76
0	358	27.15	24.57
0	359	27.05	15.15
0	360	27.01	17.38
0	361	26.98	7.58
0	362	26.95	25.57
0	363	26.94	12.03
0	364	26.94	19.05
0	365	26.89	16.28
0	366	26.87	22.65
0	367	26.85	20.13
0	368	26.81	19.78
0	369	26.79	0.0
0	370	26.76	19.57
0	371	26.75	24.1
0	372	26.73	17.05
0	373	26.71	20.67
0	374	26.68	20.96
0	375	26.66	15.98
0	376	26.44	18.22
0	377	26.42	21.63
0	378	26.38	23.0
0	379	26.33	20.48
0	380	26.28	5.54
0	381	26.28	16.07
0	382	26.07	25.37
0	383	26.04	22.83
0	384	25.95	22.32
0	385	25.93	16.09
0	386	25.93	23.33
0	387	25.92	18.5
0	388	25.9	25.43
0	389	25.89	14.85
0	390	25.88	1.06
0	391	25.83	15.27
0	392	25.82	11.17
0	393	25.82	22.11
0	394	25.75	0.0
0	395	25.73	17.8
0	396	25.71	13.8
0	397	25.7	25.29
0	398	25.68	16.24
0	399	25.63	17.53
0	400	25.6	25.2
0	401	25.56	12.68
0	402	25.55	1.13
0	403	25.49	22.88
0	404	25.47	23.22
0	405	25.41	0.0
0	406	25.38	21.13
0	407	25.37	19.42
0	408	25.35	15.84
0	409	25.33	0.0
0	410	25.32	9.15
0	411	25.24	12.64
0	412	25.22	0.0
0	413	25.14	14.87
0	414	25.13	1.44
0	415	25.09	9.34
0	416	25.06	21.26
0	417	25.04	14.56
0	418	25.0	10.43
0	419	24.97	23.28
0	420	24.94	13.93
0	421	24.92	12.09
0	422	24.92	2.04
0	423	24.86	22.56
0	424	24.77	16.78
0	425	24.76	23.98
0	426	24.65	0.0
0	427	24.62	21.84
0	428	24.59	13.67
0	429	24.59	14.9
0	430	24.54	16.7
0	431	24.52	17.56
0	432	24.51	9.56
0	433	24.48	22.75
0	434	24.48	9.68
0	435	24.46	22.05
0	436	24.37	23.59
0	437	24.34	12.44
0	438	24.29	18.77
0	439	24.29	20.52
0	440	24.29	21.9
0	441	24.28	4.85
0	442	24.26	12.47
0	443	24.18	23.99
0	444	24.17	23.45
0	445	24.17	17.06
0	446	24.15	23.95
0	447	24.1	13.5
0	448	24.08	12.17
0	449	24.08	16.55
0	450	24.06	15.03
0	451	23.94	20.41
0	452	23.92	8.28
0	453	23.89	22.69
0	454	23.88	21.66
0	455	23.81	17.16
0	456	23.79	21.4
0	457	23.79	15.38
0	458	23.76	23.61
0	459	23.73	22.06
0	460	23.66	21.36
0	461	23.66	0.0
0	462	23.62	18.26
0	463	23.57	22.55
0	464	23.55	20.06
0	465	23.55	15.51
0	466	23.51	23.1
0	467	23.49	0.0
0	468	23.49	12.99
0	469	23.47	3.44
0	470	23.44	20.34
0	471	23.44	20.93
0	472	23.43	0.0
0	473	23.43	18.58
0	474	23.41	21.72
0	475	23.39	11.06
0	476	23.37	23.08
0	477	23.36	14.83
0	478	23.31	2.89
0	479	23.3	19.27
0	480	23.26	14.95
0	481	23.25	12.89
0	482	23.19	2.29
0	483	23.16	14.81
0	484	23.16	22.68
0	485	23.12	6.3
0	486	23.09	11.76
0	487	23.07	21.34
0	488	23.07	11.75
0	489	22.99	6.72
0	490	22.97	22.45
0	491	22.88	21.45
0	492	22.86	22.33
0	493	22.83	21.24
0	494	22.81	16.14
0	495	22.8	9.67
0	496	22.79	12.23
0	497	22.79	7.64
0	498	22.77	0.0
0	499	22.75	18.83
0	500	22.68	18.5
0	501	22.63	18.31
0	502	22.63	17.75
0	503	22.57	6.69
0	504	22.53	22.36
0	505	22.52	11.75
0	506	22.5	17.96
0	507	22.46	17.96
0	508	22.42	0.4
0	509	22.4	21.59
0	510	22.35	0.0
0	511	22.35	20.48
0	512	22.31	0.0
0	513	22.29	2.94
0	514	22.28	17.39
0	515	22.23	7.42
0	516	22.22	11.52
0	517	22.21	11.78
0	518	22.18	17.73
0	519	22.13	20.15
0	520	22.11	20.05
0	521	22.11	13.12
0	522	22.03	18.03
0	523	21.99	0.0
0	524	21.96	19.7
0	525	21.96	16.34
0	526	21.91	14.77
0	527	21.9	15.08
0	528	21.89	17.27
0	529	21.87	17.18
0	530	21.86	13.56
0	531	21.84	1.97
0	532	21.72	18.24
0	533	21.72	7.3
0	534	21.72	8.58
0	535	21.62	18.81
0	536	21.6	9.14
0	537	21.5	20.32
0	538	21.46	20.99
0	539	21.41	1.33
0	540	21.34	21.26
0	541	21.32	20.74
0	542	21.29	21.08
0	543	21.28	12.74
0	544	21.17	17.99
0	545	21.16	7.16
0	546	21.13	2.8
0	547	21.09	15.35
0	548	21.07	12.48
0	549	21.07	18.55
0	550	21.06	16.85
0	551	21.05	4.44
0	552	21.02	19.34
0	553	21.02	5.96
0	554	20.88	11.92
0	555	20.87	16.4
0	556	20.83	13.73
0	557	20.81	18.39
0	558	20.81	16.79
0	559	20.78	20.18
0	560	20.72	9.57
0	561	20.72	15.13
0	562	20.72	19.16
0	563	20.71	0.53
0	564	20.67	18.46
0	565	20.6	18.33
0	566	20.58	20.08
0	567	20.58	5.36
0	568	20.57	4.05
0	569	20.57	1.59
0	570	20.56	20.24
0	571	20.51	17.06
0	572	20.51	20.42
0	573	20.49	4.36
0	574	20.49	10.57
0	575	20.48	4.47
0	576	20.47	19.44
0	577	20.47	0.0
0	578	20.44	16.87
0	579	20.43	6.58
0	580	20.41	14.5
0	581	20.34	1.64
0	582	20.33	17.69
0	583	20.32	8.34
0	584	20.32	3.05
0	585	20.26	18.78
0	586	20.25	16.46
0	587	20.22	18.45
0	588	20.22	7.56
0	589	20.21	0.0
0	590	20.21	18.61
0	591	20.2	19.31
0	592	20.15	0.0
0	593	20.12	19.09
0	594	20.12	19.01
0	595	20.11	15.12
0	596	20.09	17.51
0	597	20.03	10.54
0	598	19.99	14.11
0	599	19.97	9.03
0	600	19.97	16.82
0	601	19.92	19.57
0	602	19.9	13.61
0	603	19.85	4.95
0	604	19.79	12.87
0	605	19.74	0.0
0	606	19.7	17.05
0	607	19.7	14.64
0	608	19.67	17.47
0	609	19.66	14.77
0	610	19.65	9.22
0	611	19.62	0.77
0	612	19.57	19.11
0	613	19.57	5.96
0	614	19.55	6.43
0	615	19.42	0.0
0	616	19.38	18.92
0	617	19.38	11.97
0	618	19.31	0.0
0	619	19.29	14.75
0	620	19.26	12.82
0	621	19.17	18.25
0	622	19.14	11.93
0	623	19.09	16.09
0	624	19.06	18.08
0	625	19.05	16.28
0	626	18.93	9.29
0	627	18.93	3.73
0	628	18.9	10.96
0	629	18.88	8.62
0	630	18.86	15.89
0	631	18.84	0.0
0	632	18.82	13.89
0	633	18.8	0.0
0	634	18.79	12.66
0	635	18.69	14.66
0	636	18.67	15.33
0	637	18.66	9.31
0	638	18.66	0.0
0	639	18.65	4.63
0	640	18.65	0.0
0	641	18.64	16.58
0	642	18.59	14.93
0	643	18.55	18.46
0	644	18.52	10.31
0	645	18.51	13.34
0	646	18.5	14.6
0	647	18.48	12.05
0	648	18.47	12.56
0	649	18.44	15.86
0	650	18.44	11.9
0	651	18.42	7.89
0	652	18.4	0.93
0	653	18.36	14.49
0	654	18.35	3.81
0	655	18.31	16.42
0	656	18.3	17.27
0	657	18.29	11.71
0	658	18.24	7.55
0	659	18.22	8.04
0	660	18.19	18.01
0	661	18.11	7.2
0	662	18.07	13.73
0	663	18.05	0.0
0	664	18.04	0.0
0	665	18.03	14.4
0	666	17.98	0.0
0	667	17.92	15.28
0	668	17.91	11.41
0	669	17.91	12.48
0	670	17.91	0.0
0	671	17.9	14.04
0	672	17.88	0.0
0	673	17.84	12.81
0	674	17.81	17.22
0	675	17.8	12.12
0	676	17.78	8.2
0	677	17.78	15.18
0	678	17.78	9.29
0	679	17.77	7.49
0	680	17.76	8.03
0	681	17.74	3.16
0	682	17.74	10.15
0	683	17.7	10.48
0	684	17.68	16.41
0	685	17.68	8.82
0	686	17.67	13.68
0	687	17.67	2.05
0	688	17.65	0.0
0	689	17.64	14.59
0	690	17.64	16.6
0	691	17.63	8.39
0	692	17.62	3.39
0	693	17.55	0.0
0	694	17.54	14.07
0	695	17.52	4.49
0	696	17.46	15.21
0	697	17.42	0.0
0	698	17.4	1.93
0	699	17.35	0.0
0	700	17.34	11.77
0	701	17.34	6.95
0	702	17.31	1.72
0	703	17.28	1.04
0	704	17.24	10.73
0	705	17.24	7.32
0	706	17.24	15.23
0	707	17.21	11.76
0	708	17.21	14.23
0	709	17.12	14.56
0	710	17.09	13.62
0	711	17.09	5.62
0	712	17.06	0.0
0	713	17.03	2.12
0	714	17.02	5.19
0	715	16.95	4.71
0	716	16.95	9.74
0	717	16.9	0.0
0	718	16.88	5.64
0	719	16.84	0.93
0	720	16.81	11.21
0	721	16.73	8.3
0	722	16.67	11.63
0	723	16.66	15.89
0	724	16.65	12.18
0	725	16.64	3.35
0	726	16.58	4.07
0	727	16.56	1.9
0	728	16.53	4.52
0	729	16.52	9.09
0	730	16.48	0.0
0	731	16.45	6.16
0	732	16.43	4.75
0	733	16.42	13.21
0	734	16.36	2.09
0	735	16.35	0.15
0	736	16.27	0.0
0	737	16.26	15.33
0	738	16.24	12.39
0	739	16.24	9.11
0	740	16.19	16.1
0	741	16.14	1.27
0	742	16.13	12.54
0	743	16.08	0.0
0	744	16.04	0.0
0	745	16.03	5.76
0	746	16.0	0.0
0	747	15.99	5.99
0	748	15.98	5.39
0	749	15.9	7.73
0	750	15.83	13.71
0	751	15.81	11.97
0	752	15.81	13.81
0	753	15.78	7.94
0	754	15.77	11.55
0	755	15.73	0.0
0	756	15.72	12.72
0	757	15.7	0.0
0	758	15.69	11.71
0	759	15.68	8.23
0	760	15.68	10.12
0	761	15.68	3.86
0	762	15.55	9.47
0	763	15.5	11.66
0	764	15.48	9.55
0	765	15.47	13.85
0	766	15.46	14.39
0	767	15.4	9.5
0	768	15.4	4.86
0	769	15.4	1.33
0	770	15.4	14.99
0	771	15.39	8.12
0	772	15.38	9.94
0	773	15.37	0.1
0	774	15.36	11.88
0	775	15.33	10.03
0	776	15.33	0.0
0	777	15.31	1.7
0	778	15.31	6.96
0	779	15.3	14.81
0	780	15.3	13.94
0	781	15.3	0.0
0	782	15.26	9.92
0	783	15.26	0.0
0	784	15.22	7.93
0	785	15.18	3.12
0	786	15.17	0.0
0	787	15.14	11.72
0	788	15.14	12.84
0	789	15.13	7.4
0	790	15.12	0.0
0	791	15.1	6.87
0	792	15.04	1.28
0	793	14.99	8.03
0	794	14.97	12.32
0	795	14.97	0.0
0	796	14.97	11.35
0	797	14.95	10.64
0	798	14.95	0.0
0	799	14.89	0.0
0	800	14.89	14.17
0	801	14.88	10.26
0	802	14.79	8.3
0	803	14.79	0.0
0	804	14.79	13.62
0	805	14.72	13.59
0	806	14.68	13.04
0	807	14.65	14.32
0	808	14.61	8.94
0	809	14.58	14.03
0	810	14.57	13.96
0	811	14.56	13.93
0	812	14.54	0.0
0	813	14.54	9.73
0	814	14.52	11.22
0	815	14.47	13.61
0	816	14.45	13.47
0	817	14.42	13.03
0	818	14.41	2.65
0	819	14.4	9.54
0	820	14.38	1.38
0	821	14.37	9.18
0	822	14.35	12.69
0	823	14.34	12.06
0	824	14.34	6.6
0	825	14.32	7.88
0	826	14.29	4.16
0	827	14.24	12.4
0	828	14.22	0.0
0	829	14.21	5.41
0	830	14.19	0.62
0	831	14.16	0.0
0	832	14.14	12.51
0	833	14.11	8.09
0	834	14.1	7.98
0	835	14.07	6.39
0	836	14.04	0.0
0	837	14.04	13.95
0	838	14.04	13.22
0	839	14.02	10.55
0	840	14.02	6.56
0	841	14.01	0.0
0	842	14.01	0.0
0	843	14.01	0.0
0	844	13.99	9.42
0	845	13.98	5.71
0	846	13.97	6.75
0	847	13.86	12.53
0	848	13.78	13.31
0	849	13.76	0.0
0	850	13.7	4.07
0	851	13.69	0.0
0	852	13.64	5.72
0	853	13.6	9.57
0	854	13.57	6.69
0	855	13.55	6.25
0	856	13.54	9.15
0	857	13.52	7.02
0	858	13.52	3.86
0	859	13.49	5.73
0	860	13.49	8.96
0	861	13.49	6.33
0	862	13.46	2.35
0	863	13.42	5.68
0	864	13.41	10.34
0	865	13.39	0.0
0	866	13.38	6.14
0	867	13.38	1.85
0	868	13.36	5.4
0	869	13.36	9.9
0	870	13.36	0.0
0	871	13.34	4.24
0	872	13.33	0.0
0	873	13.32	10.69
0	874	13.32	13.05
0	875	13.32	0.0
0	876	13.31	7.69
0	877	13.27	0.0
0	878	13.25	0.0
0	879	13.24	11.89
0	880	13.24	7.99
0	881	13.24	0.0
0	882	13.23	12.57
0	883	13.22	0.0
0	884	13.21	0.0
0	885	13.18	3.33
0	886	13.18	9.06
0	887	13.16	7.13
0	888	13.14	0.0
0	889	13.1	11.97
0	890	13.07	13.06
0	891	13.02	10.07
0	892	12.98	0.0
0	893	12.97	0.0
0	894	12.92	4.18
0	895	12.9	0.0
0	896	12.89	2.02
0	897	12.88	0.0
0	898	12.88	0.33
0	899	12.83	7.46
0	900	12.78	6.06
0	901	12.76	11.96
0	902	12.75	0.0
0	903	12.74	0.0
0	904	12.73	8.87
0	905	12.67	6.55
0	906	12.66	0.0
0	907	12.63	0.0
0	908	12.62	7.45
0	909	12.59	8.82
0	910	12.58	0.0
0	911	12.51	0.0
0	912	12.49	0.0
0	913	12.49	0.0
0	914	12.48	0.0
0	915	12.47	0.0
0	916	12.46	0.0
0	917	12.43	0.0
0	918	12.42	4.61
0	919	12.4	7.71
0	920	12.38	4.07
0	921	12.36	0.0
0	922	12.35	0.0
0	923	12.34	5.95
0	924	12.33	6.43
0	925	12.3	0.0
0	926	12.27	9.67
0	927	12.27	0.0
0	928	12.27	5.95
0	929	12.25	0.0
0	930	12.25	0.04
0	931	12.25	9.85
0	932	12.21	10.03
0	933	12.2	9.66
0	934	12.19	1.35
0	935	12.18	4.0
0	936	12.17	6.0
0	937	12.13	8.8
0	938	12.13	11.45
0	939	12.12	4.78
0	940	12.11	5.52
0	941	12.08	10.68
0	942	12.0	1.74
0	943	11.97	0.0
0	944	11.92	8.55
0	945	11.9	7.39
0	946	11.88	0.0
0	947	11.87	4.15
0	948	11.87	0.0
0	949	11.85	0.0
0	950	11.83	0.0
0	951	11.81	11.25
0	952	11.8	8.36
0	953	11.79	10.27
0	954	11.79	8.44
0	955	11.79	0.0
0	956	11.75	3.88
0	957	11.69	6.74
0	958	11.68	0.0
0	959	11.67	0.0
0	960	11.67	0.0
0	961	11.66	0.0
0	962	11.66	2.25
0	963	11.65	6.25
0	964	11.6	0.42
0	965	11.59	3.65
0	966	11.59	10.39
0	967	11.57	9.99
0	968	11.57	0.8
0	969	11.56	6.02
0	970	11.51	5.58
0	971	11.5	7.16
0	972	11.48	8.71
0	973	11.48	0.0
0	974	11.43	8.93
0	975	11.41	0.0
0	976	11.38	7.45
0	977	11.38	8.09
0	978	11.37	7.87
0	979	11.37	4.66
0	980	11.36	3.49
0	981	11.34	0.0
0	982	11.34	7.17
0	983	11.33	10.07
0	984	11.32	8.62
0	985	11.31	7.61
0	986	11.31	10.72
0	987	11.3	8.81
0	988	11.29	4.5
0	989	11.28	8.73
0	990	11.24	6.79
0	991	11.23	8.99
0	992	11.23	6.88
0	993	11.23	0.0
0	994	11.22	0.0
0	995	11.19	0.0
0	996	11.19	6.41
0	997	11.16	0.0
0	998	11.12	8.21
0	999	11.12	10.5
0	1000	11.09	6.63
0	1001	11.07	10.11
0	1002	11.06	7.19
0	1003	11.03	5.0
0	1004	11.03	0.0
0	1005	11.02	5.37
0	1006	11.0	0.0
0	1007	10.99	0.0
0	1008	10.99	0.0
0	1009	10.99	5.77
0	1010	10.96	0.0
0	1011	10.95	8.37
0	1012	10.91	0.0
0	1013	10.91	7.64
0	1014	10.9	3.87
0	1015	10.9	0.0
0	1016	10.87	0.0
0	1017	10.83	3.36
0	1018	10.82	4.63
0	1019	10.8	7.03
0	1020	10.78	0.0
0	1021	10.74	7.77
0	1022	10.71	0.0
0	1023	10.69	0.0
0	1024	10.69	9.72
0	1025	10.66	5.28
0	1026	10.63	5.5
0	1027	10.62	8.53
0	1028	10.59	0.0
0	1029	10.59	4.55
0	1030	10.59	0.0
0	1031	10.58	7.86
0	1032	10.56	0.63
0	1033	10.56	8.24
0	1034	10.56	8.71
0	1035	10.53	4.75
0	1036	10.52	5.52
0	1037	10.52	0.0
0	1038	10.48	0.0
0	1039	10.47	0.0
0	1040	10.46	0.0
0	1041	10.44	10.39
0	1042	10.44	0.0
0	1043	10.42	0.0
0	1044	10.4	6.99
0	1045	10.4	9.55
0	1046	10.38	0.0
0	1047	10.35	0.0
0	1048	10.33	3.85
0	1049	10.32	1.13
0	1050	10.29	0.0
0	1051	10.27	0.0
0	1052	10.26	0.0
0	1053	10.24	0.98
0	1054	10.23	0.0
0	1055	10.21	7.16
0	1056	10.21	6.02
0	1057	10.19	0.0
0	1058	10.17	9.48
0	1059	10.13	7.95
0	1060	10.11	0.0
0	1061	10.11	6.04
0	1062	10.09	0.0
0	1063	10.08	0.0
0	1064	10.06	6.24
0	1065	10.04	3.33
0	1066	10.04	8.88
0	1067	10.03	0.0
0	1068	9.93	9.88
0	1069	9.91	0.0
0	1070	9.88	0.13
0	1071	9.87	6.02
0	1072	9.86	8.96
0	1073	9.85	3.54
0	1074	9.84	2.53
0	1075	9.84	3.19
0	1076	9.84	1.67
0	1077	9.81	0.0
0	1078	9.81	0.24
0	1079	9.79	0.0
0	1080	9.79	0.0
0	1081	9.77	8.2
0	1082	9.77	8.49
0	1083	9.71	0.53
0	1084	9.7	6.22
0	1085	9.68	5.54
0	1086	9.67	2.63
0	1087	9.67	0.0
0	1088	9.65	8.18
0	1089	9.64	7.21
0	1090	9.6	2.74
0	1091	9.6	9.55
0	1092	9.57	0.0
0	1093	9.56	8.99
0	1094	9.54	0.0
0	1095	9.52	1.95
0	1096	9.51	3.03
0	1097	9.43	0.0
0	1098	9.43	2.78
0	1099	9.42	0.0
0	1100	9.42	3.31
0	1101	9.4	7.82
0	1102	9.38	7.26
0	1103	9.37	5.12
0	1104	9.36	0.0
0	1105	9.35	0.0
0	1106	9.34	7.14
0	1107	9.34	0.0
0	1108	9.34	8.62
0	1109	9.33	7.75
0	1110	9.31	8.78
0	1111	9.29	3.94
0	1112	9.26	0.0
0	1113	9.25	0.0
0	1114	9.24	0.0
0	1115	9.21	4.92
0	1116	9.21	0.54
0	1117	9.21	4.39
0	1118	9.18	6.98
0	1119	9.17	0.0
0	1120	9.13	8.45
0	1121	9.07	0.0
0	1122	9.06	1.0
0	1123	9.06	7.07
0	1124	9.05	8.54
0	1125	9.01	0.0
0	1126	9.01	0.0
0	1127	9.0	4.42
0	1128	9.0	8.96
0	1129	8.87	0.0
0	1130	8.86	6.28
0	1131	8.81	0.0
0	1132	8.8	6.87
0	1133	8.79	0.0
0	1134	8.78	7.2
0	1135	8.78	0.0
0	1136	8.78	0.0
0	1137	8.78	0.38
0	1138	8.77	5.51
0	1139	8.76	1.54
0	1140	8.76	1.38
0	1141	8.75	1.96
0	1142	8.75	0.0
0	1143	8.74	0.0
0	1144	8.74	0.0
0	1145	8.72	0.0
0	1146	8.7	0.0
0	1147	8.69	0.0
0	1148	8.68	0.0
0	1149	8.68	4.44
0	1150	8.67	0.0
0	1151	8.66	3.63
0	1152	8.66	0.0
0	1153	8.65	8.22
0	1154	8.62	7.99
0	1155	8.62	0.0
0	1156	8.61	5.53
0	1157	8.59	1.44
0	1158	8.59	0.0
0	1159	8.54	0.0
0	1160	8.53	0.0
0	1161	8.53	0.0
0	1162	8.53	3.24
0	1163	8.5	0.0
0	1164	8.48	0.0
0	1165	8.43	4.79
0	1166	8.43	2.73
0	1167	8.42	7.89
0	1168	8.4	0.0
0	1169	8.4	0.0
0	1170	8.39	0.0
0	1171	8.38	5.07
0	1172	8.38	0.0
0	1173	8.37	0.0
0	1174	8.36	7.73
0	1175	8.32	6.3
0	1176	8.32	0.0
0	1177	8.31	4.76
0	1178	8.31	5.69
0	1179	8.28	7.42
0	1180	8.26	0.0
0	1181	8.19	0.37
0	1182	8.17	3.46
0	1183	8.16	0.0
0	1184	8.13	0.0
0	1185	8.12	0.0
0	1186	8.11	1.88
0	1187	8.11	5.62
0	1188	8.07	6.29
0	1189	8.07	4.56
0	1190	8.03	5.71
0	1191	8.02	4.73
0	1192	8.02	0.0
0	1193	8.0	0.0
0	1194	7.99	4.92
0	1195	7.98	2.38
0	1196	7.97	7.62
0	1197	7.92	0.0
0	1198	7.9	0.0
0	1199	7.9	3.51
0	1200	7.89	0.0
0	1201	7.86	1.16
0	1202	7.85	0.0
0	1203	7.85	0.28
0	1204	7.81	6.05
0	1205	7.81	0.0
0	1206	7.79	0.0
0	1207	7.79	1.44
0	1208	7.78	0.0
0	1209	7.77	6.15
0	1210	7.75	6.54
0	1211	7.71	0.0
0	1212	7.7	2.49
0	1213	7.7	0.0
0	1214	7.69	0.0
0	1215	7.67	0.0
0	1216	7.64	2.21
0	1217	7.64	7.24
0	1218	7.61	2.86
0	1219	7.61	0.0
0	1220	7.57	7.36
0	1221	7.56	3.32
0	1222	7.55	0.0
0	1223	7.53	4.43
0	1224	7.53	4.69
0	1225	7.49	5.08
0	1226	7.49	5.57
0	1227	7.46	6.55
0	1228	7.46	0.0
0	1229	7.45	0.0
0	1230	7.45	0.0
0	1231	7.45	4.75
0	1232	7.44	5.95
0	1233	7.43	2.44
0	1234	7.42	0.0
0	1235	7.41	0.0
0	1236	7.4	4.0
0	1237	7.39	0.0
0	1238	7.37	0.0
0	1239	7.34	3.34
0	1240	7.33	0.0
0	1241	7.31	4.97
0	1242	7.31	0.0
0	1243	7.29	2.42
0	1244	7.28	4.71
0	1245	7.22	0.0
0	1246	7.2	2.52
0	1247	7.18	3.52
0	1248	7.16	6.3
0	1249	7.16	3.34
0	1250	7.14	7.07
0	1251	7.12	0.0
0	1252	7.1	0.0
0	1253	7.1	3.85
0	1254	7.09	0.22
0	1255	7.08	5.5
0	1256	7.06	3.67
0	1257	7.02	0.0
0	1258	6.98	0.0
0	1259	6.95	1.03
0	1260	6.87	0.0
0	1261	6.87	1.88
0	1262	6.87	2.7
0	1263	6.84	0.0
0	1264	6.82	0.0
0	1265	6.8	0.0
0	1266	6.78	0.0
0	1267	6.76	0.0
0	1268	6.76	6.74
0	1269	6.73	5.3
0	1270	6.7	3.06
0	1271	6.63	0.0
0	1272	6.63	0.0
0	1273	6.61	3.12
0	1274	6.59	3.91
0	1275	6.55	0.74
0	1276	6.55	5.46
0	1277	6.54	0.0
0	1278	6.54	0.0
0	1279	6.54	0.0
0	1280	6.53	0.68
0	1281	6.51	0.41
0	1282	6.5	0.0
0	1283	6.48	5.16
0	1284	6.47	5.65
0	1285	6.46	0.0
0	1286	6.45	4.29
0	1287	6.45	4.34
0	1288	6.43	0.0
0	1289	6.42	0.0
0	1290	6.41	0.0
0	1291	6.4	1.27
0	1292	6.36	5.39
0	1293	6.34	0.0
0	1294	6.33	0.0
0	1295	6.32	0.0
0	1296	6.31	5.67
0	1297	6.3	5.68
0	1298	6.3	0.0
0	1299	6.29	1.63
0	1300	6.27	0.0
0	1301	6.26	0.0
0	1302	6.26	4.05
0	1303	6.25	0.0
0	1304	6.25	0.0
0	1305	6.22	2.44
0	1306	6.21	0.88
0	1307	6.19	4.53
0	1308	6.18	0.0
0	1309	6.18	0.0
0	1310	6.17	0.0
0	1311	6.16	5.52
0	1312	6.15	0.0
0	1313	6.14	0.0
0	1314	6.14	0.0
0	1315	6.13	5.1
0	1316	6.11	3.18
0	1317	6.1	3.74
0	1318	6.09	0.0
0	1319	6.07	0.0
0	1320	6.07	0.0
0	1321	6.05	0.0
0	1322	6.04	0.0
0	1323	6.03	0.0
0	1324	6.02	0.83
0	1325	6.02	0.0
0	1326	6.0	1.62
0	1327	5.97	0.0
0	1328	5.96	3.45
0	1329	5.95	2.35
0	1330	5.93	0.0
0	1331	5.92	4.81
0	1332	5.9	3.77
0	1333	5.9	0.0
0	1334	5.89	3.32
0	1335	5.88	3.66
0	1336	5.87	2.5
0	1337	5.87	0.0
0	1338	5.86	0.0
0	1339	5.86	0.0
0	1340	5.85	0.0
0	1341	5.85	0.0
0	1342	5.84	0.0
0	1343	5.81	4.89
0	1344	5.81	0.0
0	1345	5.81	0.0
0	1346	5.79	0.0
0	1347	5.79	0.0
0	1348	5.78	0.0
0	1349	5.77	3.32
0	1350	5.75	0.0
0	1351	5.75	0.0
0	1352	5.75	2.2
0	1353	5.75	1.73
0	1354	5.75	0.0
0	1355	5.74	4.74
0	1356	5.73	0.0
0	1357	5.69	0.0
0	1358	5.66	0.2
0	1359	5.65	4.2
0	1360	5.64	4.29
0	1361	5.64	3.63
0	1362	5.64	3.26
0	1363	5.62	3.05
0	1364	5.62	0.0
0	1365	5.61	0.0
0	1366	5.59	1.85
0	1367	5.57	0.0
0	1368	5.55	0.0
0	1369	5.55	0.0
0	1370	5.55	0.0
0	1371	5.54	0.0
0	1372	5.53	0.38
0	1373	5.53	0.0
0	1374	5.51	1.64
0	1375	5.5	0.0
0	1376	5.5	1.11
0	1377	5.49	0.29
0	1378	5.49	0.0
0	1379	5.48	3.8
0	1380	5.47	3.03
0	1381	5.45	0.0
0	1382	5.44	0.0
0	1383	5.44	0.0
0	1384	5.44	0.0
0	1385	5.41	3.15
0	1386	5.41	3.29
0	1387	5.4	0.86
0	1388	5.4	0.0
0	1389	5.39	0.09
0	1390	5.38	3.81
0	1391	5.37	0.0
0	1392	5.36	4.42
0	1393	5.35	4.78
0	1394	5.34	0.0
0	1395	5.34	0.9
0	1396	5.33	0.0
0	1397	5.33	0.0
0	1398	5.32	0.0
0	1399	5.31	3.52
0	1400	5.3	0.78
0	1401	5.27	0.0
0	1402	5.25	0.0
0	1403	5.24	0.0
0	1404	5.22	3.7
0	1405	5.22	0.0
0	1406	5.21	0.0
0	1407	5.2	4.83
0	1408	5.19	4.1
0	1409	5.19	4.49
0	1410	5.16	0.0
0	1411	5.13	0.0
0	1412	5.13	1.37
0	1413	5.13	0.0
0	1414	5.12	1.68
0	1415	5.12	1.32
0	1416	5.11	0.0
0	1417	5.06	0.0
0	1418	5.05	4.84
0	1419	5.01	0.0
0	1420	5.0	3.76
0	1421	4.98	0.0
0	1422	4.96	2.5
0	1423	4.96	4.54
0	1424	4.96	1.48
0	1425	4.92	0.0
0	1426	4.92	0.0
0	1427	4.91	0.0
0	1428	4.91	1.72
0	1429	4.91	1.43
0	1430	4.89	0.0
0	1431	4.87	0.0
0	1432	4.87	4.64
0	1433	4.86	0.0
0	1434	4.86	0.0
0	1435	4.82	0.32
0	1436	4.82	1.73
0	1437	4.82	0.0
0	1438	4.81	1.31
0	1439	4.78	0.0
0	1440	4.77	2.17
0	1441	4.77	0.0
0	1442	4.76	0.0
0	1443	4.76	0.41
0	1444	4.75	0.0
0	1445	4.72	1.17
0	1446	4.69	0.0
0	1447	4.69	0.0
0	1448	4.68	0.0
0	1449	4.68	2.04
0	1450	4.67	0.0
0	1451	4.67	1.07
0	1452	4.65	0.0
0	1453	4.6	0.0
0	1454	4.6	0.0
0	1455	4.59	0.0
0	1456	4.59	0.0
0	1457	4.57	3.76
0	1458	4.55	3.89
0	1459	4.54	3.67
0	1460	4.53	0.0
0	1461	4.51	3.76
0	1462	4.47	1.26
0	1463	4.45	0.72
0	1464	4.44	0.0
0	1465	4.43	1.61
0	1466	4.43	0.0
0	1467	4.42	0.0
0	1468	4.39	3.51
0	1469	4.39	0.0
0	1470	4.37	0.0
0	1471	4.36	0.0
0	1472	4.34	1.63
0	1473	4.34	0.0
0	1474	4.33	0.0
0	1475	4.33	0.56
0	1476	4.3	4.29
0	1477	4.28	0.0
0	1478	4.28	0.0
0	1479	4.26	0.0
0	1480	4.24	0.0
0	1481	4.24	0.0
0	1482	4.22	0.0
0	1483	4.22	0.0
0	1484	4.21	0.0
0	1485	4.2	2.91
0	1486	4.2	0.0
0	1487	4.19	0.0
0	1488	4.18	4.02
0	1489	4.17	3.84
0	1490	4.17	0.0
0	1491	4.16	0.0
0	1492	4.16	0.0
0	1493	4.16	0.0
0	1494	4.13	0.05
0	1495	4.13	3.2
0	1496	4.11	0.0
0	1497	4.1	0.0
0	1498	4.08	0.61
0	1499	4.06	0.0
0	1500	4.05	0.0
0	1501	4.04	0.0
0	1502	4.01	0.0
0	1503	4.01	0.0
0	1504	4.0	0.0
0	1505	3.98	1.36
0	1506	3.98	0.0
0	1507	3.96	3.06
0	1508	3.95	2.33
0	1509	3.95	0.31
0	1510	3.95	1.29
0	1511	3.94	0.0
0	1512	3.93	0.0
0	1513	3.93	0.0
0	1514	3.92	0.0
0	1515	3.91	3.66
0	1516	3.91	0.0
0	1517	3.9	0.0
0	1518	3.9	0.0
0	1519	3.89	0.42
0	1520	3.89	0.0
0	1521	3.89	0.0
0	1522	3.88	1.84
0	1523	3.86	0.0
0	1524	3.85	0.0
0	1525	3.84	0.0
0	1526	3.83	0.0
0	1527	3.82	1.43
0	1528	3.82	3.3
0	1529	3.79	0.0
0	1530	3.79	0.0
0	1531	3.79	0.0
0	1532	3.78	3.32
0	1533	3.78	0.0
0	1534	3.77	2.25
0	1535	3.77	0.0
0	1536	3.77	1.15
0	1537	3.77	0.0
0	1538	3.75	0.0
0	1539	3.75	0.0
0	1540	3.75	2.93
0	1541	3.74	3.23
0	1542	3.73	1.51
0	1543	3.72	2.15
0	1544	3.72	0.0
0	1545	3.72	0.0
0	1546	3.7	0.0
0	1547	3.64	0.0
0	1548	3.62	2.67
0	1549	3.62	0.0
0	1550	3.61	0.0
0	1551	3.6	0.0
0	1552	3.59	0.0
0	1553	3.57	0.0
0	1554	3.56	0.0
0	1555	3.55	2.47
0	1556	3.52	0.0
0	1557	3.52	0.0
0	1558	3.51	0.0
0	1559	3.51	0.0
0	1560	3.51	0.0
0	1561	3.48	0.0
0	1562	3.48	0.0
0	1563	3.47	0.0
0	1564	3.44	0.0
0	1565	3.42	0.75
0	1566	3.42	0.0
0	1567	3.42	0.0
0	1568	3.41	2.45
0	1569	3.4	2.33
0	1570	3.39	0.0
0	1571	3.37	0.0
0	1572	3.37	0.0
0	1573	3.33	0.0
0	1574	3.33	3.16
0	1575	3.32	0.0
0	1576	3.3	0.0
0	1577	3.29	0.0
0	1578	3.29	0.85
0	1579	3.26	1.48
0	1580	3.26	0.0
0	1581	3.26	1.55
0	1582	3.25	2.4
0	1583	3.24	0.0
0	1584	3.23	0.0
0	1585	3.22	0.0
0	1586	3.21	0.0
0	1587	3.2	0.0
0	1588	3.19	0.0
0	1589	3.19	0.0
0	1590	3.19	0.0
0	1591	3.18	0.0
0	1592	3.15	2.24
0	1593	3.13	0.0
0	1594	3.12	2.18
0	1595	3.12	0.0
0	1596	3.11	0.0
0	1597	3.1	1.04
0	1598	3.09	0.0
0	1599	3.07	0.0
0	1600	3.07	1.38
0	1601	3.06	1.06
0	1602	3.05	0.84
0	1603	3.03	0.0
0	1604	3.03	0.0
0	1605	3.03	0.0
0	1606	3.02	0.0
0	1607	3.02	0.0
0	1608	3.02	2.06
0	1609	3.01	1.78
0	1610	3.01	0.0
0	1611	3.0	1.3
0	1612	3.0	2.82
0	1613	2.97	0.0
0	1614	2.96	0.0
0	1615	2.96	1.87
0	1616	2.95	0.0
0	1617	2.95	0.0
0	1618	2.94	1.7
0	1619	2.94	0.0
0	1620	2.93	2.05
0	1621	2.92	0.0
0	1622	2.91	2.38
0	1623	2.89	0.0
0	1624	2.89	0.0
0	1625	2.86	0.0
0	1626	2.85	0.0
0	1627	2.84	0.81
0	1628	2.82	0.0
0	1629	2.81	0.0
0	1630	2.79	0.0
0	1631	2.78	0.0
0	1632	2.78	2.33
0	1633	2.76	0.0
0	1634	2.76	0.0
0	1635	2.76	0.0
0	1636	2.75	0.0
0	1637	2.74	0.0
0	1638	2.74	0.0
0	1639	2.73	1.61
0	1640	2.72	0.0
0	1641	2.72	0.0
0	1642	2.7	0.1
0	1643	2.69	1.76
0	1644	2.68	0.86
0	1645	2.66	0.0
0	1646	2.65	0.41
0	1647	2.64	2.22
0	1648	2.64	0.0
0	1649	2.64	0.0
0	1650	2.64	0.0
0	1651	2.64	0.0
0	1652	2.62	0.0
0	1653	2.61	2.46
0	1654	2.61	0.0
0	1655	2.61	0.17
0	1656	2.6	0.0
0	1657	2.59	0.0
0	1658	2.57	0.0
0	1659	2.55	0.0
0	1660	2.54	0.0
0	1661	2.53	0.0
0	1662	2.53	0.0
0	1663	2.53	0.0
0	1664	2.52	0.79
0	1665	2.51	0.0
0	1666	2.51	0.0
0	1667	2.48	0.0
0	1668	2.48	0.0
0	1669	2.46	0.0
0	1670	2.46	2.36
0	1671	2.45	0.0
0	1672	2.43	0.0
0	1673	2.42	0.0
0	1674	2.41	0.0
0	1675	2.4	2.1
0	1676	2.4	1.13
0	1677	2.4	0.0
0	1678	2.4	0.0
0	1679	2.39	0.0
0	1680	2.39	0.0
0	1681	2.39	1.37
0	1682	2.38	0.0
0	1683	2.37	0.32
0	1684	2.36	2.22
0	1685	2.31	0.0
0	1686	2.28	0.0
0	1687	2.28	0.89
0	1688	2.27	0.48
0	1689	2.27	0.0
0	1690	2.27	1.17
0	1691	2.26	0.0
0	1692	2.26	0.0
0	1693	2.24	0.0
0	1694	2.22	0.0
0	1695	2.21	0.12
0	1696	2.2	1.67
0	1697	2.2	0.0
0	1698	2.17	0.0
0	1699	2.17	0.0
0	1700	2.15	0.0
0	1701	2.14	0.0
0	1702	2.12	2.01
0	1703	2.12	0.0
0	1704	2.1	0.02
0	1705	2.1	0.0
0	1706	2.08	0.0
0	1707	2.06	0.0
0	1708	2.05	0.0
0	1709	2.05	0.0
0	1710	2.04	0.0
0	1711	2.04	1.85
0	1712	2.03	0.0
0	1713	2.03	0.0
0	1714	2.02	0.0
0	1715	2.01	0.0
0	1716	2.01	0.0
0	1717	2.0	0.0
0	1718	1.98	0.0
0	1719	1.97	0.0
0	1720	1.97	0.0
0	1721	1.96	0.0
0	1722	1.95	0.0
0	1723	1.95	0.0
0	1724	1.93	0.0
0	1725	1.93	0.0
0	1726	1.9	0.0
0	1727	1.89	0.0
0	1728	1.88	0.0
0	1729	1.87	0.0
0	1730	1.87	0.0
0	1731	1.87	0.0
0	1732	1.87	0.0
0	1733	1.86	0.0
0	1734	1.86	0.0
0	1735	1.85	0.0
0	1736	1.85	0.0
0	1737	1.84	0.0
0	1738	1.84	0.0
0	1739	1.8	0.0
0	1740	1.78	0.0
0	1741	1.78	0.0
0	1742	1.77	1.14
0	1743	1.76	0.0
0	1744	1.74	0.7
0	1745	1.74	0.0
0	1746	1.71	0.0
0	1747	1.71	0.0
0	1748	1.7	0.0
0	1749	1.7	0.0
0	1750	1.68	0.0
0	1751	1.68	0.0
0	1752	1.68	0.0
0	1753	1.66	0.0
0	1754	1.66	0.0
0	1755	1.63	0.0
0	1756	1.61	0.0
0	1757	1.6	0.0
0	1758	1.6	0.0
0	1759	1.59	0.51
0	1760	1.59	0.0
0	1761	1.58	0.0
0	1762	1.57	0.0
0	1763	1.56	0.0
0	1764	1.56	0.0
0	1765	1.56	0.0
0	1766	1.55	0.0
0	1767	1.54	0.0
0	1768	1.52	0.0
0	1769	1.51	0.0
0	1770	1.5	0.0
0	1771	1.5	0.0
0	1772	1.49	1.01
0	1773	1.48	0.0
0	1774	1.48	0.0
0	1775	1.46	0.0
0	1776	1.45	0.0
0	1777	1.42	0.0
0	1778	1.42	0.0
0	1779	1.41	0.0
0	1780	1.4	0.0
0	1781	1.39	0.0
0	1782	1.39	0.0
0	1783	1.37	0.0
0	1784	1.35	0.0
0	1785	1.35	0.0
0	1786	1.34	0.0
0	1787	1.34	0.0
0	1788	1.33	0.26
0	1789	1.33	0.0
0	1790	1.33	0.0
0	1791	1.32	0.0
0	1792	1.31	0.81
0	1793	1.3	0.0
0	1794	1.29	0.0
0	1795	1.28	1.18
0	1796	1.27	0.0
0	1797	1.27	0.0
0	1798	1.26	0.0
0	1799	1.26	0.39
0	1800	1.25	0.0
0	1801	1.25	0.0
0	1802	1.23	0.0
0	1803	1.21	0.0
0	1804	1.21	0.08
0	1805	1.19	0.0
0	1806	1.19	0.0
0	1807	1.18	0.0
0	1808	1.18	0.0
0	1809	1.16	0.0
0	1810	1.16	0.77
0	1811	1.16	0.0
0	1812	1.16	0.0
0	1813	1.15	0.0
0	1814	1.14	0.0
0	1815	1.13	0.0
0	1816	1.12	0.0
0	1817	1.1	0.0
0	1818	1.09	0.13
0	1819	1.09	0.0
0	1820	1.08	0.0
0	1821	1.06	0.0
0	1822	1.04	0.0
0	1823	1.04	0.0
0	1824	1.03	0.0
0	1825	1.03	0.0
0	1826	1.02	0.0
0	1827	1.02	0.0
0	1828	1.01	0.0
0	1829	0.99	0.0
0	1830	0.97	0.0
0	1831	0.96	0.0
0	1832	0.96	0.0
0	1833	0.95	0.0
0	1834	0.94	0.0
0	1835	0.94	0.0
0	1836	0.93	0.0
0	1837	0.93	0.0
0	1838	0.92	0.0
0	1839	0.91	0.0
0	1840	0.9	0.0
0	1841	0.88	0.0
0	1842	0.88	0.0
0	1843	0.88	0.0
0	1844	0.88	0.0
0	1845	0.88	0.0
0	1846	0.87	0.0
0	1847	0.87	0.0
0	1848	0.86	0.0
0	1849	0.85	0.28
0	1850	0.85	0.0
0	1851	0.85	0.0
0	1852	0.85	0.0
0	1853	0.83	0.0
0	1854	0.83	0.0
0	1855	0.83	0.0
0	1856	0.81	0.54
0	1857	0.81	0.0
0	1858	0.81	0.0
0	1859	0.81	0.0
0	1860	0.8	0.0
0	1861	0.8	0.0
0	1862	0.79	0.0
0	1863	0.78	0.0
0	1864	0.78	0.0
0	1865	0.77	0.0
0	1866	0.75	0.12
0	1867	0.75	0.47
0	1868	0.74	0.68
0	1869	0.74	0.0
0	1870	0.74	0.0
0	1871	0.73	0.0
0	1872	0.72	0.0
0	1873	0.7	0.0
0	1874	0.69	0.6
0	1875	0.69	0.0
0	1876	0.69	0.0
0	1877	0.68	0.0
0	1878	0.66	0.0
0	1879	0.65	0.0
0	1880	0.64	0.0
0	1881	0.64	0.0
0	1882	0.63	0.0
0	1883	0.63	0.0
0	1884	0.62	0.0
0	1885	0.59	0.0
0	1886	0.56	0.0
0	1887	0.56	0.0
0	1888	0.56	0.0
0	1889	0.56	0.0
0	1890	0.54	0.0
0	1891	0.53	0.0
0	1892	0.51	0.0
0	1893	0.5	0.0
0	1894	0.47	0.0
0	1895	0.47	0.0
0	1896	0.47	0.0
0	1897	0.46	0.0
0	1898	0.46	0.0
0	1899	0.46	0.0
0	1900	0.46	0.0
0	1901	0.45	0.09
0	1902	0.44	0.0
0	1903	0.43	0.0
0	1904	0.42	0.41
0	1905	0.41	0.0
0	1906	0.39	0.0
0	1907	0.37	0.0
0	1908	0.36	0.0
0	1909	0.36	0.0
0	1910	0.36	0.0
0	1911	0.36	0.0
0	1912	0.34	0.0
0	1913	0.34	0.0
0	1914	0.34	0.0
0	1915	0.33	0.0
0	1916	0.32	0.0
0	1917	0.32	0.0
0	1918	0.3	0.0
0	1919	0.3	0.0
0	1920	0.29	0.0
0	1921	0.29	0.0
0	1922	0.29	0.0
0	1923	0.28	0.0
0	1924	0.27	0.0
0	1925	0.27	0.0
0	1926	0.23	0.0
0	1927	0.23	0.0
0	1928	0.22	0.0
0	1929	0.21	0.0
0	1930	0.2	0.0
0	1931	0.2	0.0
0	1932	0.2	0.0
0	1933	0.19	0.0
0	1934	0.16	0.0
0	1935	0.16	0.0
0	1936	0.16	0.0
0	1937	0.16	0.0
0	1938	0.14	0.0
0	1939	0.12	0.0
0	1940	0.11	0.0
0	1941	0.11	0.0
0	1942	0.1	0.0
0	1943	0.09	0.0
0	1944	0.07	0.0
0	1945	0.07	0.0
0	1946	0.06	0.0
0	1947	0.05	0.0
0	1948	0.03	0.0
0	1949	0.02	0.0
