clade	species	ts	te
0	1	100.0	99.45
0	2	99.88	77.88
0	3	98.02	95.03
0	4	94.02	92.0
0	5	86.14	83.83
0	6	84.96	82.39
0	7	82.85	62.23
0	8	78.49	73.39
0	9	78.19	70.98
0	10	78.03	70.86
0	11	76.23	70.22
0	12	74.07	61.98
0	13	72.12	58.89
0	14	70.11	44.67
0	15	66.87	48.97
0	16	66.31	46.4
0	17	64.94	33.37
0	18	64.87	63.7
0	19	63.89	51.24
0	20	62.98	25.14
0	21	60.94	59.48
0	22	60.73	41.38
0	23	60.62	49.08
0	24	59.21	55.85
0	25	59.08	51.52
0	26	59.08	55.54
0	27	59.03	57.53
0	28	58.39	53.54
0	29	58.28	26.49
0	30	57.74	50.07
0	31	57.25	55.93
0	32	57.08	49.99
0	33	56.05	40.78
0	34	55.87	52.53
0	35	55.24	44.77
0	36	55.03	51.07
0	37	54.85	20.84
0	38	54.48	52.01
0	39	54.28	22.42
0	40	54.2	51.49
0	41	54.15	42.22
0	42	53.85	42.38
0	43	53.78	40.08
0	44	53.52	43.06
0	45	53.52	52.22
0	46	53.41	45.43
0	47	53.3	47.25
0	48	53.2	49.98
0	49	53.12	51.3
0	50	52.87	47.78
0	51	52.86	49.44
0	52	52.37	37.05
0	53	52.09	45.28
0	54	52.05	48.34
0	55	52.03	30.15
0	56	52.03	48.93
0	57	51.66	50.0
0	58	51.11	48.25
0	59	50.39	21.31
0	60	49.74	47.92
0	61	49.6	28.94
0	62	49.42	29.98
0	63	49.17	40.48
0	64	48.88	46.83
0	65	48.8	48.69
0	66	48.8	47.18
0	67	48.59	41.67
0	68	48.5	40.27
0	69	48.42	36.01
0	70	48.18	25.92
0	71	47.92	40.28
0	72	47.84	42.74
0	73	47.54	46.8
0	74	47.46	27.13
0	75	47.44	38.32
0	76	47.26	42.72
0	77	47.22	36.65
0	78	47.09	43.78
0	79	47.07	46.48
0	80	47.03	34.36
0	81	46.93	38.99
0	82	46.81	28.51
0	83	46.71	30.19
0	84	46.62	41.95
0	85	46.53	44.0
0	86	46.52	23.64
0	87	45.99	29.36
0	88	45.85	33.77
0	89	45.83	39.11
0	90	45.79	38.62
0	91	45.2	40.88
0	92	45.13	37.32
0	93	45.0	42.33
0	94	44.9	24.18
0	95	44.28	43.4
0	96	43.87	42.96
0	97	43.71	41.21
0	98	43.39	43.3
0	99	43.39	32.28
0	100	43.36	17.54
0	101	42.7	35.32
0	102	42.3	40.06
0	103	42.18	34.69
0	104	42.18	38.49
0	105	42.1	23.9
0	106	41.98	41.02
0	107	41.83	35.43
0	108	41.63	23.05
0	109	41.45	41.26
0	110	41.43	38.88
0	111	41.41	38.18
0	112	41.26	37.42
0	113	41.11	38.89
0	114	41.03	38.27
0	115	41.03	37.02
0	116	40.66	30.68
0	117	40.6	31.54
0	118	40.18	32.81
0	119	40.1	34.65
0	120	39.91	20.31
0	121	39.84	36.35
0	122	39.36	37.51
0	123	39.19	28.14
0	124	39.0	32.75
0	125	38.72	34.51
0	126	38.56	19.82
0	127	38.3	34.76
0	128	38.03	22.81
0	129	38.02	27.01
0	130	37.9	36.36
0	131	37.87	28.08
0	132	37.66	22.43
0	133	37.53	18.26
0	134	37.31	29.69
0	135	37.06	31.12
0	136	36.99	28.14
0	137	36.81	29.18
0	138	36.73	25.38
0	139	36.52	36.07
0	140	36.37	33.89
0	141	35.9	28.37
0	142	35.81	35.13
0	143	35.68	24.69
0	144	35.6	19.57
0	145	35.55	29.62
0	146	35.19	32.99
0	147	35.09	28.38
0	148	35.08	34.23
0	149	35.0	20.35
0	150	34.91	28.7
0	151	34.91	28.57
0	152	34.86	22.73
0	153	34.83	27.3
0	154	34.66	28.14
0	155	34.44	20.03
0	156	34.42	0.0
0	157	34.4	18.64
0	158	34.39	24.3
0	159	34.35	14.73
0	160	34.32	27.64
0	161	34.32	32.54
0	162	34.3	23.85
0	163	34.03	31.67
0	164	33.97	31.98
0	165	33.95	24.67
0	166	33.77	0.31
0	167	33.69	30.64
0	168	33.65	26.88
0	169	33.43	30.49
0	170	33.35	27.67
0	171	33.34	32.81
0	172	33.3	28.17
0	173	33.29	12.65
0	174	33.26	21.98
0	175	33.26	28.74
0	176	33.18	21.66
0	177	33.11	11.61
0	178	33.03	21.4
0	179	32.92	28.83
0	180	32.9	28.98
0	181	32.52	7.43
0	182	32.36	20.88
0	183	32.32	29.67
0	184	32.28	20.88
0	185	32.14	15.43
0	186	32.09	27.8
0	187	32.0	30.02
0	188	32.0	25.37
0	189	31.94	23.76
0	190	31.89	30.75
0	191	31.78	23.23
0	192	31.77	21.12
0	193	31.77	31.27
0	194	31.74	14.11
0	195	31.73	30.71
0	196	31.52	26.25
0	197	31.5	5.96
0	198	31.49	30.93
0	199	31.41	21.62
0	200	31.39	23.41
0	201	31.33	11.94
0	202	31.24	25.95
0	203	31.17	28.98
0	204	31.13	30.32
0	205	30.91	15.51
0	206	30.74	21.77
0	207	30.73	23.09
0	208	30.72	0.0
0	209	30.71	30.54
0	210	30.6	24.23
0	211	30.59	16.22
0	212	30.59	16.25
0	213	30.36	25.89
0	214	30.35	30.06
0	215	30.27	14.09
0	216	30.2	19.53
0	217	30.11	25.32
0	218	30.07	23.34
0	219	30.0	21.85
0	220	30.0	15.17
0	221	29.98	0.0
0	222	29.97	14.75
0	223	29.92	20.0
0	224	29.9	19.43
0	225	29.9	21.79
0	226	29.78	26.41
0	227	29.75	23.41
0	228	29.74	24.72
0	229	29.74	28.9
0	230	29.74	24.37
0	231	29.67	27.67
0	232	29.66	2.63
0	233	29.57	25.84
0	234	29.36	23.75
0	235	29.35	27.55
0	236	29.3	26.27
0	237	29.2	2.21
0	238	29.2	9.29
0	239	29.09	8.84
0	240	28.99	28.9
0	241	28.98	12.71
0	242	28.95	0.0
0	243	28.9	17.18
0	244	28.89	24.88
0	245	28.84	16.63
0	246	28.79	24.25
0	247	28.75	22.92
0	248	28.73	25.75
0	249	28.71	22.67
0	250	28.66	26.68
0	251	28.53	24.38
0	252	28.52	28.05
0	253	28.37	21.34
0	254	28.26	17.14
0	255	28.23	15.65
0	256	28.21	27.89
0	257	28.19	23.72
0	258	28.18	24.71
0	259	28.16	4.52
0	260	28.03	0.0
0	261	27.99	24.02
0	262	27.97	27.35
0	263	27.97	27.62
0	264	27.86	20.95
0	265	27.78	20.63
0	266	27.7	12.33
0	267	27.67	22.82
0	268	27.62	24.55
0	269	27.61	12.71
0	270	27.6	18.77
0	271	27.51	20.44
0	272	27.31	25.43
0	273	27.31	27.25
0	274	27.29	15.35
0	275	27.23	26.97
0	276	27.14	23.64
0	277	27.07	11.74
0	278	26.84	18.47
0	279	26.77	25.85
0	280	26.76	10.53
0	281	26.75	16.49
0	282	26.72	2.34
0	283	26.7	22.39
0	284	26.66	15.47
0	285	26.66	0.0
0	286	26.64	17.31
0	287	26.63	0.0
0	288	26.6	23.14
0	289	26.56	26.36
0	290	26.42	25.79
0	291	26.38	2.33
0	292	26.32	21.03
0	293	26.27	9.41
0	294	26.22	18.28
0	295	26.19	4.39
0	296	26.19	23.05
0	297	26.13	3.43
0	298	26.03	17.71
0	299	25.91	25.13
0	300	25.82	18.82
0	301	25.81	25.23
0	302	25.71	22.44
0	303	25.7	21.18
0	304	25.68	20.23
0	305	25.65	24.42
0	306	25.61	9.53
0	307	25.59	20.94
0	308	25.59	20.79
0	309	25.54	10.71
0	310	25.52	17.4
0	311	25.44	19.65
0	312	25.37	8.51
0	313	25.34	19.33
0	314	25.32	21.3
0	315	25.26	15.22
0	316	25.24	13.55
0	317	25.21	21.46
0	318	25.21	23.19
0	319	25.17	16.25
0	320	25.13	3.36
0	321	25.11	19.48
0	322	25.1	24.55
0	323	25.08	9.66
0	324	25.05	10.06
0	325	25.02	24.57
0	326	25.01	17.85
0	327	24.99	20.65
0	328	24.95	0.0
0	329	24.91	23.29
0	330	24.91	19.31
0	331	24.89	23.55
0	332	24.88	14.34
0	333	24.85	19.35
0	334	24.74	20.54
0	335	24.64	19.0
0	336	24.59	16.72
0	337	24.51	0.0
0	338	24.46	24.25
0	339	24.43	22.1
0	340	24.41	5.76
0	341	24.32	13.69
0	342	24.31	13.2
0	343	24.31	14.07
0	344	24.22	22.54
0	345	24.19	23.27
0	346	24.08	21.51
0	347	24.07	0.0
0	348	23.92	19.45
0	349	23.89	17.07
0	350	23.87	23.5
0	351	23.86	19.45
0	352	23.83	11.92
0	353	23.83	11.11
0	354	23.77	16.66
0	355	23.76	21.73
0	356	23.66	16.28
0	357	23.59	18.46
0	358	23.58	16.03
0	359	23.58	4.98
0	360	23.57	13.02
0	361	23.49	22.13
0	362	23.4	11.61
0	363	23.37	17.9
0	364	23.37	19.17
0	365	23.33	20.32
0	366	23.31	17.95
0	367	23.25	22.84
0	368	23.24	0.0
0	369	23.2	0.0
0	370	23.15	21.66
0	371	23.15	11.04
0	372	23.15	2.21
0	373	23.14	17.71
0	374	23.13	5.51
0	375	23.07	17.47
0	376	23.04	11.01
0	377	22.97	21.42
0	378	22.91	18.36
0	379	22.85	18.74
0	380	22.85	22.7
0	381	22.84	18.31
0	382	22.83	0.0
0	383	22.82	20.2
0	384	22.69	17.44
0	385	22.65	12.23
0	386	22.59	17.15
0	387	22.52	12.78
0	388	22.45	6.67
0	389	22.44	18.87
0	390	22.42	13.62
0	391	22.4	16.71
0	392	22.38	19.45
0	393	22.37	8.69
0	394	22.35	16.36
0	395	22.17	21.39
0	396	22.14	14.91
0	397	22.13	13.92
0	398	22.11	12.37
0	399	22.04	9.5
0	400	22.03	0.0
0	401	22.01	5.03
0	402	22.0	12.62
0	403	21.99	18.49
0	404	21.95	15.02
0	405	21.92	16.65
0	406	21.91	21.69
0	407	21.9	9.75
0	408	21.89	17.37
0	409	21.78	11.45
0	410	21.77	15.02
0	411	21.72	15.24
0	412	21.65	12.37
0	413	21.57	14.59
0	414	21.54	0.0
0	415	21.54	13.77
0	416	21.49	0.0
0	417	21.47	0.58
0	418	21.45	9.81
0	419	21.42	5.31
0	420	21.42	16.66
0	421	21.33	6.92
0	422	21.27	0.0
0	423	21.25	7.95
0	424	21.25	5.04
0	425	21.24	10.77
0	426	21.24	10.46
0	427	21.23	11.15
0	428	21.22	13.55
0	429	21.2	10.57
0	430	21.11	16.32
0	431	21.1	16.03
0	432	21.09	20.39
0	433	21.05	7.99
0	434	21.04	19.52
0	435	21.03	19.87
0	436	21.0	19.26
0	437	20.98	0.0
0	438	20.96	17.18
0	439	20.96	19.55
0	440	20.92	18.02
0	441	20.88	14.13
0	442	20.85	12.94
0	443	20.83	20.51
0	444	20.8	13.72
0	445	20.79	16.28
0	446	20.76	19.89
0	447	20.72	19.95
0	448	20.7	12.16
0	449	20.68	17.53
0	450	20.67	13.18
0	451	20.59	15.03
0	452	20.58	13.38
0	453	20.57	12.5
0	454	20.57	8.83
0	455	20.55	3.2
0	456	20.5	1.58
0	457	20.42	18.89
0	458	20.38	0.0
0	459	20.36	4.3
0	460	20.34	16.33
0	461	20.31	19.78
0	462	20.29	3.14
0	463	20.25	0.52
0	464	20.24	19.3
0	465	20.18	9.6
0	466	20.15	4.43
0	467	20.12	18.34
0	468	20.11	16.88
0	469	20.1	14.64
0	470	20.09	9.53
0	471	20.07	14.23
0	472	20.03	19.27
0	473	20.02	19.74
0	474	20.02	14.07
0	475	19.98	13.76
0	476	19.95	16.12
0	477	19.88	10.65
0	478	19.87	18.32
0	479	19.85	19.13
0	480	19.85	0.0
0	481	19.79	14.88
0	482	19.67	10.5
0	483	19.67	13.17
0	484	19.65	7.77
0	485	19.62	12.65
0	486	19.61	14.75
0	487	19.59	16.53
0	488	19.55	18.89
0	489	19.5	12.76
0	490	19.48	14.22
0	491	19.46	0.0
0	492	19.45	0.0
0	493	19.37	0.51
0	494	19.35	1.64
0	495	19.33	18.63
0	496	19.29	17.02
0	497	19.28	12.25
0	498	19.23	19.07
0	499	19.2	5.04
0	500	19.19	0.0
0	501	19.17	14.5
0	502	19.13	12.92
0	503	19.12	0.09
0	504	19.12	15.9
0	505	19.01	0.67
0	506	18.97	15.98
0	507	18.96	18.54
0	508	18.95	11.93
0	509	18.93	12.46
0	510	18.91	17.03
0	511	18.84	15.94
0	512	18.83	17.14
0	513	18.8	12.51
0	514	18.75	17.37
0	515	18.74	16.73
0	516	18.55	15.59
0	517	18.53	14.85
0	518	18.52	13.87
0	519	18.48	0.0
0	520	18.46	11.89
0	521	18.42	17.45
0	522	18.3	12.31
0	523	18.23	14.5
0	524	18.22	0.0
0	525	18.15	16.66
0	526	18.13	10.53
0	527	18.12	12.27
0	528	18.12	14.82
0	529	18.08	5.35
0	530	18.08	8.44
0	531	18.05	17.69
0	532	18.01	10.88
0	533	17.98	13.69
0	534	17.93	17.17
0	535	17.92	12.41
0	536	17.92	5.02
0	537	17.89	16.48
0	538	17.88	10.78
0	539	17.87	14.02
0	540	17.86	0.14
0	541	17.84	0.47
0	542	17.84	10.23
0	543	17.8	13.25
0	544	17.75	6.37
0	545	17.7	1.98
0	546	17.7	11.51
0	547	17.67	10.26
0	548	17.65	5.89
0	549	17.53	12.65
0	550	17.51	8.24
0	551	17.47	3.49
0	552	17.43	16.71
0	553	17.42	17.01
0	554	17.34	8.26
0	555	17.32	17.01
0	556	17.31	12.62
0	557	17.3	16.47
0	558	17.25	0.0
0	559	17.24	7.59
0	560	17.24	2.42
0	561	17.22	14.99
0	562	17.2	14.7
0	563	17.17	17.04
0	564	17.15	3.57
0	565	17.08	10.81
0	566	17.07	6.53
0	567	17.04	2.16
0	568	17.01	3.03
0	569	16.92	16.78
0	570	16.88	12.02
0	571	16.84	11.74
0	572	16.74	12.0
0	573	16.7	10.71
0	574	16.7	0.71
0	575	16.62	16.44
0	576	16.6	0.0
0	577	16.52	6.81
0	578	16.47	13.09
0	579	16.46	7.38
0	580	16.45	2.93
0	581	16.41	14.81
0	582	16.39	0.0
0	583	16.27	7.94
0	584	16.24	13.3
0	585	16.23	8.31
0	586	16.22	6.7
0	587	16.21	10.38
0	588	16.21	11.03
0	589	16.16	12.5
0	590	16.15	8.58
0	591	16.14	15.46
0	592	16.13	0.37
0	593	16.11	14.23
0	594	16.09	3.86
0	595	16.08	8.5
0	596	16.07	10.13
0	597	16.06	7.83
0	598	16.05	14.83
0	599	16.02	2.46
0	600	16.0	11.68
0	601	15.99	15.77
0	602	15.96	10.56
0	603	15.93	12.58
0	604	15.93	0.29
0	605	15.89	13.66
0	606	15.87	12.52
0	607	15.84	10.88
0	608	15.83	0.0
0	609	15.8	0.0
0	610	15.78	13.86
0	611	15.77	0.0
0	612	15.74	10.04
0	613	15.71	12.13
0	614	15.69	6.49
0	615	15.64	8.19
0	616	15.63	15.14
0	617	15.58	14.63
0	618	15.56	12.93
0	619	15.55	0.0
0	620	15.53	10.42
0	621	15.48	14.38
0	622	15.39	6.36
0	623	15.37	6.7
0	624	15.32	12.11
0	625	15.27	5.93
0	626	15.2	13.18
0	627	15.2	9.72
0	628	15.2	0.0
0	629	15.18	6.43
0	630	15.09	5.59
0	631	15.07	1.87
0	632	15.04	10.96
0	633	15.04	0.0
0	634	15.03	0.0
0	635	15.01	0.0
0	636	14.98	4.48
0	637	14.93	2.64
0	638	14.93	10.52
0	639	14.91	10.68
0	640	14.89	0.0
0	641	14.86	2.69
0	642	14.85	11.29
0	643	14.82	9.65
0	644	14.68	6.88
0	645	14.65	5.39
0	646	14.64	1.58
0	647	14.63	14.48
0	648	14.61	5.19
0	649	14.6	12.71
0	650	14.58	14.25
0	651	14.54	12.8
0	652	14.53	10.5
0	653	14.49	2.75
0	654	14.45	9.09
0	655	14.43	11.24
0	656	14.35	5.47
0	657	14.34	10.43
0	658	14.32	0.0
0	659	14.3	7.59
0	660	14.28	0.0
0	661	14.26	2.09
0	662	14.25	8.27
0	663	14.24	13.14
0	664	14.23	5.34
0	665	14.22	11.37
0	666	14.19	5.33
0	667	14.19	0.0
0	668	14.18	0.0
0	669	14.13	11.5
0	670	14.13	0.0
0	671	14.11	0.0
0	672	14.03	1.68
0	673	14.02	9.27
0	674	14.02	0.0
0	675	14.0	4.15
0	676	13.99	0.0
0	677	13.94	11.87
0	678	13.93	9.39
0	679	13.89	9.68
0	680	13.87	7.42
0	681	13.87	0.0
0	682	13.86	8.4
0	683	13.81	13.47
0	684	13.8	12.14
0	685	13.8	10.96
0	686	13.79	12.76
0	687	13.78	4.3
0	688	13.75	8.77
0	689	13.73	13.1
0	690	13.69	13.51
0	691	13.68	10.73
0	692	13.61	13.14
0	693	13.59	5.98
0	694	13.59	0.0
0	695	13.58	2.67
0	696	13.57	0.0
0	697	13.55	10.34
0	698	13.53	13.5
0	699	13.53	0.0
0	700	13.47	10.47
0	701	13.39	3.74
0	702	13.39	10.02
0	703	13.34	12.17
0	704	13.29	9.24
0	705	13.27	12.89
0	706	13.24	11.75
0	707	13.2	9.7
0	708	13.17	3.7
0	709	13.17	0.0
0	710	13.16	3.67
0	711	13.15	8.44
0	712	13.14	1.6
0	713	13.14	12.41
0	714	13.1	6.6
0	715	13.09	10.76
0	716	13.08	11.88
0	717	13.06	6.2
0	718	13.05	10.38
0	719	13.04	1.2
0	720	13.03	5.11
0	721	13.01	7.83
0	722	12.94	10.15
0	723	12.88	0.0
0	724	12.78	12.01
0	725	12.76	4.45
0	726	12.72	0.0
0	727	12.68	1.96
0	728	12.67	0.0
0	729	12.67	0.62
0	730	12.62	0.0
0	731	12.61	4.93
0	732	12.59	8.44
0	733	12.55	8.24
0	734	12.55	10.07
0	735	12.51	6.19
0	736	12.51	10.09
0	737	12.5	1.78
0	738	12.44	0.0
0	739	12.38	10.33
0	740	12.38	4.17
0	741	12.38	0.0
0	742	12.36	6.1
0	743	12.36	8.04
0	744	12.3	8.91
0	745	12.29	0.0
0	746	12.29	0.0
0	747	12.21	10.97
0	748	12.1	9.76
0	749	12.09	0.0
0	750	12.06	0.0
0	751	12.05	0.0
0	752	12.02	0.0
0	753	11.98	11.68
0	754	11.95	0.19
0	755	11.93	10.66
0	756	11.92	8.12
0	757	11.92	7.3
0	758	11.9	10.29
0	759	11.89	11.53
0	760	11.87	5.39
0	761	11.86	0.0
0	762	11.77	7.56
0	763	11.77	5.99
0	764	11.69	0.0
0	765	11.63	5.9
0	766	11.62	0.0
0	767	11.61	0.0
0	768	11.58	7.76
0	769	11.54	6.29
0	770	11.47	6.24
0	771	11.47	0.0
0	772	11.46	0.66
0	773	11.42	2.89
0	774	11.4	8.52
0	775	11.34	2.75
0	776	11.32	8.72
0	777	11.28	0.0
0	778	11.26	9.9
0	779	11.24	0.0
0	780	11.22	0.0
0	781	11.19	7.44
0	782	11.17	6.46
0	783	11.14	10.78
0	784	11.12	10.75
0	785	11.11	1.54
0	786	11.1	7.64
0	787	11.08	0.0
0	788	11.08	0.0
0	789	11.07	9.64
0	790	11.03	0.0
0	791	11.03	10.74
0	792	11.02	9.43
0	793	10.99	10.56
0	794	10.98	5.69
0	795	10.98	9.26
0	796	10.97	0.0
0	797	10.96	6.7
0	798	10.94	4.24
0	799	10.92	0.0
0	800	10.89	0.0
0	801	10.88	0.0
0	802	10.85	0.0
0	803	10.84	0.0
0	804	10.83	7.8
0	805	10.83	3.04
0	806	10.81	10.16
0	807	10.75	5.59
0	808	10.69	5.63
0	809	10.69	5.16
0	810	10.65	7.32
0	811	10.63	6.65
0	812	10.62	0.92
0	813	10.61	7.77
0	814	10.58	0.0
0	815	10.56	3.31
0	816	10.56	1.71
0	817	10.49	0.0
0	818	10.48	0.0
0	819	10.48	4.4
0	820	10.48	8.76
0	821	10.46	4.94
0	822	10.43	5.79
0	823	10.41	9.15
0	824	10.38	8.55
0	825	10.36	9.4
0	826	10.36	5.3
0	827	10.34	0.0
0	828	10.32	0.0
0	829	10.28	0.0
0	830	10.26	7.17
0	831	10.26	8.73
0	832	10.26	5.64
0	833	10.23	6.89
0	834	10.22	0.0
0	835	10.2	5.81
0	836	10.19	0.0
0	837	10.19	0.0
0	838	10.18	4.54
0	839	10.11	0.0
0	840	10.04	0.0
0	841	10.01	8.3
0	842	10.0	4.35
0	843	9.98	0.0
0	844	9.97	3.59
0	845	9.92	0.0
0	846	9.92	0.0
0	847	9.92	9.63
0	848	9.92	6.16
0	849	9.89	0.0
0	850	9.85	0.0
0	851	9.84	7.58
0	852	9.83	4.39
0	853	9.82	0.0
0	854	9.81	0.53
0	855	9.8	7.06
0	856	9.8	1.99
0	857	9.78	0.0
0	858	9.78	6.47
0	859	9.78	7.74
0	860	9.75	9.26
0	861	9.72	5.53
0	862	9.71	1.08
0	863	9.69	2.94
0	864	9.68	5.23
0	865	9.68	4.99
0	866	9.62	2.85
0	867	9.6	0.0
0	868	9.6	6.7
0	869	9.59	1.61
0	870	9.57	0.0
0	871	9.55	5.29
0	872	9.54	0.0
0	873	9.5	8.88
0	874	9.5	0.0
0	875	9.47	9.28
0	876	9.44	0.0
0	877	9.43	1.46
0	878	9.42	0.0
0	879	9.41	0.0
0	880	9.28	8.6
0	881	9.24	0.0
0	882	9.24	6.59
0	883	9.22	6.94
0	884	9.21	7.45
0	885	9.19	0.0
0	886	9.17	8.38
0	887	9.15	0.0
0	888	9.12	0.0
0	889	9.08	0.0
0	890	9.04	5.02
0	891	9.03	4.82
0	892	9.02	3.87
0	893	8.99	0.91
0	894	8.96	0.0
0	895	8.92	0.0
0	896	8.92	5.86
0	897	8.9	5.72
0	898	8.87	0.0
0	899	8.84	1.69
0	900	8.83	0.51
0	901	8.82	2.37
0	902	8.81	0.0
0	903	8.81	6.76
0	904	8.8	0.0
0	905	8.76	3.32
0	906	8.74	3.93
0	907	8.74	0.0
0	908	8.74	8.43
0	909	8.73	0.0
0	910	8.67	6.67
0	911	8.67	5.78
0	912	8.65	1.58
0	913	8.62	0.0
0	914	8.55	0.0
0	915	8.54	8.17
0	916	8.52	8.13
0	917	8.51	0.97
0	918	8.5	1.4
0	919	8.5	4.43
0	920	8.49	5.66
0	921	8.47	2.44
0	922	8.43	5.63
0	923	8.41	0.0
0	924	8.39	1.92
0	925	8.39	0.0
0	926	8.39	2.38
0	927	8.37	5.87
0	928	8.36	0.0
0	929	8.32	5.95
0	930	8.32	5.95
0	931	8.31	7.31
0	932	8.31	6.17
0	933	8.3	5.11
0	934	8.3	7.68
0	935	8.27	0.67
0	936	8.27	0.0
0	937	8.26	4.8
0	938	8.23	7.95
0	939	8.21	4.16
0	940	8.17	5.35
0	941	8.16	6.52
0	942	8.14	5.19
0	943	8.14	4.34
0	944	8.12	8.08
0	945	8.12	0.0
0	946	8.1	0.0
0	947	8.1	2.62
0	948	8.09	0.83
0	949	8.09	0.0
0	950	8.08	2.25
0	951	8.05	0.0
0	952	8.03	7.93
0	953	8.03	0.0
0	954	7.99	4.7
0	955	7.98	0.0
0	956	7.96	3.79
0	957	7.91	5.64
0	958	7.9	1.86
0	959	7.84	0.77
0	960	7.76	0.0
0	961	7.76	0.0
0	962	7.76	0.78
0	963	7.75	4.25
0	964	7.74	0.0
0	965	7.71	0.0
0	966	7.69	7.43
0	967	7.68	0.92
0	968	7.67	2.01
0	969	7.62	1.55
0	970	7.62	0.0
0	971	7.58	6.22
0	972	7.58	0.0
0	973	7.56	1.19
0	974	7.56	0.0
0	975	7.54	2.52
0	976	7.53	0.0
0	977	7.52	0.0
0	978	7.5	4.52
0	979	7.49	7.17
0	980	7.48	0.0
0	981	7.45	4.08
0	982	7.45	4.47
0	983	7.45	0.0
0	984	7.44	0.0
0	985	7.4	0.0
0	986	7.4	0.0
0	987	7.38	1.9
0	988	7.38	5.98
0	989	7.37	0.0
0	990	7.37	0.0
0	991	7.37	2.3
0	992	7.36	2.56
0	993	7.36	5.12
0	994	7.35	1.07
0	995	7.35	0.0
0	996	7.29	6.74
0	997	7.27	2.49
0	998	7.22	0.0
0	999	7.21	6.11
0	1000	7.2	0.0
0	1001	7.2	0.0
0	1002	7.17	4.74
0	1003	7.17	0.0
0	1004	7.13	0.0
0	1005	7.12	0.0
0	1006	7.12	0.0
0	1007	7.12	0.0
0	1008	7.11	0.0
0	1009	7.07	0.0
0	1010	7.07	0.0
0	1011	7.02	5.61
0	1012	7.02	3.67
0	1013	6.99	0.46
0	1014	6.99	1.95
0	1015	6.96	0.0
0	1016	6.95	2.79
0	1017	6.93	1.43
0	1018	6.92	3.31
0	1019	6.92	0.0
0	1020	6.8	3.03
0	1021	6.79	0.0
0	1022	6.76	3.85
0	1023	6.76	0.0
0	1024	6.74	6.54
0	1025	6.74	6.23
0	1026	6.68	0.0
0	1027	6.65	0.0
0	1028	6.64	2.34
0	1029	6.61	6.29
0	1030	6.57	0.06
0	1031	6.56	6.27
0	1032	6.56	0.0
0	1033	6.54	5.95
0	1034	6.53	0.0
0	1035	6.53	0.0
0	1036	6.5	0.0
0	1037	6.5	0.0
0	1038	6.49	3.95
0	1039	6.48	0.0
0	1040	6.46	0.0
0	1041	6.45	1.21
0	1042	6.45	0.0
0	1043	6.45	0.0
0	1044	6.45	4.35
0	1045	6.42	0.0
0	1046	6.41	0.0
0	1047	6.41	0.0
0	1048	6.41	0.0
0	1049	6.4	0.0
0	1050	6.4	0.0
0	1051	6.37	0.0
0	1052	6.36	0.92
0	1053	6.32	0.0
0	1054	6.31	6.28
0	1055	6.31	0.0
0	1056	6.3	5.62
0	1057	6.29	0.0
0	1058	6.26	0.0
0	1059	6.26	3.58
0	1060	6.23	0.0
0	1061	6.21	0.68
0	1062	6.2	2.14
0	1063	6.19	5.8
0	1064	6.12	0.0
0	1065	6.12	0.0
0	1066	6.08	0.0
0	1067	6.08	4.25
0	1068	6.04	4.29
0	1069	6.0	0.0
0	1070	5.91	2.52
0	1071	5.89	3.45
0	1072	5.87	0.0
0	1073	5.87	1.95
0	1074	5.85	1.02
0	1075	5.85	0.0
0	1076	5.84	0.0
0	1077	5.83	0.0
0	1078	5.8	2.14
0	1079	5.78	0.0
0	1080	5.78	3.31
0	1081	5.77	1.53
0	1082	5.73	0.41
0	1083	5.71	0.0
0	1084	5.7	0.0
0	1085	5.7	0.0
0	1086	5.69	0.0
0	1087	5.67	2.29
0	1088	5.66	2.52
0	1089	5.61	2.97
0	1090	5.59	0.0
0	1091	5.57	3.44
0	1092	5.56	0.0
0	1093	5.55	0.0
0	1094	5.54	0.0
0	1095	5.53	1.2
0	1096	5.52	0.0
0	1097	5.52	3.95
0	1098	5.51	2.65
0	1099	5.5	0.0
0	1100	5.49	2.9
0	1101	5.49	3.61
0	1102	5.48	0.0
0	1103	5.48	2.35
0	1104	5.47	0.0
0	1105	5.44	0.0
0	1106	5.39	4.11
0	1107	5.37	0.0
0	1108	5.34	0.0
0	1109	5.31	0.0
0	1110	5.31	0.0
0	1111	5.3	3.16
0	1112	5.28	0.0
0	1113	5.27	0.0
0	1114	5.24	0.0
0	1115	5.24	5.17
0	1116	5.22	0.0
0	1117	5.21	0.0
0	1118	5.2	0.0
0	1119	5.19	0.0
0	1120	5.18	0.0
0	1121	5.16	0.0
0	1122	5.16	0.0
0	1123	5.15	2.36
0	1124	5.15	3.94
0	1125	5.14	0.0
0	1126	5.14	0.39
0	1127	5.13	4.42
0	1128	5.12	0.0
0	1129	5.12	4.46
0	1130	5.11	4.11
0	1131	5.08	0.0
0	1132	5.07	0.0
0	1133	5.06	0.0
0	1134	5.05	0.0
0	1135	5.04	0.0
0	1136	5.03	2.18
0	1137	5.01	0.0
0	1138	5.01	2.52
0	1139	5.01	2.81
0	1140	4.99	0.0
0	1141	4.98	0.0
0	1142	4.98	0.0
0	1143	4.97	1.05
0	1144	4.93	0.0
0	1145	4.92	1.21
0	1146	4.91	0.0
0	1147	4.9	0.0
0	1148	4.89	0.0
0	1149	4.84	0.0
0	1150	4.83	4.23
0	1151	4.83	0.0
0	1152	4.82	0.0
0	1153	4.8	0.53
0	1154	4.77	0.0
0	1155	4.76	0.0
0	1156	4.75	0.0
0	1157	4.74	0.0
0	1158	4.74	0.0
0	1159	4.74	0.0
0	1160	4.73	2.26
0	1161	4.71	0.0
0	1162	4.71	0.0
0	1163	4.69	0.0
0	1164	4.68	0.0
0	1165	4.67	0.0
0	1166	4.66	0.0
0	1167	4.66	3.95
0	1168	4.65	0.0
0	1169	4.65	0.0
0	1170	4.63	0.0
0	1171	4.62	0.0
0	1172	4.6	0.83
0	1173	4.6	0.0
0	1174	4.59	3.04
0	1175	4.58	3.88
0	1176	4.55	0.0
0	1177	4.54	3.79
0	1178	4.49	0.0
0	1179	4.47	0.0
0	1180	4.45	0.0
0	1181	4.4	0.0
0	1182	4.4	0.0
0	1183	4.39	4.35
0	1184	4.37	0.0
0	1185	4.35	0.0
0	1186	4.35	0.0
0	1187	4.35	0.0
0	1188	4.34	0.0
0	1189	4.34	0.0
0	1190	4.31	0.0
0	1191	4.3	4.02
0	1192	4.28	2.24
0	1193	4.26	0.0
0	1194	4.25	0.0
0	1195	4.21	0.0
0	1196	4.2	0.0
0	1197	4.2	3.55
0	1198	4.19	0.0
0	1199	4.14	0.0
0	1200	4.14	0.25
0	1201	4.13	1.18
0	1202	4.08	0.0
0	1203	4.07	2.14
0	1204	4.07	0.0
0	1205	4.07	0.0
0	1206	4.01	0.0
0	1207	3.98	0.0
0	1208	3.97	0.0
0	1209	3.95	0.0
0	1210	3.94	0.0
0	1211	3.94	0.0
0	1212	3.93	0.0
0	1213	3.89	0.0
0	1214	3.87	3.66
0	1215	3.85	3.28
0	1216	3.84	0.0
0	1217	3.84	0.0
0	1218	3.83	0.0
0	1219	3.83	0.0
0	1220	3.81	0.0
0	1221	3.8	0.0
0	1222	3.79	0.0
0	1223	3.79	0.0
0	1224	3.78	0.11
0	1225	3.76	0.0
0	1226	3.75	0.0
0	1227	3.74	2.17
0	1228	3.72	0.0
0	1229	3.71	0.0
0	1230	3.67	0.0
0	1231	3.65	0.0
0	1232	3.63	0.0
0	1233	3.63	3.22
0	1234	3.62	0.0
0	1235	3.6	2.39
0	1236	3.6	0.0
0	1237	3.56	0.0
0	1238	3.55	0.0
0	1239	3.53	0.0
0	1240	3.44	0.0
0	1241	3.44	0.0
0	1242	3.42	0.0
0	1243	3.4	0.25
0	1244	3.39	0.0
0	1245	3.37	0.0
0	1246	3.36	0.0
0	1247	3.33	0.33
0	1248	3.3	0.0
0	1249	3.24	0.0
0	1250	3.23	0.0
0	1251	3.23	0.0
0	1252	3.22	0.0
0	1253	3.21	0.0
0	1254	3.21	0.0
0	1255	3.19	0.0
0	1256	3.19	0.0
0	1257	3.16	1.38
0	1258	3.15	0.0
0	1259	3.12	0.0
0	1260	3.11	0.0
0	1261	3.1	0.0
0	1262	3.04	0.0
0	1263	3.04	0.0
0	1264	2.99	0.0
0	1265	2.99	0.0
0	1266	2.98	0.0
0	1267	2.98	0.0
0	1268	2.97	1.06
0	1269	2.96	0.0
0	1270	2.94	0.0
0	1271	2.91	0.0
0	1272	2.91	0.0
0	1273	2.91	0.0
0	1274	2.9	0.0
0	1275	2.87	0.0
0	1276	2.87	0.85
0	1277	2.85	1.13
0	1278	2.85	0.0
0	1279	2.84	0.0
0	1280	2.83	0.0
0	1281	2.8	0.8
0	1282	2.79	0.0
0	1283	2.78	0.0
0	1284	2.78	1.28
0	1285	2.77	0.0
0	1286	2.76	2.64
0	1287	2.76	0.0
0	1288	2.76	0.0
0	1289	2.76	0.0
0	1290	2.74	0.0
0	1291	2.74	0.0
0	1292	2.72	0.0
0	1293	2.71	0.0
0	1294	2.71	0.0
0	1295	2.71	0.0
0	1296	2.7	1.33
0	1297	2.7	1.0
0	1298	2.69	0.0
0	1299	2.67	0.32
0	1300	2.67	0.0
0	1301	2.66	0.0
0	1302	2.66	0.0
0	1303	2.65	0.0
0	1304	2.64	0.0
0	1305	2.64	0.0
0	1306	2.63	0.0
0	1307	2.62	0.0
0	1308	2.61	0.0
0	1309	2.61	0.0
0	1310	2.61	0.0
0	1311	2.6	0.0
0	1312	2.59	0.0
0	1313	2.59	0.0
0	1314	2.58	0.0
0	1315	2.58	0.46
0	1316	2.58	2.02
0	1317	2.58	0.0
0	1318	2.58	0.0
0	1319	2.58	0.0
0	1320	2.57	0.0
0	1321	2.55	0.0
0	1322	2.55	0.0
0	1323	2.55	0.0
0	1324	2.54	0.0
0	1325	2.53	0.0
0	1326	2.52	0.0
0	1327	2.51	2.23
0	1328	2.51	0.0
0	1329	2.49	0.0
0	1330	2.49	0.0
0	1331	2.44	0.44
0	1332	2.43	1.96
0	1333	2.42	1.04
0	1334	2.42	0.0
0	1335	2.41	0.0
0	1336	2.4	0.0
0	1337	2.39	0.0
0	1338	2.37	0.0
0	1339	2.37	0.0
0	1340	2.36	0.0
0	1341	2.35	0.0
0	1342	2.35	0.0
0	1343	2.35	0.0
0	1344	2.34	0.0
0	1345	2.34	1.23
0	1346	2.33	0.0
0	1347	2.32	0.0
0	1348	2.32	0.0
0	1349	2.29	1.4
0	1350	2.29	0.0
0	1351	2.29	0.0
0	1352	2.28	0.0
0	1353	2.27	0.0
0	1354	2.26	0.82
0	1355	2.26	0.02
0	1356	2.22	0.0
0	1357	2.21	1.49
0	1358	2.21	0.0
0	1359	2.19	0.0
0	1360	2.18	0.0
0	1361	2.17	1.02
0	1362	2.15	0.0
0	1363	2.14	0.0
0	1364	2.13	0.0
0	1365	2.13	0.0
0	1366	2.12	1.11
0	1367	2.11	0.0
0	1368	2.11	0.0
0	1369	2.1	0.0
0	1370	2.1	0.0
0	1371	2.05	0.84
0	1372	2.03	0.0
0	1373	2.03	0.0
0	1374	2.03	0.0
0	1375	2.01	0.0
0	1376	1.93	0.0
0	1377	1.88	1.22
0	1378	1.88	0.0
0	1379	1.87	0.0
0	1380	1.87	0.0
0	1381	1.87	0.0
0	1382	1.86	0.0
0	1383	1.86	0.0
0	1384	1.86	0.0
0	1385	1.85	0.0
0	1386	1.84	0.0
0	1387	1.84	0.0
0	1388	1.83	0.0
0	1389	1.82	0.0
0	1390	1.81	0.0
0	1391	1.8	0.0
0	1392	1.8	0.0
0	1393	1.8	0.0
0	1394	1.79	0.0
0	1395	1.79	0.0
0	1396	1.76	0.0
0	1397	1.76	0.0
0	1398	1.74	0.0
0	1399	1.74	0.0
0	1400	1.73	0.0
0	1401	1.72	0.0
0	1402	1.71	0.0
0	1403	1.68	1.61
0	1404	1.68	0.71
0	1405	1.67	0.0
0	1406	1.66	0.0
0	1407	1.62	0.0
0	1408	1.62	0.0
0	1409	1.6	0.0
0	1410	1.6	0.0
0	1411	1.59	0.0
0	1412	1.57	0.0
0	1413	1.57	0.0
0	1414	1.57	1.51
0	1415	1.57	0.0
0	1416	1.57	0.0
0	1417	1.55	0.0
0	1418	1.5	0.0
0	1419	1.49	0.0
0	1420	1.42	0.0
0	1421	1.41	0.84
0	1422	1.41	0.0
0	1423	1.39	0.0
0	1424	1.38	0.0
0	1425	1.38	0.0
0	1426	1.37	0.0
0	1427	1.37	0.0
0	1428	1.35	0.0
0	1429	1.34	0.0
0	1430	1.32	0.61
0	1431	1.31	0.0
0	1432	1.31	0.0
0	1433	1.3	0.0
0	1434	1.3	0.0
0	1435	1.29	0.0
0	1436	1.27	0.0
0	1437	1.22	0.0
0	1438	1.2	0.0
0	1439	1.2	0.0
0	1440	1.2	0.0
0	1441	1.19	0.0
0	1442	1.19	0.0
0	1443	1.16	0.0
0	1444	1.16	0.0
0	1445	1.16	0.0
0	1446	1.14	0.0
0	1447	1.13	0.0
0	1448	1.12	0.0
0	1449	1.1	0.0
0	1450	1.09	0.0
0	1451	1.09	0.27
0	1452	1.08	0.0
0	1453	1.07	0.0
0	1454	1.07	0.0
0	1455	1.06	0.0
0	1456	1.06	0.0
0	1457	1.06	0.0
0	1458	1.05	0.0
0	1459	1.05	0.78
0	1460	1.05	0.0
0	1461	1.04	0.0
0	1462	1.04	0.0
0	1463	1.03	0.0
0	1464	1.02	0.0
0	1465	0.98	0.38
0	1466	0.98	0.0
0	1467	0.97	0.0
0	1468	0.96	0.0
0	1469	0.96	0.0
0	1470	0.95	0.0
0	1471	0.95	0.0
0	1472	0.94	0.0
0	1473	0.9	0.0
0	1474	0.9	0.0
0	1475	0.9	0.47
0	1476	0.89	0.0
0	1477	0.87	0.0
0	1478	0.85	0.0
0	1479	0.82	0.0
0	1480	0.8	0.0
0	1481	0.8	0.0
0	1482	0.8	0.0
0	1483	0.79	0.0
0	1484	0.78	0.0
0	1485	0.78	0.0
0	1486	0.78	0.0
0	1487	0.78	0.0
0	1488	0.77	0.0
0	1489	0.76	0.0
0	1490	0.76	0.0
0	1491	0.74	0.0
0	1492	0.74	0.0
0	1493	0.74	0.0
0	1494	0.73	0.0
0	1495	0.72	0.0
0	1496	0.72	0.0
0	1497	0.71	0.0
0	1498	0.7	0.0
0	1499	0.7	0.0
0	1500	0.68	0.0
0	1501	0.68	0.0
0	1502	0.67	0.0
0	1503	0.65	0.0
0	1504	0.64	0.0
0	1505	0.61	0.0
0	1506	0.61	0.49
0	1507	0.61	0.0
0	1508	0.6	0.0
0	1509	0.6	0.0
0	1510	0.6	0.0
0	1511	0.58	0.0
0	1512	0.55	0.0
0	1513	0.53	0.0
0	1514	0.53	0.0
0	1515	0.51	0.0
0	1516	0.51	0.0
0	1517	0.49	0.0
0	1518	0.48	0.0
0	1519	0.45	0.0
0	1520	0.43	0.0
0	1521	0.43	0.0
0	1522	0.4	0.0
0	1523	0.4	0.0
0	1524	0.39	0.0
0	1525	0.38	0.0
0	1526	0.38	0.0
0	1527	0.37	0.0
0	1528	0.34	0.0
0	1529	0.34	0.0
0	1530	0.32	0.0
0	1531	0.28	0.0
0	1532	0.24	0.0
0	1533	0.22	0.0
0	1534	0.21	0.0
0	1535	0.2	0.0
0	1536	0.2	0.0
0	1537	0.19	0.0
0	1538	0.19	0.0
0	1539	0.16	0.0
0	1540	0.16	0.0
0	1541	0.16	0.0
0	1542	0.14	0.0
0	1543	0.13	0.0
0	1544	0.12	0.0
0	1545	0.11	0.0
0	1546	0.08	0.0
0	1547	0.07	0.0
0	1548	0.07	0.0
0	1549	0.06	0.0
0	1550	0.06	0.0
0	1551	0.03	0.0
0	1552	0.03	0.0
0	1553	0.01	0.0
0	1554	0.01	0.0
0	1555	0.01	0.0
