clade	species	ts	te
0	1	100.0	90.54
0	2	92.52	80.35
0	3	84.72	73.55
0	4	81.4	72.07
0	5	81.09	62.81
0	6	80.87	68.14
0	7	79.49	71.34
0	8	79.39	66.69
0	9	79.36	74.73
0	10	78.68	76.8
0	11	78.24	54.48
0	12	77.48	70.03
0	13	76.9	69.65
0	14	76.8	69.68
0	15	76.63	76.0
0	16	75.19	56.66
0	17	75.09	74.82
0	18	74.93	61.74
0	19	74.84	72.86
0	20	74.29	74.01
0	21	74.15	70.51
0	22	73.78	72.39
0	23	73.74	66.26
0	24	72.95	55.85
0	25	72.51	71.78
0	26	72.1	71.02
0	27	71.78	60.94
0	28	71.26	36.01
0	29	70.69	58.25
0	30	70.67	54.63
0	31	70.46	67.65
0	32	68.98	65.42
0	33	68.16	67.43
0	34	68.12	66.43
0	35	67.78	67.23
0	36	67.45	64.95
0	37	66.73	62.47
0	38	66.25	66.23
0	39	65.9	56.2
0	40	65.06	55.58
0	41	64.78	34.32
0	42	64.44	54.99
0	43	64.26	51.51
0	44	63.83	61.27
0	45	63.61	46.56
0	46	63.48	25.91
0	47	62.34	57.43
0	48	62.27	43.05
0	49	62.06	47.3
0	50	61.98	61.26
0	51	61.95	55.17
0	52	61.58	61.31
0	53	61.23	44.4
0	54	61.07	58.23
0	55	60.47	57.68
0	56	60.3	45.72
0	57	60.25	48.77
0	58	59.44	38.6
0	59	59.33	56.65
0	60	59.12	44.76
0	61	59.0	52.35
0	62	58.88	55.79
0	63	58.63	54.3
0	64	58.59	50.93
0	65	57.72	55.13
0	66	57.12	54.55
0	67	56.73	47.6
0	68	56.66	46.17
0	69	55.56	48.69
0	70	55.41	44.56
0	71	54.34	30.98
0	72	54.3	51.68
0	73	54.25	52.59
0	74	54.16	50.96
0	75	54.02	46.0
0	76	53.65	24.94
0	77	53.51	50.93
0	78	53.21	51.94
0	79	51.52	32.94
0	80	51.39	40.55
0	81	51.25	40.68
0	82	51.24	50.76
0	83	51.12	46.84
0	84	50.73	48.38
0	85	50.4	43.89
0	86	50.33	45.66
0	87	49.37	47.38
0	88	49.18	46.86
0	89	49.03	46.64
0	90	48.48	19.4
0	91	48.48	41.68
0	92	48.35	18.11
0	93	47.98	36.42
0	94	47.98	46.29
0	95	47.9	44.19
0	96	47.63	47.07
0	97	47.59	44.98
0	98	47.38	46.95
0	99	47.32	45.62
0	100	46.84	13.87
0	101	46.61	27.7
0	102	46.5	40.05
0	103	45.76	35.96
0	104	45.62	25.98
0	105	45.45	42.65
0	106	45.43	16.02
0	107	44.89	42.52
0	108	44.69	39.54
0	109	44.3	36.08
0	110	44.05	42.95
0	111	43.69	43.42
0	112	43.65	30.84
0	113	43.51	19.91
0	114	43.19	2.08
0	115	42.95	41.39
0	116	42.93	25.02
0	117	42.78	8.36
0	118	42.76	41.38
0	119	42.41	40.33
0	120	42.3	41.33
0	121	42.14	37.12
0	122	42.04	37.69
0	123	41.82	40.77
0	124	41.72	37.2
0	125	41.5	27.29
0	126	41.5	35.85
0	127	41.23	38.41
0	128	41.05	36.29
0	129	40.8	37.92
0	130	40.77	33.04
0	131	40.45	23.51
0	132	40.37	34.77
0	133	40.11	36.25
0	134	40.09	33.6
0	135	40.08	32.78
0	136	40.08	35.21
0	137	39.95	35.82
0	138	39.94	36.08
0	139	39.84	39.18
0	140	39.71	23.95
0	141	39.67	39.45
0	142	39.61	39.21
0	143	39.57	37.33
0	144	39.39	32.67
0	145	39.38	15.33
0	146	39.34	25.9
0	147	39.21	24.82
0	148	38.92	38.55
0	149	38.85	15.79
0	150	38.84	36.71
0	151	38.24	30.44
0	152	38.21	15.2
0	153	37.97	36.01
0	154	37.96	23.93
0	155	37.88	30.08
0	156	37.76	30.9
0	157	37.67	36.56
0	158	37.43	10.05
0	159	37.4	0.33
0	160	37.28	26.59
0	161	37.23	31.55
0	162	37.13	32.77
0	163	36.98	34.17
0	164	36.8	34.5
0	165	36.75	36.41
0	166	36.74	18.0
0	167	36.72	12.1
0	168	36.58	31.97
0	169	36.38	30.61
0	170	36.22	16.73
0	171	36.02	20.7
0	172	35.92	28.1
0	173	35.82	0.0
0	174	35.82	30.63
0	175	35.74	34.81
0	176	35.73	31.55
0	177	35.64	33.68
0	178	35.62	4.12
0	179	35.6	15.11
0	180	35.59	28.0
0	181	35.47	0.49
0	182	35.34	30.82
0	183	35.13	28.75
0	184	35.12	26.86
0	185	35.07	19.36
0	186	34.98	32.43
0	187	34.95	28.04
0	188	34.93	26.79
0	189	34.87	26.35
0	190	34.8	19.91
0	191	34.59	16.66
0	192	34.55	30.34
0	193	34.49	31.06
0	194	34.44	32.75
0	195	34.42	30.69
0	196	34.37	20.36
0	197	34.22	30.71
0	198	34.13	12.93
0	199	34.12	27.33
0	200	34.07	18.39
0	201	33.9	17.66
0	202	33.89	30.53
0	203	33.86	31.2
0	204	33.77	31.88
0	205	33.38	33.06
0	206	33.3	31.2
0	207	33.24	28.11
0	208	32.98	25.99
0	209	32.91	23.86
0	210	32.86	25.48
0	211	32.82	27.16
0	212	32.76	13.88
0	213	32.65	27.31
0	214	32.61	6.61
0	215	32.49	21.22
0	216	32.16	26.83
0	217	32.11	30.81
0	218	32.08	0.43
0	219	31.88	26.87
0	220	31.78	25.15
0	221	31.75	28.71
0	222	31.74	25.93
0	223	31.71	30.89
0	224	31.68	6.52
0	225	31.51	29.79
0	226	31.5	27.82
0	227	31.41	30.07
0	228	31.34	18.7
0	229	31.16	14.81
0	230	31.08	27.7
0	231	30.9	30.03
0	232	30.85	24.1
0	233	30.82	27.12
0	234	30.71	28.87
0	235	30.54	15.92
0	236	30.53	28.5
0	237	30.4	30.14
0	238	30.33	16.81
0	239	30.21	21.74
0	240	30.08	19.61
0	241	29.95	29.83
0	242	29.85	29.05
0	243	29.77	29.39
0	244	29.74	29.33
0	245	29.74	22.04
0	246	29.58	25.06
0	247	29.44	14.28
0	248	29.17	0.0
0	249	29.17	28.2
0	250	29.14	11.31
0	251	29.08	11.39
0	252	29.07	27.32
0	253	28.96	26.96
0	254	28.95	0.0
0	255	28.92	11.94
0	256	28.72	18.85
0	257	28.71	15.03
0	258	28.7	13.92
0	259	28.69	27.92
0	260	28.64	11.23
0	261	28.63	24.92
0	262	28.53	0.0
0	263	28.41	20.88
0	264	28.4	12.42
0	265	28.37	24.08
0	266	28.37	27.93
0	267	28.26	1.83
0	268	28.1	25.92
0	269	28.05	16.4
0	270	27.97	22.82
0	271	27.95	10.82
0	272	27.93	20.38
0	273	27.88	23.96
0	274	27.74	24.77
0	275	27.74	17.81
0	276	27.69	14.46
0	277	27.68	19.97
0	278	27.56	25.86
0	279	27.51	22.83
0	280	27.42	0.77
0	281	27.37	25.02
0	282	27.36	0.0
0	283	27.32	20.66
0	284	27.27	20.63
0	285	27.22	22.57
0	286	27.21	9.54
0	287	27.11	25.04
0	288	27.04	7.11
0	289	27.02	0.0
0	290	27.01	20.95
0	291	27.0	2.05
0	292	26.96	19.86
0	293	26.94	23.25
0	294	26.93	26.46
0	295	26.93	16.62
0	296	26.85	25.93
0	297	26.71	24.75
0	298	26.67	18.22
0	299	26.66	24.69
0	300	26.62	23.66
0	301	26.58	13.99
0	302	26.58	12.21
0	303	26.5	23.06
0	304	26.37	12.96
0	305	26.29	21.27
0	306	26.05	20.94
0	307	25.95	19.66
0	308	25.9	12.71
0	309	25.85	12.9
0	310	25.83	21.73
0	311	25.64	21.69
0	312	25.53	16.09
0	313	25.4	7.81
0	314	25.38	19.06
0	315	25.27	18.34
0	316	25.13	21.03
0	317	24.99	0.0
0	318	24.96	11.99
0	319	24.93	24.63
0	320	24.91	11.56
0	321	24.88	0.0
0	322	24.82	19.71
0	323	24.81	15.81
0	324	24.69	24.35
0	325	24.58	17.73
0	326	24.5	11.11
0	327	24.4	16.39
0	328	24.36	20.75
0	329	24.27	0.0
0	330	24.27	20.65
0	331	24.22	18.27
0	332	24.15	14.55
0	333	23.94	5.11
0	334	23.81	22.49
0	335	23.69	19.64
0	336	23.68	21.73
0	337	23.68	11.34
0	338	23.55	4.68
0	339	23.55	19.6
0	340	23.55	10.4
0	341	23.51	22.49
0	342	23.4	4.22
0	343	23.36	22.0
0	344	23.31	9.84
0	345	23.31	10.32
0	346	23.29	15.94
0	347	23.28	7.34
0	348	23.25	22.13
0	349	23.17	16.88
0	350	23.13	9.54
0	351	23.05	21.33
0	352	23.02	14.59
0	353	22.99	17.3
0	354	22.94	12.74
0	355	22.89	15.45
0	356	22.89	15.29
0	357	22.87	19.44
0	358	22.58	9.13
0	359	22.56	0.0
0	360	22.56	17.7
0	361	22.56	18.77
0	362	22.55	0.0
0	363	22.54	13.37
0	364	22.54	19.63
0	365	22.5	8.02
0	366	22.47	19.92
0	367	22.47	8.89
0	368	22.26	19.55
0	369	22.24	19.65
0	370	22.22	18.83
0	371	22.21	18.23
0	372	22.2	7.79
0	373	22.19	16.36
0	374	22.03	21.53
0	375	21.96	19.17
0	376	21.96	11.81
0	377	21.92	15.07
0	378	21.92	17.59
0	379	21.91	21.53
0	380	21.9	21.45
0	381	21.82	18.52
0	382	21.76	0.0
0	383	21.73	10.88
0	384	21.64	18.76
0	385	21.53	7.34
0	386	21.51	21.04
0	387	21.44	9.23
0	388	21.38	19.91
0	389	21.37	17.93
0	390	21.33	5.98
0	391	21.26	9.81
0	392	21.17	19.96
0	393	21.16	14.33
0	394	21.16	16.81
0	395	21.08	3.05
0	396	20.92	16.15
0	397	20.92	17.66
0	398	20.91	19.44
0	399	20.9	5.16
0	400	20.89	12.56
0	401	20.87	20.4
0	402	20.79	0.0
0	403	20.74	0.4
0	404	20.71	12.66
0	405	20.69	15.46
0	406	20.69	13.88
0	407	20.67	20.39
0	408	20.67	19.99
0	409	20.54	0.0
0	410	20.54	20.16
0	411	20.52	18.01
0	412	20.5	16.96
0	413	20.5	15.18
0	414	20.48	17.09
0	415	20.42	5.1
0	416	20.37	4.05
0	417	20.28	5.91
0	418	20.22	8.58
0	419	20.19	0.0
0	420	20.17	16.63
0	421	20.17	10.97
0	422	20.11	14.55
0	423	20.11	0.73
0	424	20.02	3.41
0	425	19.91	15.09
0	426	19.8	12.24
0	427	19.74	16.35
0	428	19.74	3.12
0	429	19.61	7.6
0	430	19.52	17.61
0	431	19.49	17.62
0	432	19.45	10.37
0	433	19.43	0.0
0	434	19.33	0.0
0	435	19.25	5.42
0	436	19.22	17.86
0	437	19.22	14.13
0	438	19.18	11.35
0	439	19.18	15.87
0	440	19.17	17.17
0	441	19.14	18.29
0	442	19.11	16.47
0	443	19.06	15.82
0	444	19.05	12.99
0	445	18.93	0.0
0	446	18.93	14.69
0	447	18.93	10.27
0	448	18.88	15.69
0	449	18.86	11.62
0	450	18.79	15.92
0	451	18.78	1.87
0	452	18.75	15.42
0	453	18.7	0.0
0	454	18.68	12.09
0	455	18.67	0.0
0	456	18.65	9.49
0	457	18.64	14.41
0	458	18.63	4.13
0	459	18.57	2.28
0	460	18.54	15.26
0	461	18.49	14.29
0	462	18.46	13.9
0	463	18.44	10.18
0	464	18.43	12.13
0	465	18.41	13.07
0	466	18.38	0.0
0	467	18.37	17.34
0	468	18.36	15.77
0	469	18.33	4.47
0	470	18.26	18.04
0	471	18.21	17.69
0	472	18.2	6.28
0	473	18.17	0.0
0	474	18.14	13.09
0	475	18.13	15.16
0	476	18.08	2.1
0	477	18.03	17.68
0	478	18.0	0.0
0	479	17.99	17.92
0	480	17.98	5.86
0	481	17.97	9.44
0	482	17.95	0.0
0	483	17.95	4.06
0	484	17.92	17.36
0	485	17.92	4.63
0	486	17.87	6.4
0	487	17.87	12.44
0	488	17.81	10.95
0	489	17.8	14.58
0	490	17.73	1.66
0	491	17.73	4.56
0	492	17.72	11.98
0	493	17.69	8.5
0	494	17.68	10.36
0	495	17.67	7.21
0	496	17.63	15.26
0	497	17.61	17.39
0	498	17.56	0.0
0	499	17.55	11.29
0	500	17.53	6.6
0	501	17.49	8.41
0	502	17.38	16.48
0	503	17.35	0.0
0	504	17.33	17.2
0	505	17.32	12.49
0	506	17.31	15.66
0	507	17.3	13.21
0	508	17.3	0.0
0	509	17.28	8.39
0	510	17.27	14.39
0	511	17.26	13.42
0	512	17.24	5.27
0	513	17.18	16.21
0	514	17.14	10.35
0	515	17.07	6.68
0	516	17.07	15.93
0	517	17.04	12.76
0	518	16.99	13.82
0	519	16.98	1.06
0	520	16.94	16.48
0	521	16.92	0.29
0	522	16.87	15.73
0	523	16.79	14.23
0	524	16.71	10.24
0	525	16.69	6.83
0	526	16.66	7.68
0	527	16.57	14.26
0	528	16.57	9.14
0	529	16.56	14.3
0	530	16.55	6.8
0	531	16.5	0.0
0	532	16.48	10.68
0	533	16.45	9.69
0	534	16.37	11.96
0	535	16.35	15.37
0	536	16.32	15.75
0	537	16.3	9.22
0	538	16.29	1.89
0	539	16.25	1.63
0	540	16.23	11.08
0	541	16.23	8.66
0	542	16.18	0.0
0	543	16.11	15.52
0	544	16.09	0.0
0	545	16.08	11.65
0	546	16.08	16.03
0	547	16.07	12.46
0	548	15.95	4.4
0	549	15.84	7.5
0	550	15.84	0.0
0	551	15.83	8.21
0	552	15.77	9.41
0	553	15.74	3.17
0	554	15.71	13.12
0	555	15.7	14.93
0	556	15.66	0.0
0	557	15.65	9.75
0	558	15.65	1.46
0	559	15.63	13.55
0	560	15.56	13.57
0	561	15.55	0.0
0	562	15.48	12.41
0	563	15.45	12.62
0	564	15.42	13.69
0	565	15.38	0.0
0	566	15.37	12.78
0	567	15.33	15.21
0	568	15.32	0.0
0	569	15.15	5.35
0	570	15.13	0.0
0	571	15.11	0.0
0	572	15.07	0.0
0	573	15.05	0.0
0	574	15.01	14.54
0	575	14.99	13.85
0	576	14.91	14.69
0	577	14.85	6.31
0	578	14.76	0.0
0	579	14.73	12.03
0	580	14.67	14.06
0	581	14.64	0.0
0	582	14.62	6.0
0	583	14.6	0.0
0	584	14.58	1.13
0	585	14.46	6.72
0	586	14.45	10.3
0	587	14.43	3.4
0	588	14.38	0.0
0	589	14.35	4.03
0	590	14.32	13.59
0	591	14.32	11.75
0	592	14.27	5.54
0	593	14.21	9.2
0	594	14.21	14.18
0	595	14.2	0.0
0	596	14.2	13.96
0	597	14.19	0.26
0	598	14.14	10.35
0	599	14.13	0.22
0	600	14.08	7.42
0	601	14.07	10.73
0	602	14.05	6.13
0	603	14.04	0.0
0	604	13.96	11.06
0	605	13.95	2.71
0	606	13.9	0.0
0	607	13.81	0.0
0	608	13.79	13.24
0	609	13.72	11.17
0	610	13.72	1.12
0	611	13.7	9.99
0	612	13.69	0.1
0	613	13.68	11.96
0	614	13.64	0.0
0	615	13.61	0.0
0	616	13.54	11.57
0	617	13.54	3.89
0	618	13.46	13.34
0	619	13.43	0.0
0	620	13.42	7.71
0	621	13.41	11.6
0	622	13.36	12.24
0	623	13.36	13.28
0	624	13.35	0.0
0	625	13.35	5.91
0	626	13.33	8.58
0	627	13.32	7.78
0	628	13.28	0.0
0	629	13.28	0.02
0	630	13.26	0.0
0	631	13.22	7.63
0	632	13.22	3.53
0	633	13.15	3.83
0	634	13.14	1.62
0	635	13.13	11.12
0	636	13.13	3.74
0	637	13.07	0.0
0	638	13.05	0.0
0	639	13.05	3.53
0	640	13.02	5.71
0	641	13.01	11.22
0	642	13.0	8.77
0	643	12.96	12.53
0	644	12.95	8.54
0	645	12.94	0.0
0	646	12.94	0.0
0	647	12.88	1.12
0	648	12.87	11.7
0	649	12.79	0.0
0	650	12.73	10.19
0	651	12.72	6.07
0	652	12.68	8.84
0	653	12.67	11.03
0	654	12.66	7.85
0	655	12.61	0.0
0	656	12.57	0.33
0	657	12.55	11.16
0	658	12.54	0.0
0	659	12.53	0.0
0	660	12.52	0.0
0	661	12.5	0.0
0	662	12.49	0.0
0	663	12.46	9.09
0	664	12.45	1.92
0	665	12.41	9.55
0	666	12.4	9.82
0	667	12.36	6.44
0	668	12.33	10.89
0	669	12.33	0.0
0	670	12.3	1.31
0	671	12.3	3.77
0	672	12.29	2.34
0	673	12.28	2.02
0	674	12.22	3.35
0	675	12.2	0.0
0	676	12.2	0.0
0	677	12.19	4.83
0	678	12.16	9.19
0	679	12.15	0.0
0	680	12.11	4.9
0	681	12.05	1.26
0	682	12.02	4.6
0	683	12.01	6.51
0	684	12.0	0.01
0	685	11.99	3.59
0	686	11.99	0.0
0	687	11.99	6.03
0	688	11.96	3.12
0	689	11.96	4.82
0	690	11.85	10.65
0	691	11.83	9.76
0	692	11.83	10.94
0	693	11.81	6.29
0	694	11.77	0.0
0	695	11.77	0.0
0	696	11.77	5.87
0	697	11.7	0.0
0	698	11.68	7.33
0	699	11.62	10.0
0	700	11.62	6.18
0	701	11.59	1.75
0	702	11.59	0.77
0	703	11.57	0.0
0	704	11.46	2.13
0	705	11.46	7.54
0	706	11.44	1.68
0	707	11.43	9.35
0	708	11.37	6.95
0	709	11.37	0.0
0	710	11.36	4.78
0	711	11.36	9.55
0	712	11.34	0.0
0	713	11.34	5.34
0	714	11.3	0.0
0	715	11.29	0.0
0	716	11.28	4.22
0	717	11.26	6.43
0	718	11.25	0.0
0	719	11.24	8.66
0	720	11.23	0.0
0	721	11.22	0.43
0	722	11.21	0.99
0	723	11.15	0.0
0	724	11.15	11.13
0	725	11.15	0.0
0	726	11.11	6.98
0	727	11.11	0.0
0	728	11.09	10.79
0	729	11.03	1.99
0	730	11.02	0.0
0	731	11.01	5.99
0	732	10.96	10.44
0	733	10.94	0.0
0	734	10.87	8.96
0	735	10.87	0.0
0	736	10.82	7.37
0	737	10.8	5.57
0	738	10.79	0.0
0	739	10.79	10.07
0	740	10.75	6.91
0	741	10.74	10.44
0	742	10.74	10.43
0	743	10.67	0.0
0	744	10.65	0.0
0	745	10.64	8.88
0	746	10.63	0.0
0	747	10.62	6.96
0	748	10.61	7.21
0	749	10.61	9.37
0	750	10.6	0.0
0	751	10.6	0.3
0	752	10.58	9.32
0	753	10.57	0.0
0	754	10.57	6.64
0	755	10.57	5.79
0	756	10.55	7.33
0	757	10.52	0.0
0	758	10.51	0.0
0	759	10.5	0.0
0	760	10.49	4.54
0	761	10.41	9.56
0	762	10.4	9.92
0	763	10.38	6.7
0	764	10.38	0.0
0	765	10.37	2.82
0	766	10.36	0.0
0	767	10.35	5.88
0	768	10.21	0.0
0	769	10.21	9.21
0	770	10.19	0.53
0	771	10.17	9.31
0	772	10.12	8.16
0	773	10.07	7.19
0	774	10.06	4.81
0	775	10.06	8.33
0	776	10.01	0.21
0	777	10.0	4.47
0	778	9.99	5.32
0	779	9.98	4.03
0	780	9.98	0.44
0	781	9.95	5.75
0	782	9.93	0.0
0	783	9.92	1.01
0	784	9.91	7.65
0	785	9.9	5.48
0	786	9.89	0.58
0	787	9.88	0.0
0	788	9.86	2.59
0	789	9.86	4.59
0	790	9.84	3.71
0	791	9.83	0.0
0	792	9.82	9.28
0	793	9.8	6.58
0	794	9.76	7.24
0	795	9.74	5.8
0	796	9.71	4.08
0	797	9.68	0.0
0	798	9.66	9.06
0	799	9.66	0.0
0	800	9.65	9.03
0	801	9.64	0.0
0	802	9.59	0.0
0	803	9.57	2.41
0	804	9.57	3.44
0	805	9.55	3.88
0	806	9.53	0.0
0	807	9.49	0.0
0	808	9.49	0.0
0	809	9.44	6.19
0	810	9.41	2.4
0	811	9.36	9.27
0	812	9.34	7.96
0	813	9.33	0.0
0	814	9.32	0.0
0	815	9.32	3.36
0	816	9.26	7.08
0	817	9.24	7.78
0	818	9.22	0.0
0	819	9.2	6.87
0	820	9.2	7.33
0	821	9.19	0.0
0	822	9.16	7.82
0	823	9.14	0.0
0	824	9.13	4.0
0	825	9.11	0.0
0	826	9.11	0.22
0	827	9.1	5.2
0	828	9.06	9.03
0	829	9.05	0.0
0	830	8.99	0.0
0	831	8.99	5.02
0	832	8.97	6.94
0	833	8.94	7.35
0	834	8.94	4.28
0	835	8.94	0.0
0	836	8.93	3.5
0	837	8.93	3.99
0	838	8.92	8.23
0	839	8.91	3.64
0	840	8.89	8.6
0	841	8.88	4.8
0	842	8.88	7.93
0	843	8.88	0.0
0	844	8.82	0.0
0	845	8.79	0.0
0	846	8.77	5.4
0	847	8.77	0.0
0	848	8.76	8.75
0	849	8.76	0.59
0	850	8.74	0.0
0	851	8.68	3.71
0	852	8.63	2.18
0	853	8.61	8.28
0	854	8.6	7.75
0	855	8.6	8.42
0	856	8.56	3.64
0	857	8.56	8.18
0	858	8.56	0.0
0	859	8.55	0.0
0	860	8.55	0.0
0	861	8.52	0.0
0	862	8.49	0.0
0	863	8.48	0.0
0	864	8.46	0.0
0	865	8.46	1.66
0	866	8.4	0.25
0	867	8.39	7.86
0	868	8.35	2.7
0	869	8.34	0.0
0	870	8.33	7.28
0	871	8.33	0.0
0	872	8.3	4.83
0	873	8.3	0.0
0	874	8.29	3.55
0	875	8.27	0.0
0	876	8.27	4.16
0	877	8.25	0.0
0	878	8.23	0.0
0	879	8.22	0.0
0	880	8.22	0.28
0	881	8.2	6.14
0	882	8.2	0.0
0	883	8.19	0.0
0	884	8.18	1.95
0	885	8.14	0.0
0	886	8.12	7.14
0	887	8.12	6.32
0	888	8.09	0.0
0	889	8.06	0.0
0	890	8.05	0.0
0	891	8.05	5.72
0	892	8.0	0.76
0	893	7.99	7.68
0	894	7.98	0.47
0	895	7.98	0.44
0	896	7.93	0.0
0	897	7.9	5.48
0	898	7.9	6.74
0	899	7.89	0.0
0	900	7.89	5.72
0	901	7.88	0.0
0	902	7.87	3.92
0	903	7.82	0.0
0	904	7.78	5.23
0	905	7.74	0.0
0	906	7.74	0.0
0	907	7.74	0.0
0	908	7.73	4.0
0	909	7.71	0.0
0	910	7.69	5.32
0	911	7.64	0.0
0	912	7.62	0.0
0	913	7.62	0.0
0	914	7.61	6.8
0	915	7.61	0.0
0	916	7.6	0.79
0	917	7.58	0.65
0	918	7.56	0.65
0	919	7.56	7.43
0	920	7.55	1.22
0	921	7.53	0.0
0	922	7.52	0.0
0	923	7.51	0.0
0	924	7.51	6.86
0	925	7.5	0.0
0	926	7.49	2.85
0	927	7.46	0.0
0	928	7.44	0.0
0	929	7.39	4.52
0	930	7.39	1.78
0	931	7.38	0.0
0	932	7.38	6.38
0	933	7.37	5.87
0	934	7.37	7.21
0	935	7.33	0.0
0	936	7.32	0.0
0	937	7.32	4.57
0	938	7.31	0.0
0	939	7.31	5.97
0	940	7.28	0.0
0	941	7.26	0.0
0	942	7.21	4.35
0	943	7.2	7.07
0	944	7.2	0.0
0	945	7.17	0.0
0	946	7.15	5.06
0	947	7.14	0.0
0	948	7.13	6.57
0	949	7.11	2.2
0	950	7.1	3.83
0	951	7.09	0.0
0	952	7.09	0.0
0	953	7.05	5.92
0	954	7.03	5.52
0	955	7.03	2.12
0	956	7.02	0.34
0	957	7.0	6.78
0	958	6.99	0.0
0	959	6.99	0.0
0	960	6.97	0.0
0	961	6.96	2.6
0	962	6.95	0.0
0	963	6.95	0.0
0	964	6.93	0.0
0	965	6.92	2.74
0	966	6.89	0.0
0	967	6.88	6.87
0	968	6.83	0.0
0	969	6.82	4.2
0	970	6.81	2.39
0	971	6.75	0.0
0	972	6.74	6.56
0	973	6.74	5.5
0	974	6.71	3.27
0	975	6.69	4.0
0	976	6.68	2.74
0	977	6.66	0.0
0	978	6.64	0.0
0	979	6.64	0.0
0	980	6.62	0.0
0	981	6.61	6.26
0	982	6.58	2.55
0	983	6.58	5.88
0	984	6.57	3.07
0	985	6.57	0.0
0	986	6.55	1.68
0	987	6.54	1.03
0	988	6.53	6.48
0	989	6.5	0.09
0	990	6.49	0.0
0	991	6.48	3.68
0	992	6.47	0.0
0	993	6.47	0.0
0	994	6.46	3.97
0	995	6.46	1.43
0	996	6.45	3.85
0	997	6.43	0.0
0	998	6.42	0.0
0	999	6.41	0.0
0	1000	6.41	0.0
0	1001	6.4	0.0
0	1002	6.39	4.29
0	1003	6.39	3.0
0	1004	6.37	5.02
0	1005	6.36	0.0
0	1006	6.34	0.0
0	1007	6.31	0.0
0	1008	6.3	5.07
0	1009	6.28	4.94
0	1010	6.26	0.0
0	1011	6.24	0.0
0	1012	6.24	2.25
0	1013	6.23	0.0
0	1014	6.23	0.0
0	1015	6.21	4.86
0	1016	6.21	0.0
0	1017	6.21	0.0
0	1018	6.21	0.0
0	1019	6.2	0.0
0	1020	6.15	0.0
0	1021	6.14	4.93
0	1022	6.14	0.0
0	1023	6.13	0.0
0	1024	6.11	5.9
0	1025	6.11	4.93
0	1026	6.1	5.87
0	1027	6.09	0.0
0	1028	6.09	0.0
0	1029	6.07	4.17
0	1030	6.06	0.0
0	1031	6.05	0.0
0	1032	6.04	2.53
0	1033	6.04	5.08
0	1034	6.03	3.63
0	1035	6.03	3.79
0	1036	6.03	1.91
0	1037	6.02	4.06
0	1038	6.02	0.0
0	1039	6.01	3.49
0	1040	6.0	0.0
0	1041	6.0	0.0
0	1042	5.98	4.3
0	1043	5.95	0.0
0	1044	5.95	0.0
0	1045	5.94	0.0
0	1046	5.93	0.0
0	1047	5.92	0.28
0	1048	5.91	3.18
0	1049	5.87	3.31
0	1050	5.86	0.0
0	1051	5.85	0.0
0	1052	5.85	0.0
0	1053	5.81	4.79
0	1054	5.81	0.0
0	1055	5.8	0.0
0	1056	5.79	3.81
0	1057	5.76	0.0
0	1058	5.76	0.0
0	1059	5.75	0.0
0	1060	5.74	0.0
0	1061	5.69	0.0
0	1062	5.66	0.0
0	1063	5.66	0.0
0	1064	5.64	0.0
0	1065	5.64	1.28
0	1066	5.63	5.05
0	1067	5.6	0.0
0	1068	5.6	0.0
0	1069	5.58	5.52
0	1070	5.58	0.0
0	1071	5.57	0.0
0	1072	5.56	0.0
0	1073	5.56	0.0
0	1074	5.55	0.17
0	1075	5.55	3.17
0	1076	5.55	0.0
0	1077	5.52	5.25
0	1078	5.51	0.0
0	1079	5.5	2.4
0	1080	5.47	4.74
0	1081	5.47	0.0
0	1082	5.46	0.0
0	1083	5.45	3.07
0	1084	5.43	2.98
0	1085	5.41	0.0
0	1086	5.41	3.02
0	1087	5.38	5.1
0	1088	5.34	0.0
0	1089	5.31	3.23
0	1090	5.3	2.36
0	1091	5.28	0.0
0	1092	5.26	2.36
0	1093	5.26	0.0
0	1094	5.23	0.0
0	1095	5.18	0.0
0	1096	5.17	1.88
0	1097	5.11	0.0
0	1098	5.11	0.12
0	1099	5.1	0.0
0	1100	5.09	0.0
0	1101	5.07	0.0
0	1102	5.05	0.0
0	1103	5.04	1.42
0	1104	5.04	0.0
0	1105	5.03	0.0
0	1106	5.0	1.34
0	1107	5.0	0.0
0	1108	4.98	0.0
0	1109	4.96	0.18
0	1110	4.95	0.0
0	1111	4.94	0.0
0	1112	4.93	2.56
0	1113	4.92	0.0
0	1114	4.92	3.86
0	1115	4.92	0.55
0	1116	4.9	0.0
0	1117	4.85	0.0
0	1118	4.84	0.0
0	1119	4.82	0.0
0	1120	4.81	0.79
0	1121	4.79	1.54
0	1122	4.78	0.0
0	1123	4.78	0.0
0	1124	4.78	0.0
0	1125	4.75	0.0
0	1126	4.74	0.0
0	1127	4.72	3.2
0	1128	4.72	0.0
0	1129	4.71	0.0
0	1130	4.7	4.66
0	1131	4.69	4.48
0	1132	4.67	0.0
0	1133	4.65	2.82
0	1134	4.62	0.0
0	1135	4.62	3.6
0	1136	4.59	0.0
0	1137	4.59	1.24
0	1138	4.59	0.0
0	1139	4.58	0.0
0	1140	4.58	0.0
0	1141	4.57	0.0
0	1142	4.57	0.0
0	1143	4.54	0.0
0	1144	4.52	0.0
0	1145	4.51	0.0
0	1146	4.49	0.0
0	1147	4.49	0.0
0	1148	4.49	0.41
0	1149	4.45	0.0
0	1150	4.44	0.42
0	1151	4.44	4.2
0	1152	4.43	0.0
0	1153	4.42	0.0
0	1154	4.4	2.61
0	1155	4.38	0.0
0	1156	4.37	0.0
0	1157	4.36	0.0
0	1158	4.35	0.0
0	1159	4.34	0.0
0	1160	4.34	3.43
0	1161	4.32	1.37
0	1162	4.3	0.0
0	1163	4.28	0.0
0	1164	4.28	0.0
0	1165	4.27	0.0
0	1166	4.24	0.0
0	1167	4.24	0.0
0	1168	4.23	0.94
0	1169	4.23	0.42
0	1170	4.22	0.0
0	1171	4.2	0.0
0	1172	4.2	0.0
0	1173	4.19	0.0
0	1174	4.19	1.43
0	1175	4.19	0.0
0	1176	4.18	0.0
0	1177	4.18	0.0
0	1178	4.16	2.67
0	1179	4.14	2.13
0	1180	4.13	0.0
0	1181	4.12	0.0
0	1182	4.1	0.0
0	1183	4.09	1.15
0	1184	4.06	1.45
0	1185	4.06	0.0
0	1186	4.06	0.0
0	1187	4.05	2.35
0	1188	4.05	3.83
0	1189	4.04	0.0
0	1190	4.0	2.65
0	1191	3.98	0.0
0	1192	3.94	0.0
0	1193	3.93	0.0
0	1194	3.88	0.0
0	1195	3.84	0.0
0	1196	3.84	0.0
0	1197	3.83	0.0
0	1198	3.83	0.0
0	1199	3.83	0.0
0	1200	3.81	3.23
0	1201	3.79	0.0
0	1202	3.79	0.0
0	1203	3.77	0.0
0	1204	3.76	0.0
0	1205	3.74	3.59
0	1206	3.73	2.94
0	1207	3.73	0.05
0	1208	3.73	0.08
0	1209	3.73	0.0
0	1210	3.69	0.0
0	1211	3.68	0.0
0	1212	3.67	0.29
0	1213	3.64	0.0
0	1214	3.62	0.0
0	1215	3.61	0.0
0	1216	3.6	0.0
0	1217	3.6	0.0
0	1218	3.58	3.45
0	1219	3.58	0.0
0	1220	3.56	0.0
0	1221	3.56	0.0
0	1222	3.55	0.0
0	1223	3.53	0.0
0	1224	3.53	1.29
0	1225	3.49	0.0
0	1226	3.49	0.0
0	1227	3.49	0.0
0	1228	3.43	0.0
0	1229	3.4	0.69
0	1230	3.4	3.03
0	1231	3.38	0.0
0	1232	3.38	0.0
0	1233	3.37	0.0
0	1234	3.37	0.0
0	1235	3.37	0.0
0	1236	3.37	0.0
0	1237	3.37	0.0
0	1238	3.36	0.0
0	1239	3.34	0.0
0	1240	3.31	0.0
0	1241	3.31	0.0
0	1242	3.31	1.6
0	1243	3.3	0.0
0	1244	3.28	0.0
0	1245	3.28	0.0
0	1246	3.27	0.73
0	1247	3.25	0.0
0	1248	3.24	0.0
0	1249	3.24	2.07
0	1250	3.22	0.0
0	1251	3.21	0.0
0	1252	3.17	0.0
0	1253	3.16	0.0
0	1254	3.08	0.0
0	1255	3.08	0.0
0	1256	3.04	0.0
0	1257	2.99	0.0
0	1258	2.98	0.0
0	1259	2.97	0.0
0	1260	2.97	0.0
0	1261	2.96	0.0
0	1262	2.96	0.92
0	1263	2.96	2.79
0	1264	2.94	0.0
0	1265	2.93	0.0
0	1266	2.93	0.0
0	1267	2.92	0.0
0	1268	2.92	0.0
0	1269	2.9	0.0
0	1270	2.89	0.0
0	1271	2.87	0.0
0	1272	2.87	2.19
0	1273	2.86	0.0
0	1274	2.86	0.0
0	1275	2.85	0.0
0	1276	2.84	0.0
0	1277	2.83	2.38
0	1278	2.81	0.0
0	1279	2.81	0.0
0	1280	2.79	0.0
0	1281	2.77	0.0
0	1282	2.76	0.0
0	1283	2.75	2.12
0	1284	2.74	0.0
0	1285	2.73	0.0
0	1286	2.73	1.25
0	1287	2.72	0.0
0	1288	2.72	0.0
0	1289	2.71	0.39
0	1290	2.71	0.0
0	1291	2.7	0.0
0	1292	2.69	0.0
0	1293	2.68	0.0
0	1294	2.68	0.0
0	1295	2.65	0.0
0	1296	2.63	0.0
0	1297	2.62	2.2
0	1298	2.57	0.0
0	1299	2.56	0.0
0	1300	2.55	0.0
0	1301	2.55	0.0
0	1302	2.51	0.0
0	1303	2.51	0.0
0	1304	2.5	0.0
0	1305	2.5	0.0
0	1306	2.48	0.18
0	1307	2.48	0.0
0	1308	2.47	0.0
0	1309	2.45	0.0
0	1310	2.45	2.19
0	1311	2.45	0.0
0	1312	2.45	0.0
0	1313	2.44	2.05
0	1314	2.43	0.0
0	1315	2.43	0.0
0	1316	2.43	0.5
0	1317	2.42	1.28
0	1318	2.42	0.0
0	1319	2.41	0.0
0	1320	2.41	0.0
0	1321	2.4	2.31
0	1322	2.4	0.0
0	1323	2.36	0.0
0	1324	2.34	0.4
0	1325	2.33	0.81
0	1326	2.32	0.0
0	1327	2.32	0.0
0	1328	2.31	0.0
0	1329	2.29	0.0
0	1330	2.29	0.0
0	1331	2.28	0.0
0	1332	2.28	0.44
0	1333	2.28	0.0
0	1334	2.27	0.0
0	1335	2.25	0.0
0	1336	2.24	0.0
0	1337	2.17	0.0
0	1338	2.17	0.0
0	1339	2.16	0.0
0	1340	2.16	0.0
0	1341	2.14	0.0
0	1342	2.14	0.0
0	1343	2.14	0.0
0	1344	2.13	1.0
0	1345	2.11	0.0
0	1346	2.09	0.0
0	1347	2.08	0.83
0	1348	2.07	0.0
0	1349	2.06	0.0
0	1350	2.05	0.0
0	1351	2.04	0.0
0	1352	2.03	0.0
0	1353	2.03	0.68
0	1354	2.01	0.0
0	1355	2.0	0.88
0	1356	1.99	1.56
0	1357	1.94	0.0
0	1358	1.91	0.98
0	1359	1.91	0.0
0	1360	1.91	0.0
0	1361	1.89	0.95
0	1362	1.89	0.0
0	1363	1.89	0.86
0	1364	1.88	0.0
0	1365	1.88	0.0
0	1366	1.88	0.0
0	1367	1.87	0.81
0	1368	1.85	0.0
0	1369	1.85	0.0
0	1370	1.84	0.0
0	1371	1.82	0.0
0	1372	1.82	0.0
0	1373	1.81	0.0
0	1374	1.8	0.0
0	1375	1.78	0.0
0	1376	1.78	0.93
0	1377	1.77	0.0
0	1378	1.76	0.0
0	1379	1.76	0.41
0	1380	1.75	0.0
0	1381	1.75	0.0
0	1382	1.74	0.0
0	1383	1.73	0.0
0	1384	1.71	0.0
0	1385	1.7	0.0
0	1386	1.69	0.0
0	1387	1.68	0.0
0	1388	1.68	0.0
0	1389	1.68	0.0
0	1390	1.67	0.0
0	1391	1.63	0.0
0	1392	1.62	0.0
0	1393	1.62	0.0
0	1394	1.62	0.0
0	1395	1.62	0.0
0	1396	1.61	0.0
0	1397	1.61	1.1
0	1398	1.59	1.14
0	1399	1.57	1.11
0	1400	1.57	0.57
0	1401	1.57	0.0
0	1402	1.57	0.0
0	1403	1.57	0.0
0	1404	1.56	0.85
0	1405	1.55	0.0
0	1406	1.55	1.16
0	1407	1.53	0.0
0	1408	1.49	0.0
0	1409	1.47	0.0
0	1410	1.46	0.0
0	1411	1.46	0.0
0	1412	1.46	0.86
0	1413	1.45	0.0
0	1414	1.45	0.09
0	1415	1.45	0.25
0	1416	1.44	0.0
0	1417	1.42	0.0
0	1418	1.42	0.0
0	1419	1.41	0.0
0	1420	1.41	0.34
0	1421	1.41	0.0
0	1422	1.4	0.0
0	1423	1.39	0.0
0	1424	1.39	0.0
0	1425	1.39	0.0
0	1426	1.38	0.0
0	1427	1.38	0.0
0	1428	1.38	0.0
0	1429	1.38	0.0
0	1430	1.32	0.0
0	1431	1.32	0.0
0	1432	1.31	1.07
0	1433	1.31	0.0
0	1434	1.29	0.0
0	1435	1.29	0.19
0	1436	1.29	0.0
0	1437	1.29	0.0
0	1438	1.27	0.0
0	1439	1.26	0.0
0	1440	1.26	0.0
0	1441	1.25	0.0
0	1442	1.23	0.0
0	1443	1.23	0.0
0	1444	1.23	0.0
0	1445	1.22	0.0
0	1446	1.21	0.0
0	1447	1.2	0.0
0	1448	1.19	0.0
0	1449	1.17	0.0
0	1450	1.15	0.0
0	1451	1.14	0.0
0	1452	1.13	0.0
0	1453	1.13	0.0
0	1454	1.13	0.0
0	1455	1.12	0.0
0	1456	1.11	0.0
0	1457	1.1	0.0
0	1458	1.1	0.0
0	1459	1.08	0.0
0	1460	1.07	0.0
0	1461	1.06	0.0
0	1462	1.05	0.0
0	1463	1.05	0.0
0	1464	1.03	0.0
0	1465	1.03	0.0
0	1466	1.02	0.0
0	1467	1.02	0.0
0	1468	1.01	0.71
0	1469	1.01	0.0
0	1470	1.0	0.0
0	1471	1.0	0.0
0	1472	0.99	0.0
0	1473	0.98	0.0
0	1474	0.95	0.0
0	1475	0.95	0.0
0	1476	0.95	0.0
0	1477	0.94	0.0
0	1478	0.94	0.0
0	1479	0.93	0.0
0	1480	0.9	0.0
0	1481	0.88	0.0
0	1482	0.87	0.0
0	1483	0.85	0.0
0	1484	0.85	0.0
0	1485	0.85	0.0
0	1486	0.85	0.0
0	1487	0.85	0.0
0	1488	0.82	0.0
0	1489	0.82	0.0
0	1490	0.8	0.0
0	1491	0.8	0.0
0	1492	0.79	0.0
0	1493	0.75	0.0
0	1494	0.75	0.0
0	1495	0.74	0.0
0	1496	0.74	0.0
0	1497	0.72	0.0
0	1498	0.72	0.0
0	1499	0.72	0.0
0	1500	0.72	0.0
0	1501	0.71	0.0
0	1502	0.71	0.0
0	1503	0.7	0.0
0	1504	0.7	0.0
0	1505	0.7	0.0
0	1506	0.69	0.0
0	1507	0.67	0.0
0	1508	0.66	0.0
0	1509	0.65	0.0
0	1510	0.64	0.0
0	1511	0.63	0.0
0	1512	0.62	0.13
0	1513	0.62	0.0
0	1514	0.61	0.0
0	1515	0.61	0.0
0	1516	0.61	0.0
0	1517	0.6	0.0
0	1518	0.59	0.0
0	1519	0.56	0.0
0	1520	0.55	0.0
0	1521	0.55	0.0
0	1522	0.55	0.0
0	1523	0.54	0.0
0	1524	0.53	0.0
0	1525	0.52	0.0
0	1526	0.51	0.0
0	1527	0.51	0.0
0	1528	0.51	0.0
0	1529	0.49	0.0
0	1530	0.47	0.0
0	1531	0.47	0.0
0	1532	0.47	0.0
0	1533	0.46	0.0
0	1534	0.45	0.0
0	1535	0.45	0.0
0	1536	0.44	0.0
0	1537	0.43	0.0
0	1538	0.4	0.0
0	1539	0.4	0.0
0	1540	0.4	0.0
0	1541	0.38	0.0
0	1542	0.36	0.0
0	1543	0.34	0.0
0	1544	0.32	0.0
0	1545	0.31	0.0
0	1546	0.3	0.0
0	1547	0.3	0.0
0	1548	0.3	0.0
0	1549	0.29	0.0
0	1550	0.28	0.0
0	1551	0.26	0.0
0	1552	0.25	0.0
0	1553	0.25	0.0
0	1554	0.24	0.0
0	1555	0.24	0.0
0	1556	0.23	0.0
0	1557	0.23	0.0
0	1558	0.23	0.0
0	1559	0.21	0.0
0	1560	0.21	0.0
0	1561	0.19	0.0
0	1562	0.18	0.0
0	1563	0.17	0.0
0	1564	0.17	0.0
0	1565	0.16	0.0
0	1566	0.14	0.0
0	1567	0.12	0.0
0	1568	0.11	0.0
0	1569	0.08	0.0
0	1570	0.07	0.0
0	1571	0.05	0.0
0	1572	0.03	0.0
0	1573	0.03	0.0
0	1574	0.02	0.0
0	1575	0.01	0.0
0	1576	0.01	0.0
0	1577	0.01	0.0
