clade	species	ts	te
0	1	100.0	82.68
0	2	99.87	99.42
0	3	86.5	78.3
0	4	84.48	79.31
0	5	83.81	79.2
0	6	82.48	67.93
0	7	82.23	67.48
0	8	81.19	80.54
0	9	78.58	73.39
0	10	77.58	58.0
0	11	76.52	58.73
0	12	74.92	67.22
0	13	74.54	73.99
0	14	74.3	33.94
0	15	73.28	61.98
0	16	72.88	56.26
0	17	72.42	72.31
0	18	70.82	69.72
0	19	70.62	54.54
0	20	69.32	60.9
0	21	68.45	66.29
0	22	68.11	64.17
0	23	67.92	66.99
0	24	67.45	65.65
0	25	67.31	62.28
0	26	66.86	65.63
0	27	66.11	65.69
0	28	65.86	61.32
0	29	65.44	65.0
0	30	65.36	64.83
0	31	65.31	61.92
0	32	65.07	62.58
0	33	64.3	59.2
0	34	64.02	59.43
0	35	63.81	49.18
0	36	63.32	26.02
0	37	63.1	60.42
0	38	61.64	59.61
0	39	61.62	56.59
0	40	61.35	33.84
0	41	60.17	51.74
0	42	59.46	30.96
0	43	59.4	53.67
0	44	59.05	55.74
0	45	57.89	52.25
0	46	57.75	39.64
0	47	57.72	40.09
0	48	57.68	51.95
0	49	57.31	56.81
0	50	55.97	20.57
0	51	55.7	50.91
0	52	55.06	37.69
0	53	54.7	7.51
0	54	54.56	49.53
0	55	53.36	25.04
0	56	53.26	52.28
0	57	53.1	44.92
0	58	51.94	47.31
0	59	51.79	27.08
0	60	51.78	50.15
0	61	51.47	40.71
0	62	51.42	47.93
0	63	50.88	48.42
0	64	50.3	38.57
0	65	49.77	42.38
0	66	49.73	42.15
0	67	49.02	25.91
0	68	48.81	46.53
0	69	48.76	44.83
0	70	48.72	46.53
0	71	48.65	20.95
0	72	48.39	30.92
0	73	47.62	37.1
0	74	47.62	19.82
0	75	47.33	40.05
0	76	47.08	47.01
0	77	47.05	45.39
0	78	46.96	46.83
0	79	46.87	38.09
0	80	46.78	41.71
0	81	46.63	44.79
0	82	46.41	40.36
0	83	46.41	46.04
0	84	46.29	42.3
0	85	46.14	42.0
0	86	45.97	38.94
0	87	45.52	42.33
0	88	45.25	31.02
0	89	45.16	33.94
0	90	45.12	36.85
0	91	45.05	35.21
0	92	44.81	44.29
0	93	44.71	36.56
0	94	44.48	38.66
0	95	44.2	43.03
0	96	44.03	32.62
0	97	43.96	32.26
0	98	43.71	40.19
0	99	43.19	37.88
0	100	42.62	42.22
0	101	42.58	23.02
0	102	42.56	32.34
0	103	42.47	22.11
0	104	41.92	0.0
0	105	41.85	40.59
0	106	41.73	38.42
0	107	41.56	38.56
0	108	41.11	31.07
0	109	41.06	40.3
0	110	40.96	34.36
0	111	40.83	38.25
0	112	40.75	32.04
0	113	40.66	31.69
0	114	40.58	28.09
0	115	40.56	25.95
0	116	40.36	30.04
0	117	40.32	38.01
0	118	39.96	37.16
0	119	39.9	23.68
0	120	39.82	32.8
0	121	39.53	37.33
0	122	39.33	36.04
0	123	39.17	32.73
0	124	39.17	29.43
0	125	39.05	33.61
0	126	38.87	33.5
0	127	38.75	31.97
0	128	38.55	35.03
0	129	38.45	35.86
0	130	38.4	26.25
0	131	38.3	14.77
0	132	38.28	31.42
0	133	38.05	37.19
0	134	37.89	37.08
0	135	37.88	35.02
0	136	37.86	35.69
0	137	37.81	20.34
0	138	37.8	14.18
0	139	37.22	36.08
0	140	37.17	12.64
0	141	37.1	29.45
0	142	37.04	35.62
0	143	36.94	34.1
0	144	36.89	29.49
0	145	36.87	31.77
0	146	36.84	34.65
0	147	36.62	31.53
0	148	36.62	32.23
0	149	36.61	14.71
0	150	36.55	36.26
0	151	36.33	34.0
0	152	36.3	0.0
0	153	36.23	33.43
0	154	36.07	32.59
0	155	36.03	35.35
0	156	35.94	23.72
0	157	35.81	32.82
0	158	35.81	30.57
0	159	35.79	28.08
0	160	35.62	17.34
0	161	35.56	28.07
0	162	35.55	28.25
0	163	35.5	16.93
0	164	35.18	32.29
0	165	35.13	10.33
0	166	35.08	13.71
0	167	34.97	17.2
0	168	34.88	21.59
0	169	34.81	34.8
0	170	34.81	31.57
0	171	34.75	9.17
0	172	34.58	12.57
0	173	34.5	28.58
0	174	34.45	0.0
0	175	34.38	32.44
0	176	34.34	32.99
0	177	34.29	31.39
0	178	34.2	24.82
0	179	33.85	31.69
0	180	33.81	29.96
0	181	33.77	30.01
0	182	33.73	25.91
0	183	33.69	10.86
0	184	33.6	22.98
0	185	33.58	30.71
0	186	33.44	22.44
0	187	33.18	29.87
0	188	33.14	30.14
0	189	32.76	25.56
0	190	32.75	28.84
0	191	32.72	0.0
0	192	32.63	31.43
0	193	32.5	0.0
0	194	32.5	31.71
0	195	32.36	25.21
0	196	32.36	0.44
0	197	32.34	30.99
0	198	32.17	27.94
0	199	32.1	0.0
0	200	32.08	28.18
0	201	32.06	23.01
0	202	31.99	25.4
0	203	31.95	22.32
0	204	31.73	7.06
0	205	31.72	19.91
0	206	31.69	30.82
0	207	31.59	10.14
0	208	31.53	29.93
0	209	31.46	15.64
0	210	31.24	18.8
0	211	31.21	23.1
0	212	31.18	14.96
0	213	31.14	20.68
0	214	31.12	24.77
0	215	30.84	29.5
0	216	30.81	28.69
0	217	30.72	28.56
0	218	30.69	25.64
0	219	30.69	29.65
0	220	30.55	18.26
0	221	30.51	26.48
0	222	30.46	28.27
0	223	30.18	25.15
0	224	30.11	15.52
0	225	30.04	29.59
0	226	29.95	7.53
0	227	29.84	16.36
0	228	29.75	16.85
0	229	29.74	23.39
0	230	29.7	24.49
0	231	29.67	16.02
0	232	29.57	25.19
0	233	29.53	7.65
0	234	29.41	5.9
0	235	29.41	28.45
0	236	29.37	24.96
0	237	29.28	0.0
0	238	29.22	13.61
0	239	29.22	27.88
0	240	29.2	27.37
0	241	28.94	24.96
0	242	28.91	25.41
0	243	28.9	20.43
0	244	28.56	0.0
0	245	28.55	24.95
0	246	28.38	24.8
0	247	28.35	20.97
0	248	28.25	27.16
0	249	28.24	18.49
0	250	28.23	25.04
0	251	28.21	9.58
0	252	28.16	19.8
0	253	28.16	25.59
0	254	28.14	26.7
0	255	28.0	15.67
0	256	27.99	26.32
0	257	27.98	19.84
0	258	27.96	18.11
0	259	27.71	23.07
0	260	27.62	25.54
0	261	27.62	24.84
0	262	27.54	15.43
0	263	27.46	25.17
0	264	27.45	23.44
0	265	27.35	24.51
0	266	27.31	18.13
0	267	27.25	9.73
0	268	27.22	25.54
0	269	27.2	22.83
0	270	27.15	23.86
0	271	27.01	10.52
0	272	26.98	25.12
0	273	26.95	8.31
0	274	26.93	10.32
0	275	26.89	17.52
0	276	26.82	1.81
0	277	26.81	0.16
0	278	26.78	25.4
0	279	26.68	0.0
0	280	26.59	13.89
0	281	26.59	18.91
0	282	26.58	20.79
0	283	26.53	15.72
0	284	26.47	25.07
0	285	26.28	25.12
0	286	26.06	21.56
0	287	26.06	15.33
0	288	26.05	13.17
0	289	25.97	12.25
0	290	25.96	19.51
0	291	25.91	17.57
0	292	25.88	23.9
0	293	25.8	22.35
0	294	25.79	25.45
0	295	25.71	25.53
0	296	25.7	22.2
0	297	25.69	16.48
0	298	25.63	18.31
0	299	25.61	13.27
0	300	25.59	15.86
0	301	25.5	23.59
0	302	25.46	13.25
0	303	25.45	11.48
0	304	25.35	22.42
0	305	25.33	23.05
0	306	25.31	19.55
0	307	25.26	5.7
0	308	25.16	15.72
0	309	25.15	11.95
0	310	25.13	12.45
0	311	25.1	22.75
0	312	25.08	11.77
0	313	25.02	23.29
0	314	24.99	21.91
0	315	24.98	7.58
0	316	24.97	24.34
0	317	24.87	11.85
0	318	24.84	14.43
0	319	24.82	19.97
0	320	24.81	0.0
0	321	24.77	14.91
0	322	24.74	23.24
0	323	24.72	23.98
0	324	24.69	24.54
0	325	24.67	16.33
0	326	24.57	12.13
0	327	24.52	20.23
0	328	24.51	20.05
0	329	24.48	19.8
0	330	24.47	11.48
0	331	24.42	19.15
0	332	24.42	24.37
0	333	24.41	19.54
0	334	24.36	0.0
0	335	24.24	23.27
0	336	24.23	21.19
0	337	24.2	5.5
0	338	24.11	19.72
0	339	24.03	11.61
0	340	23.97	21.94
0	341	23.95	22.06
0	342	23.94	22.5
0	343	23.87	22.78
0	344	23.81	19.5
0	345	23.8	15.69
0	346	23.73	8.52
0	347	23.71	18.22
0	348	23.7	20.37
0	349	23.63	21.89
0	350	23.58	21.97
0	351	23.56	18.54
0	352	23.55	19.86
0	353	23.52	21.63
0	354	23.5	0.17
0	355	23.5	22.96
0	356	23.48	17.69
0	357	23.34	22.11
0	358	23.32	14.69
0	359	23.3	18.34
0	360	23.29	22.63
0	361	23.27	20.89
0	362	23.27	3.71
0	363	23.24	15.69
0	364	23.21	0.0
0	365	23.18	19.53
0	366	23.14	2.15
0	367	23.01	4.55
0	368	22.97	19.12
0	369	22.9	22.8
0	370	22.87	9.06
0	371	22.78	18.34
0	372	22.75	17.4
0	373	22.74	0.0
0	374	22.71	3.79
0	375	22.63	5.63
0	376	22.52	15.7
0	377	22.46	20.41
0	378	22.42	18.78
0	379	22.35	15.17
0	380	22.2	0.0
0	381	22.19	15.17
0	382	22.15	14.88
0	383	22.13	5.02
0	384	22.12	0.0
0	385	22.1	11.25
0	386	22.06	20.31
0	387	22.01	7.55
0	388	21.99	16.71
0	389	21.99	17.1
0	390	21.99	16.44
0	391	21.84	19.94
0	392	21.82	19.62
0	393	21.8	16.43
0	394	21.79	20.97
0	395	21.74	3.06
0	396	21.73	10.99
0	397	21.59	19.07
0	398	21.58	21.0
0	399	21.53	14.89
0	400	21.52	12.81
0	401	21.51	14.8
0	402	21.43	19.83
0	403	21.42	17.25
0	404	21.25	16.78
0	405	21.24	16.61
0	406	21.18	17.14
0	407	21.17	9.0
0	408	21.17	4.48
0	409	21.09	17.37
0	410	21.06	5.55
0	411	21.01	4.99
0	412	20.97	9.19
0	413	20.88	3.25
0	414	20.84	19.45
0	415	20.83	20.62
0	416	20.71	17.48
0	417	20.71	12.16
0	418	20.69	16.95
0	419	20.69	17.51
0	420	20.66	0.0
0	421	20.64	4.35
0	422	20.63	1.3
0	423	20.6	17.75
0	424	20.57	11.45
0	425	20.55	18.14
0	426	20.52	20.46
0	427	20.5	11.51
0	428	20.48	11.01
0	429	20.36	15.83
0	430	20.35	0.0
0	431	20.33	7.16
0	432	20.33	16.68
0	433	20.27	7.05
0	434	20.26	13.17
0	435	20.25	3.56
0	436	20.13	0.21
0	437	20.12	15.9
0	438	20.1	13.67
0	439	20.09	19.44
0	440	20.09	17.21
0	441	20.06	5.03
0	442	20.06	0.0
0	443	20.05	16.88
0	444	20.04	4.42
0	445	20.0	16.15
0	446	19.99	16.75
0	447	19.97	14.9
0	448	19.78	0.0
0	449	19.77	17.49
0	450	19.77	13.08
0	451	19.77	5.6
0	452	19.73	18.74
0	453	19.69	9.33
0	454	19.67	16.85
0	455	19.67	13.42
0	456	19.67	14.25
0	457	19.63	12.06
0	458	19.6	17.64
0	459	19.57	19.56
0	460	19.52	12.49
0	461	19.52	17.41
0	462	19.4	0.0
0	463	19.36	12.74
0	464	19.33	18.99
0	465	19.24	18.01
0	466	19.19	13.78
0	467	19.14	0.51
0	468	19.13	0.0
0	469	19.12	16.21
0	470	19.02	0.0
0	471	19.01	0.0
0	472	19.0	15.63
0	473	18.98	15.55
0	474	18.96	18.21
0	475	18.94	17.24
0	476	18.94	12.41
0	477	18.91	15.46
0	478	18.9	11.31
0	479	18.88	17.74
0	480	18.86	17.12
0	481	18.83	15.36
0	482	18.81	13.94
0	483	18.78	6.38
0	484	18.77	14.93
0	485	18.76	7.06
0	486	18.76	14.56
0	487	18.75	10.62
0	488	18.7	4.05
0	489	18.66	4.89
0	490	18.63	3.21
0	491	18.6	16.65
0	492	18.56	0.43
0	493	18.55	17.22
0	494	18.54	15.87
0	495	18.54	10.87
0	496	18.5	0.0
0	497	18.45	0.12
0	498	18.36	0.0
0	499	18.35	18.3
0	500	18.29	1.2
0	501	18.25	17.84
0	502	18.22	13.42
0	503	18.21	8.77
0	504	18.19	15.39
0	505	18.16	11.38
0	506	18.11	16.31
0	507	18.05	6.89
0	508	18.02	7.54
0	509	17.97	15.52
0	510	17.97	0.0
0	511	17.95	0.0
0	512	17.92	4.21
0	513	17.89	11.04
0	514	17.88	0.0
0	515	17.85	16.71
0	516	17.84	15.88
0	517	17.81	15.8
0	518	17.81	15.55
0	519	17.75	1.86
0	520	17.72	15.97
0	521	17.72	0.0
0	522	17.7	0.53
0	523	17.67	13.41
0	524	17.64	15.4
0	525	17.6	9.33
0	526	17.59	15.64
0	527	17.56	8.01
0	528	17.53	10.96
0	529	17.44	14.82
0	530	17.43	16.98
0	531	17.43	0.0
0	532	17.32	10.01
0	533	17.29	9.59
0	534	17.27	14.82
0	535	17.26	13.31
0	536	17.24	0.0
0	537	17.2	8.87
0	538	17.19	16.57
0	539	17.16	15.52
0	540	17.1	0.0
0	541	17.1	1.73
0	542	17.07	9.55
0	543	17.07	14.86
0	544	17.05	0.0
0	545	17.05	10.71
0	546	17.05	14.66
0	547	17.04	0.0
0	548	16.93	16.43
0	549	16.92	1.17
0	550	16.91	6.29
0	551	16.86	12.31
0	552	16.83	8.85
0	553	16.8	8.4
0	554	16.78	12.92
0	555	16.74	9.37
0	556	16.68	6.21
0	557	16.63	12.77
0	558	16.62	11.01
0	559	16.58	10.73
0	560	16.58	8.65
0	561	16.56	0.0
0	562	16.55	0.0
0	563	16.54	15.74
0	564	16.54	14.93
0	565	16.53	4.22
0	566	16.48	7.93
0	567	16.44	1.26
0	568	16.44	7.21
0	569	16.37	15.2
0	570	16.37	0.0
0	571	16.36	4.3
0	572	16.36	0.0
0	573	16.31	1.29
0	574	16.23	13.77
0	575	16.23	0.0
0	576	16.22	16.08
0	577	16.13	5.81
0	578	16.12	14.32
0	579	16.11	0.0
0	580	16.08	10.07
0	581	16.07	12.06
0	582	16.03	13.51
0	583	15.86	4.1
0	584	15.84	0.0
0	585	15.78	0.0
0	586	15.77	8.48
0	587	15.77	9.07
0	588	15.77	15.21
0	589	15.64	0.0
0	590	15.55	3.64
0	591	15.49	0.0
0	592	15.49	4.54
0	593	15.48	5.14
0	594	15.45	0.0
0	595	15.44	14.92
0	596	15.39	10.86
0	597	15.34	0.0
0	598	15.31	5.85
0	599	15.31	10.22
0	600	15.27	5.24
0	601	15.22	0.94
0	602	15.21	12.69
0	603	15.18	1.74
0	604	15.16	8.78
0	605	15.15	0.0
0	606	15.12	14.92
0	607	15.11	0.0
0	608	15.1	2.58
0	609	15.1	11.78
0	610	15.09	3.01
0	611	15.06	5.43
0	612	15.06	4.42
0	613	15.01	3.91
0	614	15.01	0.0
0	615	14.96	7.41
0	616	14.85	13.81
0	617	14.85	8.82
0	618	14.73	12.3
0	619	14.64	4.94
0	620	14.64	2.32
0	621	14.63	0.0
0	622	14.62	0.0
0	623	14.62	6.57
0	624	14.62	0.0
0	625	14.59	5.25
0	626	14.55	7.26
0	627	14.53	5.4
0	628	14.49	4.31
0	629	14.48	12.37
0	630	14.48	10.29
0	631	14.47	0.38
0	632	14.46	10.73
0	633	14.45	9.81
0	634	14.44	5.15
0	635	14.43	8.85
0	636	14.43	11.91
0	637	14.4	7.6
0	638	14.4	0.71
0	639	14.39	11.12
0	640	14.39	0.0
0	641	14.38	11.03
0	642	14.38	10.66
0	643	14.38	0.0
0	644	14.35	5.36
0	645	14.34	9.28
0	646	14.28	12.83
0	647	14.19	10.0
0	648	14.17	13.66
0	649	14.16	0.0
0	650	14.14	13.06
0	651	14.06	3.21
0	652	14.05	13.03
0	653	14.03	0.0
0	654	13.97	10.2
0	655	13.97	5.99
0	656	13.94	3.77
0	657	13.94	2.8
0	658	13.93	11.85
0	659	13.92	10.16
0	660	13.88	0.32
0	661	13.81	5.5
0	662	13.81	0.0
0	663	13.8	6.35
0	664	13.78	11.31
0	665	13.77	0.0
0	666	13.68	9.41
0	667	13.67	6.17
0	668	13.65	2.8
0	669	13.57	0.0
0	670	13.57	13.45
0	671	13.55	12.74
0	672	13.54	7.62
0	673	13.52	9.09
0	674	13.46	0.0
0	675	13.44	0.0
0	676	13.36	9.01
0	677	13.34	9.97
0	678	13.31	0.0
0	679	13.27	0.35
0	680	13.22	5.59
0	681	13.2	12.14
0	682	13.18	12.35
0	683	13.15	0.0
0	684	13.11	12.41
0	685	13.11	0.99
0	686	13.11	0.0
0	687	13.1	4.82
0	688	13.08	0.0
0	689	13.06	3.41
0	690	13.02	4.82
0	691	12.98	7.57
0	692	12.97	0.0
0	693	12.97	11.19
0	694	12.96	0.0
0	695	12.94	11.09
0	696	12.94	0.0
0	697	12.89	5.38
0	698	12.87	1.49
0	699	12.86	8.94
0	700	12.82	8.13
0	701	12.82	0.0
0	702	12.81	0.0
0	703	12.8	11.27
0	704	12.74	1.54
0	705	12.74	10.64
0	706	12.7	9.91
0	707	12.66	3.48
0	708	12.61	9.71
0	709	12.6	8.83
0	710	12.58	11.69
0	711	12.57	10.4
0	712	12.57	0.0
0	713	12.56	11.75
0	714	12.55	0.65
0	715	12.55	12.07
0	716	12.53	8.51
0	717	12.52	0.0
0	718	12.52	0.87
0	719	12.49	0.0
0	720	12.43	2.01
0	721	12.42	11.13
0	722	12.4	0.0
0	723	12.38	9.56
0	724	12.38	0.0
0	725	12.37	0.0
0	726	12.36	7.95
0	727	12.36	0.0
0	728	12.33	10.04
0	729	12.33	12.02
0	730	12.32	10.69
0	731	12.31	10.05
0	732	12.23	9.99
0	733	12.21	0.0
0	734	12.18	10.48
0	735	12.17	0.0
0	736	12.17	6.59
0	737	12.14	11.51
0	738	12.11	2.87
0	739	12.09	0.0
0	740	12.09	0.0
0	741	12.07	7.14
0	742	12.06	11.71
0	743	12.04	0.0
0	744	12.0	6.27
0	745	11.99	6.88
0	746	11.97	9.38
0	747	11.97	7.19
0	748	11.92	0.0
0	749	11.92	1.21
0	750	11.9	7.94
0	751	11.87	2.12
0	752	11.86	7.58
0	753	11.82	10.04
0	754	11.82	1.45
0	755	11.81	6.86
0	756	11.79	0.0
0	757	11.78	0.12
0	758	11.77	0.0
0	759	11.75	3.86
0	760	11.72	0.0
0	761	11.66	8.87
0	762	11.63	7.27
0	763	11.61	9.44
0	764	11.58	10.72
0	765	11.57	0.98
0	766	11.54	2.43
0	767	11.54	0.0
0	768	11.5	8.6
0	769	11.38	10.86
0	770	11.33	10.13
0	771	11.33	6.29
0	772	11.27	6.34
0	773	11.25	1.58
0	774	11.22	0.0
0	775	11.22	10.79
0	776	11.18	0.0
0	777	11.14	8.17
0	778	11.14	0.0
0	779	11.13	5.74
0	780	11.12	0.0
0	781	11.12	0.0
0	782	11.08	10.31
0	783	11.08	0.0
0	784	11.06	9.45
0	785	11.05	3.14
0	786	11.02	0.0
0	787	11.0	9.79
0	788	10.97	3.02
0	789	10.97	6.51
0	790	10.96	1.91
0	791	10.95	4.53
0	792	10.93	0.53
0	793	10.83	0.0
0	794	10.83	5.98
0	795	10.79	10.75
0	796	10.78	1.25
0	797	10.74	4.91
0	798	10.73	0.62
0	799	10.71	1.64
0	800	10.7	3.36
0	801	10.69	5.2
0	802	10.67	0.09
0	803	10.66	0.0
0	804	10.65	3.35
0	805	10.64	0.0
0	806	10.61	0.85
0	807	10.6	9.85
0	808	10.6	8.12
0	809	10.59	0.0
0	810	10.59	3.95
0	811	10.58	9.02
0	812	10.57	3.76
0	813	10.57	6.2
0	814	10.56	9.61
0	815	10.54	1.43
0	816	10.53	7.89
0	817	10.53	7.81
0	818	10.52	0.0
0	819	10.51	5.18
0	820	10.5	0.0
0	821	10.48	8.9
0	822	10.46	9.46
0	823	10.44	6.86
0	824	10.42	4.15
0	825	10.4	5.87
0	826	10.39	9.88
0	827	10.38	9.88
0	828	10.35	6.35
0	829	10.33	7.67
0	830	10.32	6.61
0	831	10.32	4.41
0	832	10.28	6.47
0	833	10.28	7.86
0	834	10.25	9.81
0	835	10.24	0.0
0	836	10.23	0.0
0	837	10.22	0.0
0	838	10.21	7.63
0	839	10.19	0.0
0	840	10.18	0.0
0	841	10.16	6.63
0	842	10.15	2.05
0	843	10.14	1.9
0	844	10.12	7.22
0	845	10.11	0.0
0	846	10.11	2.77
0	847	10.09	0.0
0	848	10.09	9.39
0	849	10.09	7.2
0	850	10.09	5.77
0	851	10.08	0.0
0	852	10.06	0.4
0	853	10.06	4.98
0	854	10.03	8.53
0	855	10.02	0.0
0	856	10.02	7.62
0	857	10.01	0.0
0	858	10.0	0.0
0	859	10.0	0.0
0	860	9.97	0.0
0	861	9.92	8.39
0	862	9.91	8.8
0	863	9.88	8.53
0	864	9.85	3.36
0	865	9.82	8.11
0	866	9.81	7.29
0	867	9.8	0.0
0	868	9.79	0.0
0	869	9.77	0.0
0	870	9.77	7.25
0	871	9.75	3.52
0	872	9.59	0.25
0	873	9.56	7.87
0	874	9.55	9.2
0	875	9.53	0.0
0	876	9.52	8.06
0	877	9.52	0.0
0	878	9.52	4.79
0	879	9.5	0.54
0	880	9.48	8.38
0	881	9.47	4.93
0	882	9.43	1.49
0	883	9.43	2.32
0	884	9.43	0.0
0	885	9.42	0.0
0	886	9.39	0.0
0	887	9.36	4.19
0	888	9.36	0.0
0	889	9.36	0.0
0	890	9.35	0.0
0	891	9.33	7.69
0	892	9.32	6.99
0	893	9.29	8.46
0	894	9.28	8.13
0	895	9.28	2.71
0	896	9.25	4.43
0	897	9.22	0.0
0	898	9.19	8.11
0	899	9.18	0.0
0	900	9.16	3.93
0	901	9.15	0.0
0	902	9.14	0.0
0	903	9.11	4.31
0	904	9.09	0.0
0	905	9.08	0.0
0	906	9.07	0.0
0	907	9.06	0.0
0	908	9.03	2.32
0	909	9.03	8.26
0	910	9.02	6.76
0	911	9.01	6.27
0	912	8.98	3.03
0	913	8.98	2.58
0	914	8.97	7.13
0	915	8.97	0.0
0	916	8.95	2.19
0	917	8.92	7.31
0	918	8.9	5.87
0	919	8.9	0.0
0	920	8.88	3.23
0	921	8.87	0.0
0	922	8.85	3.36
0	923	8.84	8.59
0	924	8.83	0.0
0	925	8.8	6.44
0	926	8.78	0.73
0	927	8.77	1.27
0	928	8.75	0.0
0	929	8.69	7.26
0	930	8.68	4.88
0	931	8.68	5.64
0	932	8.68	5.82
0	933	8.65	0.0
0	934	8.63	7.84
0	935	8.61	2.51
0	936	8.59	3.81
0	937	8.58	5.26
0	938	8.55	5.48
0	939	8.53	0.0
0	940	8.5	0.0
0	941	8.5	0.0
0	942	8.49	0.0
0	943	8.49	0.0
0	944	8.48	0.0
0	945	8.47	0.0
0	946	8.46	0.0
0	947	8.46	0.0
0	948	8.43	1.47
0	949	8.41	0.0
0	950	8.41	0.0
0	951	8.38	7.79
0	952	8.38	0.0
0	953	8.36	8.32
0	954	8.34	7.54
0	955	8.34	5.91
0	956	8.33	0.0
0	957	8.32	0.0
0	958	8.31	3.06
0	959	8.3	1.28
0	960	8.3	8.11
0	961	8.28	0.0
0	962	8.27	0.0
0	963	8.25	0.0
0	964	8.22	5.24
0	965	8.21	0.0
0	966	8.19	5.08
0	967	8.18	0.0
0	968	8.15	7.91
0	969	8.11	7.23
0	970	8.09	1.43
0	971	8.08	1.46
0	972	8.05	5.88
0	973	8.05	6.41
0	974	8.02	0.0
0	975	7.99	5.05
0	976	7.99	2.77
0	977	7.94	0.0
0	978	7.94	0.0
0	979	7.94	0.0
0	980	7.94	1.18
0	981	7.93	7.61
0	982	7.92	7.49
0	983	7.92	0.0
0	984	7.88	0.0
0	985	7.86	0.13
0	986	7.85	0.0
0	987	7.85	0.0
0	988	7.85	4.29
0	989	7.84	3.04
0	990	7.84	4.42
0	991	7.83	6.13
0	992	7.79	5.21
0	993	7.78	0.0
0	994	7.72	0.0
0	995	7.71	0.0
0	996	7.7	2.7
0	997	7.69	1.27
0	998	7.65	2.34
0	999	7.61	3.27
0	1000	7.59	5.31
0	1001	7.58	0.0
0	1002	7.55	2.32
0	1003	7.52	1.58
0	1004	7.5	1.74
0	1005	7.47	1.35
0	1006	7.46	2.52
0	1007	7.46	2.66
0	1008	7.43	0.0
0	1009	7.43	0.35
0	1010	7.42	2.95
0	1011	7.41	7.33
0	1012	7.4	1.88
0	1013	7.39	0.0
0	1014	7.39	3.91
0	1015	7.38	0.0
0	1016	7.35	6.01
0	1017	7.35	0.0
0	1018	7.32	2.55
0	1019	7.32	4.01
0	1020	7.32	0.0
0	1021	7.31	3.91
0	1022	7.3	0.0
0	1023	7.3	0.0
0	1024	7.29	0.95
0	1025	7.29	0.0
0	1026	7.28	0.0
0	1027	7.27	1.15
0	1028	7.24	5.41
0	1029	7.19	5.88
0	1030	7.14	1.22
0	1031	7.12	3.61
0	1032	7.1	0.0
0	1033	7.04	0.0
0	1034	7.04	0.0
0	1035	7.03	0.0
0	1036	6.98	2.85
0	1037	6.97	6.52
0	1038	6.95	0.0
0	1039	6.95	5.25
0	1040	6.93	0.91
0	1041	6.93	0.0
0	1042	6.93	0.0
0	1043	6.9	3.02
0	1044	6.88	0.07
0	1045	6.87	1.99
0	1046	6.85	3.04
0	1047	6.8	0.0
0	1048	6.79	6.7
0	1049	6.78	6.62
0	1050	6.77	0.0
0	1051	6.76	4.5
0	1052	6.75	0.0
0	1053	6.74	0.0
0	1054	6.72	0.0
0	1055	6.71	6.44
0	1056	6.7	0.0
0	1057	6.69	0.0
0	1058	6.68	0.0
0	1059	6.66	4.93
0	1060	6.65	2.45
0	1061	6.64	0.0
0	1062	6.62	0.0
0	1063	6.61	0.0
0	1064	6.61	1.57
0	1065	6.57	4.39
0	1066	6.57	0.0
0	1067	6.57	2.59
0	1068	6.56	2.61
0	1069	6.54	4.29
0	1070	6.52	1.88
0	1071	6.47	0.0
0	1072	6.47	6.43
0	1073	6.46	0.0
0	1074	6.46	0.13
0	1075	6.45	0.0
0	1076	6.44	0.0
0	1077	6.44	4.97
0	1078	6.43	0.0
0	1079	6.4	0.0
0	1080	6.4	2.11
0	1081	6.35	0.0
0	1082	6.31	0.0
0	1083	6.3	0.0
0	1084	6.3	0.0
0	1085	6.29	2.82
0	1086	6.26	3.18
0	1087	6.24	1.49
0	1088	6.24	0.0
0	1089	6.23	0.0
0	1090	6.22	0.19
0	1091	6.22	2.48
0	1092	6.21	0.0
0	1093	6.19	1.78
0	1094	6.17	1.61
0	1095	6.17	3.51
0	1096	6.17	5.02
0	1097	6.13	4.48
0	1098	6.12	1.6
0	1099	6.1	0.14
0	1100	6.08	0.0
0	1101	6.08	0.0
0	1102	6.08	1.4
0	1103	6.08	0.0
0	1104	6.07	1.35
0	1105	6.06	0.0
0	1106	6.05	0.0
0	1107	6.04	0.0
0	1108	6.03	1.39
0	1109	6.02	2.04
0	1110	6.0	0.0
0	1111	6.0	2.2
0	1112	6.0	0.0
0	1113	5.99	2.5
0	1114	5.99	5.05
0	1115	5.98	0.0
0	1116	5.95	0.0
0	1117	5.94	4.01
0	1118	5.94	0.0
0	1119	5.94	0.0
0	1120	5.94	0.0
0	1121	5.91	0.0
0	1122	5.9	0.0
0	1123	5.9	5.29
0	1124	5.9	0.0
0	1125	5.9	0.0
0	1126	5.87	0.0
0	1127	5.84	4.08
0	1128	5.83	0.0
0	1129	5.83	0.0
0	1130	5.81	2.88
0	1131	5.78	0.0
0	1132	5.77	0.0
0	1133	5.76	0.0
0	1134	5.74	3.87
0	1135	5.73	0.0
0	1136	5.72	0.0
0	1137	5.71	0.0
0	1138	5.71	5.41
0	1139	5.71	0.0
0	1140	5.7	0.0
0	1141	5.68	2.14
0	1142	5.68	0.0
0	1143	5.67	3.85
0	1144	5.65	0.0
0	1145	5.64	0.0
0	1146	5.63	4.54
0	1147	5.63	0.0
0	1148	5.59	0.0
0	1149	5.59	4.31
0	1150	5.59	0.68
0	1151	5.58	0.0
0	1152	5.57	3.23
0	1153	5.57	0.0
0	1154	5.5	0.0
0	1155	5.45	0.0
0	1156	5.43	0.0
0	1157	5.43	0.0
0	1158	5.42	0.0
0	1159	5.42	4.25
0	1160	5.42	0.0
0	1161	5.37	0.0
0	1162	5.36	0.0
0	1163	5.34	0.0
0	1164	5.32	0.0
0	1165	5.32	0.0
0	1166	5.31	1.41
0	1167	5.3	3.82
0	1168	5.3	0.0
0	1169	5.29	5.18
0	1170	5.28	0.0
0	1171	5.25	0.0
0	1172	5.25	1.4
0	1173	5.24	3.14
0	1174	5.24	1.72
0	1175	5.24	4.59
0	1176	5.23	4.54
0	1177	5.22	4.55
0	1178	5.22	0.83
0	1179	5.21	1.61
0	1180	5.21	4.81
0	1181	5.18	0.0
0	1182	5.17	0.0
0	1183	5.14	1.76
0	1184	5.12	0.0
0	1185	5.12	2.21
0	1186	5.12	0.0
0	1187	5.11	1.94
0	1188	5.1	4.8
0	1189	5.1	0.0
0	1190	5.1	3.42
0	1191	5.07	0.0
0	1192	5.07	0.0
0	1193	5.07	0.0
0	1194	5.07	0.0
0	1195	5.07	0.0
0	1196	5.05	0.0
0	1197	5.03	4.52
0	1198	5.03	0.0
0	1199	5.01	0.0
0	1200	4.99	0.0
0	1201	4.99	1.86
0	1202	4.99	0.0
0	1203	4.99	0.0
0	1204	4.99	1.52
0	1205	4.99	0.96
0	1206	4.98	0.94
0	1207	4.97	0.0
0	1208	4.96	0.0
0	1209	4.95	4.78
0	1210	4.94	0.0
0	1211	4.93	0.0
0	1212	4.93	0.0
0	1213	4.92	0.0
0	1214	4.9	1.26
0	1215	4.9	0.0
0	1216	4.89	1.21
0	1217	4.88	0.0
0	1218	4.88	2.07
0	1219	4.88	0.0
0	1220	4.87	0.0
0	1221	4.8	0.0
0	1222	4.77	1.16
0	1223	4.74	0.0
0	1224	4.74	0.0
0	1225	4.73	0.0
0	1226	4.68	2.92
0	1227	4.67	1.91
0	1228	4.66	0.06
0	1229	4.65	0.0
0	1230	4.65	0.0
0	1231	4.65	3.33
0	1232	4.65	0.52
0	1233	4.64	0.0
0	1234	4.63	0.0
0	1235	4.62	3.73
0	1236	4.62	0.0
0	1237	4.62	0.0
0	1238	4.61	0.0
0	1239	4.61	3.93
0	1240	4.61	0.0
0	1241	4.59	0.0
0	1242	4.59	0.0
0	1243	4.58	0.0
0	1244	4.53	2.28
0	1245	4.52	2.78
0	1246	4.52	1.19
0	1247	4.49	0.0
0	1248	4.49	4.26
0	1249	4.48	0.0
0	1250	4.48	0.0
0	1251	4.47	3.48
0	1252	4.47	0.0
0	1253	4.47	0.0
0	1254	4.47	3.02
0	1255	4.47	0.0
0	1256	4.46	0.0
0	1257	4.46	0.0
0	1258	4.46	4.16
0	1259	4.45	0.63
0	1260	4.45	0.0
0	1261	4.41	0.0
0	1262	4.4	1.9
0	1263	4.38	0.0
0	1264	4.37	0.0
0	1265	4.37	0.0
0	1266	4.37	0.0
0	1267	4.35	1.46
0	1268	4.28	0.8
0	1269	4.28	0.0
0	1270	4.25	0.0
0	1271	4.23	0.0
0	1272	4.22	0.0
0	1273	4.21	3.96
0	1274	4.21	0.0
0	1275	4.2	2.35
0	1276	4.2	0.0
0	1277	4.2	0.34
0	1278	4.18	0.0
0	1279	4.18	0.0
0	1280	4.18	0.0
0	1281	4.18	1.7
0	1282	4.16	1.84
0	1283	4.16	1.22
0	1284	4.15	0.0
0	1285	4.12	0.0
0	1286	4.11	0.0
0	1287	4.09	0.0
0	1288	4.07	0.44
0	1289	4.07	0.0
0	1290	4.05	0.0
0	1291	4.03	3.1
0	1292	4.03	1.85
0	1293	4.02	0.0
0	1294	4.01	2.13
0	1295	4.01	0.0
0	1296	3.97	0.0
0	1297	3.97	0.56
0	1298	3.96	0.0
0	1299	3.96	0.0
0	1300	3.95	0.0
0	1301	3.94	0.0
0	1302	3.93	0.0
0	1303	3.93	3.82
0	1304	3.91	0.0
0	1305	3.89	0.0
0	1306	3.88	3.85
0	1307	3.86	0.0
0	1308	3.84	0.0
0	1309	3.81	0.01
0	1310	3.78	0.0
0	1311	3.78	1.26
0	1312	3.77	0.82
0	1313	3.76	0.0
0	1314	3.75	0.0
0	1315	3.74	0.0
0	1316	3.74	0.0
0	1317	3.73	0.0
0	1318	3.73	2.44
0	1319	3.7	0.0
0	1320	3.69	0.0
0	1321	3.67	0.0
0	1322	3.65	0.0
0	1323	3.63	0.0
0	1324	3.63	1.96
0	1325	3.61	0.0
0	1326	3.61	0.0
0	1327	3.58	0.63
0	1328	3.58	1.6
0	1329	3.56	0.0
0	1330	3.55	1.5
0	1331	3.54	0.0
0	1332	3.52	0.0
0	1333	3.52	0.0
0	1334	3.51	0.0
0	1335	3.49	0.0
0	1336	3.49	0.0
0	1337	3.48	3.0
0	1338	3.45	0.0
0	1339	3.45	0.0
0	1340	3.44	0.0
0	1341	3.42	0.87
0	1342	3.41	3.32
0	1343	3.41	0.0
0	1344	3.41	2.18
0	1345	3.4	3.23
0	1346	3.38	2.06
0	1347	3.35	1.15
0	1348	3.33	3.23
0	1349	3.33	0.0
0	1350	3.31	0.6
0	1351	3.3	0.0
0	1352	3.3	0.0
0	1353	3.29	0.0
0	1354	3.26	0.0
0	1355	3.24	0.62
0	1356	3.2	0.0
0	1357	3.17	0.0
0	1358	3.17	0.0
0	1359	3.14	0.0
0	1360	3.14	0.63
0	1361	3.13	0.0
0	1362	3.13	0.0
0	1363	3.1	0.0
0	1364	3.09	0.75
0	1365	3.09	0.0
0	1366	3.08	0.0
0	1367	3.07	0.0
0	1368	3.06	0.0
0	1369	3.05	0.0
0	1370	3.05	0.0
0	1371	3.04	0.0
0	1372	3.04	0.0
0	1373	3.03	0.0
0	1374	3.02	0.0
0	1375	3.0	0.0
0	1376	2.98	0.0
0	1377	2.98	0.0
0	1378	2.97	0.04
0	1379	2.95	0.0
0	1380	2.95	1.84
0	1381	2.94	1.36
0	1382	2.94	0.0
0	1383	2.92	0.0
0	1384	2.92	1.75
0	1385	2.91	0.93
0	1386	2.91	0.0
0	1387	2.89	0.0
0	1388	2.89	0.0
0	1389	2.88	0.0
0	1390	2.87	0.0
0	1391	2.87	0.0
0	1392	2.84	0.0
0	1393	2.83	0.0
0	1394	2.83	0.0
0	1395	2.83	0.0
0	1396	2.83	2.45
0	1397	2.83	0.0
0	1398	2.81	0.0
0	1399	2.8	0.0
0	1400	2.78	0.0
0	1401	2.75	1.46
0	1402	2.74	0.0
0	1403	2.74	1.54
0	1404	2.73	0.0
0	1405	2.73	0.0
0	1406	2.73	0.0
0	1407	2.72	0.0
0	1408	2.7	0.0
0	1409	2.68	0.0
0	1410	2.68	0.0
0	1411	2.68	0.0
0	1412	2.67	0.0
0	1413	2.67	2.45
0	1414	2.67	1.45
0	1415	2.66	0.0
0	1416	2.65	0.75
0	1417	2.65	0.0
0	1418	2.61	0.0
0	1419	2.59	0.23
0	1420	2.58	0.0
0	1421	2.58	0.0
0	1422	2.58	0.0
0	1423	2.58	0.0
0	1424	2.58	0.0
0	1425	2.57	0.0
0	1426	2.57	0.0
0	1427	2.56	0.0
0	1428	2.54	0.0
0	1429	2.52	0.0
0	1430	2.52	0.0
0	1431	2.51	0.0
0	1432	2.5	0.0
0	1433	2.5	0.0
0	1434	2.48	0.65
0	1435	2.48	0.0
0	1436	2.48	0.0
0	1437	2.47	0.0
0	1438	2.45	0.0
0	1439	2.43	0.0
0	1440	2.43	0.0
0	1441	2.42	0.11
0	1442	2.42	0.0
0	1443	2.41	0.0
0	1444	2.4	0.0
0	1445	2.39	0.0
0	1446	2.39	0.82
0	1447	2.38	0.0
0	1448	2.38	1.59
0	1449	2.36	0.0
0	1450	2.33	2.27
0	1451	2.33	0.0
0	1452	2.33	0.0
0	1453	2.33	0.0
0	1454	2.32	0.0
0	1455	2.32	0.0
0	1456	2.3	0.0
0	1457	2.3	2.06
0	1458	2.3	0.0
0	1459	2.28	0.78
0	1460	2.26	0.0
0	1461	2.25	1.98
0	1462	2.25	0.0
0	1463	2.24	0.0
0	1464	2.23	0.0
0	1465	2.23	0.0
0	1466	2.22	0.0
0	1467	2.22	0.0
0	1468	2.22	0.0
0	1469	2.19	0.0
0	1470	2.19	0.03
0	1471	2.15	0.0
0	1472	2.14	0.0
0	1473	2.14	0.0
0	1474	2.14	0.0
0	1475	2.12	0.0
0	1476	2.1	1.7
0	1477	2.09	0.0
0	1478	2.09	0.0
0	1479	2.06	0.0
0	1480	2.06	0.0
0	1481	2.06	0.0
0	1482	2.05	0.0
0	1483	2.04	0.0
0	1484	2.02	0.0
0	1485	2.01	0.0
0	1486	2.0	0.0
0	1487	1.99	0.0
0	1488	1.97	0.0
0	1489	1.97	0.0
0	1490	1.95	0.0
0	1491	1.94	0.0
0	1492	1.94	0.5
0	1493	1.92	0.0
0	1494	1.92	1.2
0	1495	1.92	0.0
0	1496	1.92	0.0
0	1497	1.92	0.0
0	1498	1.92	0.0
0	1499	1.91	0.0
0	1500	1.91	0.0
0	1501	1.9	0.0
0	1502	1.89	1.33
0	1503	1.89	0.0
0	1504	1.89	0.0
0	1505	1.88	0.0
0	1506	1.87	0.0
0	1507	1.87	0.0
0	1508	1.86	0.0
0	1509	1.86	0.0
0	1510	1.85	0.0
0	1511	1.85	0.0
0	1512	1.84	0.0
0	1513	1.84	0.0
0	1514	1.84	0.0
0	1515	1.82	0.0
0	1516	1.82	0.77
0	1517	1.82	0.0
0	1518	1.81	0.0
0	1519	1.79	0.0
0	1520	1.79	0.0
0	1521	1.79	0.0
0	1522	1.77	0.0
0	1523	1.77	0.0
0	1524	1.75	1.74
0	1525	1.75	0.0
0	1526	1.73	0.0
0	1527	1.73	0.0
0	1528	1.73	0.0
0	1529	1.72	0.0
0	1530	1.72	0.0
0	1531	1.69	0.0
0	1532	1.68	0.0
0	1533	1.68	0.0
0	1534	1.68	0.0
0	1535	1.66	0.0
0	1536	1.66	0.0
0	1537	1.66	0.0
0	1538	1.65	0.0
0	1539	1.64	0.0
0	1540	1.63	0.0
0	1541	1.63	0.0
0	1542	1.63	0.0
0	1543	1.61	0.0
0	1544	1.6	0.0
0	1545	1.6	0.0
0	1546	1.6	0.0
0	1547	1.59	0.0
0	1548	1.55	0.0
0	1549	1.54	0.0
0	1550	1.53	0.0
0	1551	1.53	0.36
0	1552	1.52	0.0
0	1553	1.5	0.0
0	1554	1.5	0.0
0	1555	1.49	1.09
0	1556	1.47	0.0
0	1557	1.46	0.0
0	1558	1.44	0.0
0	1559	1.44	0.0
0	1560	1.42	0.0
0	1561	1.4	0.0
0	1562	1.4	0.0
0	1563	1.37	0.0
0	1564	1.36	0.0
0	1565	1.35	0.0
0	1566	1.35	0.0
0	1567	1.34	0.0
0	1568	1.34	0.0
0	1569	1.32	0.0
0	1570	1.31	0.0
0	1571	1.31	0.0
0	1572	1.31	0.0
0	1573	1.28	0.0
0	1574	1.28	0.0
0	1575	1.28	0.0
0	1576	1.25	0.0
0	1577	1.24	0.0
0	1578	1.23	0.0
0	1579	1.21	0.0
0	1580	1.21	0.0
0	1581	1.2	0.0
0	1582	1.2	1.01
0	1583	1.19	0.0
0	1584	1.17	0.0
0	1585	1.16	0.0
0	1586	1.14	0.75
0	1587	1.14	0.0
0	1588	1.14	0.0
0	1589	1.13	0.0
0	1590	1.13	0.0
0	1591	1.13	0.84
0	1592	1.12	0.0
0	1593	1.12	0.0
0	1594	1.12	0.0
0	1595	1.11	0.0
0	1596	1.11	0.37
0	1597	1.11	0.0
0	1598	1.11	0.0
0	1599	1.1	0.0
0	1600	1.1	0.0
0	1601	1.09	0.0
0	1602	1.08	0.0
0	1603	1.07	0.0
0	1604	1.07	0.0
0	1605	1.05	0.0
0	1606	1.04	0.0
0	1607	1.04	0.0
0	1608	1.04	0.0
0	1609	1.03	0.0
0	1610	1.0	0.0
0	1611	1.0	0.0
0	1612	0.98	0.0
0	1613	0.97	0.0
0	1614	0.96	0.0
0	1615	0.95	0.0
0	1616	0.95	0.0
0	1617	0.92	0.0
0	1618	0.91	0.0
0	1619	0.91	0.0
0	1620	0.91	0.0
0	1621	0.88	0.0
0	1622	0.86	0.0
0	1623	0.85	0.0
0	1624	0.85	0.65
0	1625	0.85	0.0
0	1626	0.85	0.0
0	1627	0.85	0.49
0	1628	0.85	0.0
0	1629	0.84	0.0
0	1630	0.83	0.0
0	1631	0.83	0.45
0	1632	0.83	0.0
0	1633	0.83	0.0
0	1634	0.82	0.0
0	1635	0.81	0.0
0	1636	0.8	0.18
0	1637	0.8	0.0
0	1638	0.79	0.0
0	1639	0.78	0.0
0	1640	0.78	0.0
0	1641	0.74	0.55
0	1642	0.74	0.0
0	1643	0.73	0.0
0	1644	0.72	0.0
0	1645	0.72	0.0
0	1646	0.71	0.0
0	1647	0.71	0.0
0	1648	0.7	0.0
0	1649	0.7	0.0
0	1650	0.7	0.0
0	1651	0.69	0.0
0	1652	0.69	0.0
0	1653	0.69	0.0
0	1654	0.69	0.0
0	1655	0.69	0.0
0	1656	0.68	0.0
0	1657	0.68	0.0
0	1658	0.68	0.0
0	1659	0.67	0.0
0	1660	0.67	0.0
0	1661	0.67	0.0
0	1662	0.67	0.0
0	1663	0.67	0.0
0	1664	0.66	0.0
0	1665	0.64	0.0
0	1666	0.64	0.0
0	1667	0.64	0.56
0	1668	0.63	0.0
0	1669	0.62	0.0
0	1670	0.62	0.0
0	1671	0.61	0.0
0	1672	0.61	0.0
0	1673	0.59	0.0
0	1674	0.57	0.0
0	1675	0.56	0.0
0	1676	0.55	0.0
0	1677	0.55	0.0
0	1678	0.54	0.0
0	1679	0.53	0.0
0	1680	0.53	0.0
0	1681	0.52	0.0
0	1682	0.51	0.0
0	1683	0.5	0.0
0	1684	0.5	0.0
0	1685	0.5	0.0
0	1686	0.47	0.0
0	1687	0.47	0.0
0	1688	0.47	0.0
0	1689	0.46	0.11
0	1690	0.46	0.0
0	1691	0.45	0.0
0	1692	0.45	0.0
0	1693	0.44	0.0
0	1694	0.42	0.0
0	1695	0.41	0.0
0	1696	0.41	0.0
0	1697	0.4	0.0
0	1698	0.39	0.0
0	1699	0.36	0.0
0	1700	0.34	0.0
0	1701	0.34	0.0
0	1702	0.33	0.0
0	1703	0.31	0.0
0	1704	0.3	0.0
0	1705	0.29	0.0
0	1706	0.29	0.0
0	1707	0.29	0.0
0	1708	0.26	0.0
0	1709	0.26	0.0
0	1710	0.26	0.0
0	1711	0.25	0.0
0	1712	0.25	0.0
0	1713	0.25	0.0
0	1714	0.25	0.0
0	1715	0.23	0.0
0	1716	0.23	0.0
0	1717	0.22	0.0
0	1718	0.21	0.0
0	1719	0.21	0.0
0	1720	0.2	0.0
0	1721	0.2	0.0
0	1722	0.2	0.0
0	1723	0.2	0.0
0	1724	0.19	0.0
0	1725	0.18	0.0
0	1726	0.18	0.0
0	1727	0.17	0.0
0	1728	0.17	0.0
0	1729	0.14	0.0
0	1730	0.13	0.0
0	1731	0.12	0.0
0	1732	0.11	0.0
0	1733	0.11	0.0
0	1734	0.08	0.0
0	1735	0.08	0.0
0	1736	0.08	0.0
0	1737	0.06	0.0
0	1738	0.05	0.0
0	1739	0.05	0.0
0	1740	0.04	0.0
0	1741	0.03	0.0
0	1742	0.03	0.0
0	1743	0.01	0.0
