clade	species	ts	te
0	1	100.0	92.72
0	2	99.87	91.18
0	3	96.54	80.68
0	4	95.84	90.09
0	5	95.74	94.24
0	6	90.6	83.32
0	7	82.56	69.08
0	8	80.39	76.08
0	9	77.29	73.2
0	10	75.52	69.14
0	11	70.57	32.11
0	12	66.52	22.19
0	13	58.08	49.66
0	14	56.64	52.74
0	15	56.47	37.5
0	16	55.9	45.75
0	17	55.18	44.13
0	18	53.92	32.53
0	19	52.89	42.02
0	20	52.51	43.09
0	21	52.46	36.4
0	22	52.25	46.36
0	23	51.97	49.36
0	24	51.34	43.14
0	25	51.3	27.98
0	26	51.1	47.98
0	27	50.99	48.63
0	28	50.04	45.55
0	29	49.87	47.93
0	30	49.43	34.3
0	31	49.38	44.75
0	32	49.28	26.04
0	33	49.2	48.72
0	34	49.01	45.59
0	35	48.74	35.61
0	36	48.45	32.59
0	37	48.17	40.46
0	38	48.1	36.66
0	39	47.66	26.59
0	40	47.37	39.9
0	41	47.12	46.88
0	42	47.09	36.69
0	43	46.35	25.07
0	44	46.31	31.73
0	45	46.13	16.1
0	46	46.02	5.86
0	47	45.93	40.13
0	48	45.54	23.88
0	49	45.46	38.26
0	50	45.25	38.31
0	51	44.75	39.85
0	52	44.72	32.27
0	53	44.52	26.04
0	54	44.37	27.26
0	55	44.0	38.29
0	56	43.96	42.31
0	57	43.7	42.27
0	58	43.54	30.16
0	59	43.38	38.59
0	60	43.28	19.49
0	61	43.22	41.74
0	62	43.05	27.86
0	63	42.82	26.19
0	64	42.8	29.63
0	65	42.64	39.96
0	66	42.59	33.22
0	67	42.54	41.26
0	68	42.51	41.73
0	69	42.49	13.21
0	70	42.24	20.42
0	71	41.94	32.99
0	72	41.82	37.22
0	73	41.77	33.98
0	74	41.75	23.4
0	75	41.67	39.74
0	76	41.51	23.19
0	77	41.36	17.39
0	78	41.23	36.89
0	79	41.17	34.77
0	80	41.11	0.0
0	81	41.06	36.58
0	82	40.99	29.28
0	83	40.99	38.34
0	84	40.97	10.26
0	85	40.85	39.07
0	86	40.53	26.25
0	87	40.19	15.88
0	88	40.14	35.77
0	89	40.08	22.33
0	90	40.03	39.77
0	91	40.03	36.63
0	92	40.0	31.54
0	93	39.89	31.7
0	94	39.76	16.91
0	95	39.71	29.56
0	96	39.64	39.36
0	97	39.64	33.07
0	98	39.58	22.68
0	99	39.44	37.18
0	100	39.37	32.63
0	101	39.07	33.88
0	102	39.03	13.81
0	103	38.92	31.94
0	104	38.73	0.0
0	105	38.62	20.71
0	106	38.42	26.02
0	107	38.39	29.46
0	108	38.36	32.9
0	109	38.35	33.31
0	110	37.89	9.02
0	111	37.88	24.87
0	112	37.72	36.84
0	113	37.47	28.02
0	114	37.3	0.0
0	115	37.27	31.01
0	116	37.26	32.22
0	117	37.11	9.16
0	118	37.05	35.69
0	119	37.05	34.91
0	120	36.83	22.41
0	121	36.65	33.47
0	122	36.53	12.92
0	123	36.48	20.54
0	124	36.24	33.03
0	125	36.23	30.61
0	126	36.1	10.61
0	127	35.78	34.96
0	128	35.71	0.0
0	129	35.68	33.91
0	130	35.49	15.04
0	131	35.49	24.36
0	132	35.38	35.35
0	133	35.24	33.13
0	134	35.18	33.1
0	135	35.11	34.42
0	136	34.77	12.79
0	137	34.76	21.0
0	138	34.6	19.31
0	139	34.58	18.95
0	140	34.57	0.0
0	141	34.55	20.81
0	142	34.52	31.95
0	143	34.44	33.14
0	144	34.34	33.57
0	145	34.2	17.14
0	146	34.13	17.43
0	147	34.13	31.53
0	148	34.1	19.0
0	149	34.09	32.41
0	150	33.95	17.03
0	151	33.91	31.94
0	152	33.9	14.54
0	153	33.9	20.16
0	154	33.83	32.33
0	155	33.83	19.11
0	156	33.78	26.32
0	157	33.78	30.61
0	158	33.73	29.43
0	159	33.67	28.75
0	160	33.53	24.0
0	161	33.53	30.07
0	162	33.47	27.7
0	163	33.36	26.77
0	164	33.32	24.7
0	165	33.11	28.25
0	166	33.1	28.08
0	167	33.09	26.37
0	168	33.08	28.94
0	169	33.02	21.21
0	170	32.99	31.46
0	171	32.84	18.74
0	172	32.66	32.57
0	173	32.65	29.62
0	174	32.64	26.61
0	175	32.64	29.38
0	176	32.58	31.06
0	177	32.55	31.89
0	178	32.39	30.61
0	179	32.36	24.99
0	180	32.34	30.05
0	181	32.31	27.98
0	182	32.26	21.64
0	183	32.25	31.82
0	184	32.23	15.82
0	185	32.09	27.35
0	186	32.05	20.63
0	187	31.96	20.12
0	188	31.94	25.7
0	189	31.9	28.7
0	190	31.82	9.11
0	191	31.69	30.91
0	192	31.56	27.15
0	193	31.54	7.15
0	194	31.54	10.09
0	195	31.45	30.13
0	196	31.45	25.06
0	197	31.42	13.0
0	198	31.41	27.25
0	199	31.36	31.03
0	200	31.18	23.03
0	201	31.15	23.83
0	202	31.11	19.89
0	203	31.06	26.81
0	204	31.03	28.76
0	205	30.94	19.57
0	206	30.91	29.77
0	207	30.89	24.78
0	208	30.83	13.6
0	209	30.76	30.63
0	210	30.61	27.24
0	211	30.61	13.16
0	212	30.48	28.82
0	213	30.45	26.17
0	214	30.43	12.87
0	215	30.25	25.54
0	216	30.19	19.7
0	217	30.14	0.0
0	218	30.06	20.84
0	219	30.04	28.29
0	220	29.94	3.91
0	221	29.93	25.59
0	222	29.89	21.12
0	223	29.75	20.58
0	224	29.64	23.08
0	225	29.63	25.87
0	226	29.57	26.65
0	227	29.57	24.07
0	228	29.38	24.44
0	229	29.37	28.77
0	230	29.34	23.35
0	231	29.15	27.71
0	232	29.14	12.41
0	233	29.14	0.0
0	234	29.05	22.81
0	235	29.04	28.89
0	236	29.01	2.25
0	237	28.93	22.17
0	238	28.87	19.71
0	239	28.85	9.53
0	240	28.84	15.21
0	241	28.83	0.0
0	242	28.75	27.91
0	243	28.73	26.77
0	244	28.73	27.27
0	245	28.64	28.03
0	246	28.62	28.07
0	247	28.58	17.62
0	248	28.56	26.9
0	249	28.53	22.75
0	250	28.51	26.61
0	251	28.49	24.45
0	252	28.39	27.15
0	253	28.36	18.9
0	254	28.33	3.45
0	255	28.31	0.0
0	256	28.27	19.98
0	257	28.25	22.46
0	258	28.21	13.06
0	259	28.2	0.18
0	260	28.13	0.0
0	261	28.09	0.0
0	262	28.03	24.18
0	263	27.96	27.66
0	264	27.91	24.08
0	265	27.79	26.82
0	266	27.79	0.0
0	267	27.65	25.61
0	268	27.58	26.52
0	269	27.57	18.02
0	270	27.57	23.11
0	271	27.51	27.5
0	272	27.5	14.39
0	273	27.49	24.57
0	274	27.44	16.65
0	275	27.36	5.14
0	276	27.35	14.73
0	277	27.34	19.3
0	278	27.19	26.49
0	279	27.11	26.91
0	280	27.06	17.28
0	281	27.02	25.97
0	282	27.0	8.55
0	283	26.95	0.0
0	284	26.88	26.33
0	285	26.87	0.0
0	286	26.87	25.3
0	287	26.87	0.0
0	288	26.82	24.25
0	289	26.81	26.04
0	290	26.75	0.0
0	291	26.73	25.85
0	292	26.69	12.1
0	293	26.67	19.53
0	294	26.66	23.78
0	295	26.62	19.92
0	296	26.58	2.01
0	297	26.52	25.78
0	298	26.5	19.39
0	299	26.48	16.27
0	300	26.47	0.0
0	301	26.44	18.6
0	302	26.38	22.48
0	303	26.27	13.45
0	304	26.27	10.78
0	305	26.19	21.63
0	306	26.16	13.01
0	307	26.12	24.33
0	308	26.11	18.69
0	309	26.02	3.88
0	310	25.93	16.98
0	311	25.89	14.81
0	312	25.87	6.0
0	313	25.81	0.0
0	314	25.77	16.43
0	315	25.52	23.08
0	316	25.46	0.33
0	317	25.43	23.62
0	318	25.36	12.65
0	319	25.35	24.05
0	320	25.33	0.0
0	321	25.24	14.84
0	322	25.22	23.37
0	323	25.21	24.83
0	324	25.1	18.96
0	325	24.99	20.23
0	326	24.99	18.79
0	327	24.98	23.06
0	328	24.96	18.88
0	329	24.96	0.0
0	330	24.93	16.54
0	331	24.91	24.68
0	332	24.76	17.98
0	333	24.64	15.45
0	334	24.53	17.87
0	335	24.52	9.34
0	336	24.49	18.23
0	337	24.48	12.56
0	338	24.46	18.8
0	339	24.43	17.67
0	340	24.42	18.28
0	341	24.38	0.0
0	342	24.37	11.7
0	343	24.34	17.98
0	344	24.25	14.82
0	345	24.2	17.37
0	346	24.16	11.97
0	347	24.15	20.42
0	348	24.14	0.0
0	349	24.14	14.93
0	350	24.13	22.27
0	351	24.1	16.27
0	352	24.07	8.73
0	353	24.03	23.31
0	354	24.02	23.38
0	355	24.01	0.0
0	356	23.92	3.48
0	357	23.87	21.87
0	358	23.86	21.63
0	359	23.78	3.56
0	360	23.76	14.76
0	361	23.76	12.26
0	362	23.65	22.77
0	363	23.64	15.66
0	364	23.63	20.33
0	365	23.49	21.09
0	366	23.44	7.92
0	367	23.41	18.56
0	368	23.38	23.22
0	369	23.37	20.91
0	370	23.37	21.84
0	371	23.24	21.77
0	372	23.22	18.06
0	373	23.2	20.18
0	374	23.18	20.86
0	375	23.13	22.94
0	376	22.98	15.44
0	377	22.97	17.99
0	378	22.96	10.95
0	379	22.94	0.0
0	380	22.93	20.7
0	381	22.92	20.53
0	382	22.91	22.07
0	383	22.88	13.57
0	384	22.87	21.83
0	385	22.82	13.7
0	386	22.82	6.15
0	387	22.76	0.0
0	388	22.57	11.52
0	389	22.54	22.48
0	390	22.52	16.95
0	391	22.49	12.95
0	392	22.49	9.65
0	393	22.48	16.22
0	394	22.45	0.43
0	395	22.45	20.94
0	396	22.42	22.0
0	397	22.42	17.24
0	398	22.41	4.42
0	399	22.41	7.74
0	400	22.35	20.89
0	401	22.3	12.42
0	402	22.26	17.67
0	403	22.24	19.49
0	404	22.21	0.0
0	405	22.2	18.84
0	406	22.15	0.0
0	407	22.09	21.08
0	408	22.08	10.2
0	409	22.0	18.99
0	410	22.0	15.78
0	411	21.98	0.0
0	412	21.88	17.1
0	413	21.86	13.88
0	414	21.84	14.5
0	415	21.82	19.23
0	416	21.77	21.75
0	417	21.75	3.07
0	418	21.71	17.25
0	419	21.71	18.91
0	420	21.68	21.43
0	421	21.67	12.26
0	422	21.63	17.68
0	423	21.63	6.13
0	424	21.61	14.37
0	425	21.59	14.17
0	426	21.56	4.43
0	427	21.55	20.59
0	428	21.51	21.08
0	429	21.43	0.0
0	430	21.39	20.24
0	431	21.35	17.76
0	432	21.29	8.44
0	433	21.29	20.63
0	434	21.16	10.32
0	435	21.13	12.68
0	436	21.07	3.65
0	437	21.07	15.5
0	438	21.06	3.95
0	439	21.05	16.41
0	440	21.04	17.75
0	441	21.04	15.74
0	442	21.01	16.15
0	443	20.99	17.41
0	444	20.97	0.0
0	445	20.92	20.3
0	446	20.83	0.0
0	447	20.76	17.78
0	448	20.75	0.0
0	449	20.75	17.56
0	450	20.7	16.83
0	451	20.59	18.34
0	452	20.59	13.98
0	453	20.56	12.4
0	454	20.56	2.1
0	455	20.56	17.27
0	456	20.55	18.33
0	457	20.51	18.12
0	458	20.51	0.0
0	459	20.49	3.6
0	460	20.46	8.92
0	461	20.46	0.0
0	462	20.45	20.13
0	463	20.44	15.8
0	464	20.4	15.9
0	465	20.38	19.31
0	466	20.37	8.31
0	467	20.3	16.75
0	468	20.29	7.01
0	469	20.13	4.68
0	470	20.1	18.86
0	471	20.08	18.55
0	472	20.07	12.65
0	473	20.04	19.14
0	474	20.01	0.0
0	475	20.01	7.22
0	476	19.96	5.22
0	477	19.95	16.67
0	478	19.93	0.0
0	479	19.92	19.05
0	480	19.91	4.09
0	481	19.91	0.0
0	482	19.88	19.01
0	483	19.87	16.54
0	484	19.83	12.82
0	485	19.82	19.32
0	486	19.77	0.0
0	487	19.75	18.33
0	488	19.71	7.28
0	489	19.7	16.32
0	490	19.66	15.6
0	491	19.63	0.0
0	492	19.63	4.2
0	493	19.63	0.0
0	494	19.59	0.0
0	495	19.57	19.39
0	496	19.57	13.81
0	497	19.55	7.03
0	498	19.54	14.14
0	499	19.53	3.84
0	500	19.51	2.56
0	501	19.46	15.77
0	502	19.46	18.32
0	503	19.42	18.65
0	504	19.32	0.0
0	505	19.29	16.97
0	506	19.26	4.17
0	507	19.24	10.78
0	508	19.23	0.0
0	509	19.23	13.64
0	510	19.21	16.43
0	511	19.2	0.0
0	512	19.18	13.33
0	513	19.18	16.26
0	514	19.15	16.31
0	515	19.13	13.91
0	516	19.11	12.88
0	517	19.1	6.12
0	518	19.0	0.0
0	519	18.97	5.51
0	520	18.93	15.01
0	521	18.89	9.34
0	522	18.88	18.66
0	523	18.86	16.23
0	524	18.86	13.47
0	525	18.84	2.85
0	526	18.81	6.95
0	527	18.7	13.23
0	528	18.7	0.0
0	529	18.69	0.0
0	530	18.67	10.26
0	531	18.67	13.69
0	532	18.64	8.55
0	533	18.63	8.15
0	534	18.61	0.0
0	535	18.58	0.0
0	536	18.55	15.73
0	537	18.55	15.13
0	538	18.5	15.99
0	539	18.49	9.35
0	540	18.47	12.4
0	541	18.47	10.64
0	542	18.42	17.58
0	543	18.41	14.08
0	544	18.41	0.38
0	545	18.39	8.68
0	546	18.35	16.61
0	547	18.33	0.0
0	548	18.31	12.64
0	549	18.29	2.95
0	550	18.27	11.18
0	551	18.13	0.0
0	552	18.07	17.27
0	553	18.03	0.0
0	554	18.0	11.96
0	555	17.98	0.3
0	556	17.95	9.84
0	557	17.92	17.38
0	558	17.9	0.0
0	559	17.89	12.44
0	560	17.87	1.71
0	561	17.85	0.0
0	562	17.82	17.5
0	563	17.8	14.94
0	564	17.78	16.58
0	565	17.78	0.0
0	566	17.77	0.27
0	567	17.76	5.41
0	568	17.72	6.11
0	569	17.71	16.55
0	570	17.67	13.82
0	571	17.66	0.0
0	572	17.6	1.07
0	573	17.58	10.41
0	574	17.54	0.0
0	575	17.54	3.65
0	576	17.5	0.0
0	577	17.47	17.2
0	578	17.45	9.31
0	579	17.44	15.84
0	580	17.4	2.64
0	581	17.38	5.45
0	582	17.34	3.36
0	583	17.3	9.42
0	584	17.26	0.0
0	585	17.22	9.75
0	586	17.2	13.91
0	587	17.2	15.47
0	588	17.18	16.54
0	589	17.15	0.0
0	590	17.14	12.69
0	591	17.06	16.22
0	592	17.03	14.21
0	593	17.02	2.72
0	594	17.01	0.0
0	595	17.0	0.0
0	596	16.99	14.39
0	597	16.97	8.82
0	598	16.94	16.1
0	599	16.92	14.84
0	600	16.88	0.0
0	601	16.82	4.17
0	602	16.77	9.86
0	603	16.77	13.92
0	604	16.74	0.0
0	605	16.68	0.0
0	606	16.65	7.7
0	607	16.57	0.0
0	608	16.55	0.0
0	609	16.55	13.32
0	610	16.53	15.36
0	611	16.53	0.0
0	612	16.5	10.39
0	613	16.45	5.07
0	614	16.45	0.81
0	615	16.45	0.0
0	616	16.42	12.11
0	617	16.42	13.55
0	618	16.41	14.8
0	619	16.4	9.69
0	620	16.31	4.97
0	621	16.3	3.92
0	622	16.27	15.54
0	623	16.25	7.65
0	624	16.22	4.89
0	625	16.18	0.0
0	626	16.18	13.05
0	627	16.17	11.72
0	628	16.16	9.97
0	629	16.08	0.0
0	630	16.05	8.98
0	631	16.04	9.24
0	632	16.03	15.32
0	633	16.0	9.85
0	634	15.94	6.61
0	635	15.92	9.25
0	636	15.91	5.21
0	637	15.9	0.0
0	638	15.85	0.0
0	639	15.8	10.28
0	640	15.75	15.23
0	641	15.73	15.49
0	642	15.7	4.84
0	643	15.67	3.4
0	644	15.67	12.12
0	645	15.65	0.0
0	646	15.62	14.16
0	647	15.61	15.13
0	648	15.54	0.0
0	649	15.53	9.17
0	650	15.51	14.12
0	651	15.5	0.0
0	652	15.49	12.93
0	653	15.48	14.55
0	654	15.48	6.89
0	655	15.47	10.33
0	656	15.43	1.54
0	657	15.42	10.22
0	658	15.42	0.0
0	659	15.41	0.0
0	660	15.41	7.63
0	661	15.38	2.29
0	662	15.38	6.35
0	663	15.36	12.54
0	664	15.34	1.62
0	665	15.29	3.52
0	666	15.27	13.24
0	667	15.25	14.02
0	668	15.21	13.29
0	669	15.2	3.17
0	670	15.1	9.92
0	671	15.08	6.11
0	672	15.07	5.55
0	673	15.01	14.84
0	674	15.01	7.96
0	675	14.99	14.74
0	676	14.97	11.13
0	677	14.94	0.0
0	678	14.9	12.77
0	679	14.89	2.69
0	680	14.88	8.43
0	681	14.87	0.0
0	682	14.85	9.11
0	683	14.84	0.0
0	684	14.82	8.66
0	685	14.81	5.87
0	686	14.77	12.4
0	687	14.76	0.0
0	688	14.75	11.54
0	689	14.71	3.13
0	690	14.7	5.52
0	691	14.68	9.59
0	692	14.68	13.7
0	693	14.68	9.91
0	694	14.66	14.17
0	695	14.6	5.18
0	696	14.58	11.09
0	697	14.56	0.0
0	698	14.38	13.03
0	699	14.38	14.14
0	700	14.34	14.12
0	701	14.32	11.95
0	702	14.24	0.07
0	703	14.24	10.57
0	704	14.23	0.0
0	705	14.22	3.63
0	706	14.21	11.2
0	707	14.19	13.88
0	708	14.19	10.59
0	709	14.15	0.0
0	710	14.14	0.0
0	711	14.13	6.38
0	712	14.13	13.79
0	713	14.1	2.87
0	714	14.08	0.0
0	715	14.03	2.79
0	716	13.99	8.71
0	717	13.96	10.16
0	718	13.94	13.8
0	719	13.93	8.46
0	720	13.9	0.0
0	721	13.8	11.06
0	722	13.79	13.32
0	723	13.77	6.91
0	724	13.73	2.4
0	725	13.69	4.58
0	726	13.66	1.04
0	727	13.65	10.17
0	728	13.63	10.63
0	729	13.61	0.0
0	730	13.57	11.52
0	731	13.53	0.0
0	732	13.52	0.0
0	733	13.5	10.31
0	734	13.49	7.71
0	735	13.47	5.25
0	736	13.45	0.0
0	737	13.42	6.77
0	738	13.35	13.27
0	739	13.35	0.0
0	740	13.31	0.0
0	741	13.26	9.19
0	742	13.26	11.53
0	743	13.25	8.17
0	744	13.23	0.0
0	745	13.22	4.63
0	746	13.22	10.88
0	747	13.21	10.21
0	748	13.2	0.0
0	749	13.16	7.18
0	750	13.16	12.89
0	751	13.14	8.99
0	752	13.13	0.0
0	753	13.13	0.0
0	754	13.13	9.24
0	755	13.13	5.3
0	756	13.11	6.14
0	757	13.08	0.0
0	758	13.04	0.0
0	759	13.03	10.72
0	760	13.0	1.97
0	761	13.0	6.79
0	762	12.97	0.0
0	763	12.93	4.33
0	764	12.87	0.0
0	765	12.79	6.95
0	766	12.72	5.72
0	767	12.71	4.03
0	768	12.7	12.42
0	769	12.7	0.0
0	770	12.66	1.37
0	771	12.61	0.0
0	772	12.59	0.0
0	773	12.53	2.17
0	774	12.51	3.1
0	775	12.51	0.0
0	776	12.51	10.18
0	777	12.49	12.05
0	778	12.49	9.22
0	779	12.49	3.11
0	780	12.47	7.27
0	781	12.44	3.66
0	782	12.41	0.0
0	783	12.4	0.0
0	784	12.38	0.0
0	785	12.36	8.99
0	786	12.35	2.75
0	787	12.33	0.0
0	788	12.33	9.66
0	789	12.31	6.62
0	790	12.3	7.58
0	791	12.29	8.98
0	792	12.29	0.0
0	793	12.26	0.0
0	794	12.25	5.54
0	795	12.25	11.24
0	796	12.24	2.75
0	797	12.22	2.63
0	798	12.2	0.0
0	799	12.18	0.23
0	800	12.12	5.4
0	801	12.11	10.65
0	802	12.11	1.93
0	803	12.05	7.27
0	804	12.04	0.0
0	805	12.03	0.0
0	806	12.0	11.27
0	807	11.94	11.09
0	808	11.94	8.19
0	809	11.93	7.33
0	810	11.91	6.22
0	811	11.9	0.0
0	812	11.89	3.57
0	813	11.87	6.18
0	814	11.85	9.87
0	815	11.84	10.68
0	816	11.84	8.05
0	817	11.83	10.63
0	818	11.82	0.0
0	819	11.82	0.0
0	820	11.82	4.44
0	821	11.81	6.52
0	822	11.81	10.49
0	823	11.79	8.61
0	824	11.78	0.0
0	825	11.78	11.58
0	826	11.75	0.0
0	827	11.75	0.0
0	828	11.74	4.07
0	829	11.72	2.42
0	830	11.72	1.44
0	831	11.71	7.52
0	832	11.7	0.0
0	833	11.69	9.46
0	834	11.69	0.01
0	835	11.67	6.76
0	836	11.67	4.58
0	837	11.64	4.55
0	838	11.62	9.03
0	839	11.61	6.24
0	840	11.61	0.0
0	841	11.59	7.51
0	842	11.59	0.0
0	843	11.57	3.67
0	844	11.56	7.24
0	845	11.54	7.97
0	846	11.53	0.0
0	847	11.52	1.26
0	848	11.51	0.0
0	849	11.5	4.26
0	850	11.5	5.65
0	851	11.49	4.29
0	852	11.49	11.46
0	853	11.46	5.85
0	854	11.46	0.0
0	855	11.46	8.18
0	856	11.44	5.69
0	857	11.43	4.13
0	858	11.42	7.07
0	859	11.39	10.21
0	860	11.39	0.0
0	861	11.38	10.25
0	862	11.36	0.66
0	863	11.34	4.0
0	864	11.33	6.64
0	865	11.31	7.48
0	866	11.25	10.41
0	867	11.25	9.68
0	868	11.24	8.8
0	869	11.24	0.38
0	870	11.23	0.0
0	871	11.23	0.0
0	872	11.23	0.0
0	873	11.22	8.87
0	874	11.21	0.0
0	875	11.2	0.0
0	876	11.19	2.63
0	877	11.18	0.0
0	878	11.17	0.0
0	879	11.15	7.76
0	880	11.14	8.87
0	881	11.11	0.0
0	882	11.1	3.23
0	883	11.09	7.0
0	884	11.08	2.2
0	885	11.08	0.0
0	886	11.08	10.3
0	887	11.07	3.92
0	888	11.06	0.0
0	889	11.04	0.0
0	890	11.04	9.43
0	891	11.03	4.29
0	892	10.98	5.82
0	893	10.95	0.0
0	894	10.94	5.41
0	895	10.92	0.0
0	896	10.92	7.61
0	897	10.91	0.0
0	898	10.9	4.59
0	899	10.9	7.85
0	900	10.9	0.0
0	901	10.86	1.66
0	902	10.85	7.35
0	903	10.81	0.0
0	904	10.79	10.44
0	905	10.76	0.0
0	906	10.73	8.31
0	907	10.65	9.88
0	908	10.65	2.41
0	909	10.65	1.97
0	910	10.62	0.0
0	911	10.61	8.14
0	912	10.6	7.45
0	913	10.59	8.33
0	914	10.57	3.82
0	915	10.57	0.0
0	916	10.56	9.79
0	917	10.54	0.33
0	918	10.54	6.32
0	919	10.53	0.0
0	920	10.53	1.54
0	921	10.53	0.0
0	922	10.5	0.0
0	923	10.49	0.0
0	924	10.48	4.38
0	925	10.47	7.1
0	926	10.47	0.0
0	927	10.46	0.0
0	928	10.41	0.0
0	929	10.39	0.0
0	930	10.36	0.0
0	931	10.35	3.7
0	932	10.31	0.0
0	933	10.29	9.53
0	934	10.27	8.57
0	935	10.25	6.97
0	936	10.21	0.0
0	937	10.21	0.0
0	938	10.17	0.0
0	939	10.16	5.05
0	940	10.16	0.87
0	941	10.14	0.0
0	942	10.14	0.0
0	943	10.13	6.84
0	944	10.11	8.15
0	945	10.1	0.34
0	946	10.09	9.56
0	947	10.08	0.0
0	948	10.08	9.73
0	949	10.08	6.69
0	950	10.07	4.29
0	951	10.03	7.93
0	952	10.01	5.9
0	953	10.0	8.53
0	954	10.0	0.0
0	955	9.98	0.0
0	956	9.97	6.17
0	957	9.92	5.61
0	958	9.91	4.36
0	959	9.91	0.0
0	960	9.89	2.87
0	961	9.88	0.0
0	962	9.82	3.89
0	963	9.82	0.0
0	964	9.81	4.07
0	965	9.8	0.0
0	966	9.8	0.0
0	967	9.8	9.23
0	968	9.78	7.35
0	969	9.78	9.18
0	970	9.72	0.0
0	971	9.7	7.79
0	972	9.69	5.48
0	973	9.68	5.83
0	974	9.65	0.0
0	975	9.64	5.21
0	976	9.62	0.0
0	977	9.62	6.75
0	978	9.6	0.0
0	979	9.59	6.69
0	980	9.58	0.0
0	981	9.55	9.35
0	982	9.55	0.0
0	983	9.54	9.53
0	984	9.53	0.0
0	985	9.53	9.37
0	986	9.5	1.58
0	987	9.5	0.0
0	988	9.49	6.14
0	989	9.47	5.07
0	990	9.44	4.59
0	991	9.4	7.38
0	992	9.4	0.0
0	993	9.4	4.55
0	994	9.4	9.18
0	995	9.38	0.0
0	996	9.37	0.0
0	997	9.37	8.78
0	998	9.37	8.92
0	999	9.35	6.15
0	1000	9.34	0.0
0	1001	9.33	0.0
0	1002	9.32	0.0
0	1003	9.32	3.15
0	1004	9.32	7.75
0	1005	9.29	2.45
0	1006	9.28	6.85
0	1007	9.27	1.75
0	1008	9.26	5.32
0	1009	9.25	0.0
0	1010	9.21	7.68
0	1011	9.2	1.55
0	1012	9.2	0.0
0	1013	9.19	0.0
0	1014	9.19	0.0
0	1015	9.17	6.83
0	1016	9.17	2.42
0	1017	9.16	0.0
0	1018	9.15	0.0
0	1019	9.14	0.0
0	1020	9.14	8.99
0	1021	9.14	0.0
0	1022	9.14	0.0
0	1023	9.13	0.0
0	1024	9.12	6.78
0	1025	9.08	0.0
0	1026	9.07	0.0
0	1027	9.04	0.0
0	1028	9.03	6.18
0	1029	9.02	5.9
0	1030	9.01	7.66
0	1031	8.99	5.97
0	1032	8.98	5.94
0	1033	8.97	0.0
0	1034	8.97	8.83
0	1035	8.96	4.69
0	1036	8.94	0.0
0	1037	8.94	0.0
0	1038	8.94	4.39
0	1039	8.93	1.22
0	1040	8.92	4.7
0	1041	8.92	5.34
0	1042	8.91	3.41
0	1043	8.9	0.0
0	1044	8.88	0.0
0	1045	8.86	7.54
0	1046	8.85	0.0
0	1047	8.82	0.0
0	1048	8.82	0.0
0	1049	8.81	4.32
0	1050	8.77	0.0
0	1051	8.76	0.0
0	1052	8.76	1.0
0	1053	8.76	2.03
0	1054	8.74	0.0
0	1055	8.74	0.0
0	1056	8.73	0.0
0	1057	8.72	0.0
0	1058	8.72	3.12
0	1059	8.72	7.73
0	1060	8.71	0.0
0	1061	8.67	6.75
0	1062	8.66	2.69
0	1063	8.62	5.79
0	1064	8.6	0.0
0	1065	8.58	1.61
0	1066	8.52	5.44
0	1067	8.52	0.0
0	1068	8.51	0.0
0	1069	8.5	0.0
0	1070	8.49	6.06
0	1071	8.49	8.17
0	1072	8.49	0.0
0	1073	8.47	3.92
0	1074	8.46	2.76
0	1075	8.45	0.0
0	1076	8.41	7.54
0	1077	8.4	0.0
0	1078	8.34	0.52
0	1079	8.32	0.0
0	1080	8.31	5.42
0	1081	8.31	4.72
0	1082	8.3	0.0
0	1083	8.29	0.0
0	1084	8.29	0.59
0	1085	8.28	0.0
0	1086	8.28	0.0
0	1087	8.27	0.0
0	1088	8.26	5.28
0	1089	8.24	4.23
0	1090	8.2	7.8
0	1091	8.17	0.0
0	1092	8.15	6.43
0	1093	8.11	0.0
0	1094	8.11	2.82
0	1095	8.11	5.58
0	1096	8.06	0.0
0	1097	8.04	0.0
0	1098	8.04	0.0
0	1099	8.03	0.0
0	1100	8.03	0.0
0	1101	8.03	1.54
0	1102	8.0	1.25
0	1103	7.99	7.49
0	1104	7.98	6.92
0	1105	7.95	0.0
0	1106	7.92	3.69
0	1107	7.91	0.0
0	1108	7.91	0.0
0	1109	7.9	6.52
0	1110	7.86	0.0
0	1111	7.86	3.34
0	1112	7.85	0.0
0	1113	7.84	0.0
0	1114	7.83	0.0
0	1115	7.83	0.0
0	1116	7.83	0.0
0	1117	7.79	5.86
0	1118	7.75	0.0
0	1119	7.75	0.0
0	1120	7.72	0.58
0	1121	7.7	0.0
0	1122	7.69	0.0
0	1123	7.69	1.96
0	1124	7.67	0.0
0	1125	7.64	4.36
0	1126	7.62	0.0
0	1127	7.59	5.33
0	1128	7.58	0.0
0	1129	7.56	4.34
0	1130	7.56	0.0
0	1131	7.55	4.36
0	1132	7.53	0.0
0	1133	7.53	3.6
0	1134	7.51	0.0
0	1135	7.49	2.51
0	1136	7.46	0.0
0	1137	7.45	0.0
0	1138	7.41	5.25
0	1139	7.39	0.0
0	1140	7.39	3.04
0	1141	7.35	0.0
0	1142	7.35	6.9
0	1143	7.33	0.09
0	1144	7.3	0.0
0	1145	7.29	0.0
0	1146	7.27	0.0
0	1147	7.27	0.0
0	1148	7.25	4.79
0	1149	7.25	0.0
0	1150	7.24	7.06
0	1151	7.24	0.0
0	1152	7.22	5.16
0	1153	7.19	6.62
0	1154	7.18	0.0
0	1155	7.16	3.91
0	1156	7.14	0.0
0	1157	7.13	4.02
0	1158	7.13	0.0
0	1159	7.12	5.31
0	1160	7.12	0.0
0	1161	7.11	1.33
0	1162	7.1	0.0
0	1163	7.09	0.0
0	1164	7.07	3.88
0	1165	7.02	6.8
0	1166	7.01	0.0
0	1167	7.0	0.0
0	1168	6.98	0.0
0	1169	6.97	2.25
0	1170	6.94	0.0
0	1171	6.93	0.0
0	1172	6.93	5.18
0	1173	6.93	0.0
0	1174	6.92	0.0
0	1175	6.92	0.0
0	1176	6.91	0.0
0	1177	6.9	6.0
0	1178	6.88	0.0
0	1179	6.88	3.93
0	1180	6.87	0.0
0	1181	6.86	0.0
0	1182	6.86	2.85
0	1183	6.85	0.0
0	1184	6.82	0.0
0	1185	6.81	0.0
0	1186	6.79	4.19
0	1187	6.79	0.0
0	1188	6.79	4.07
0	1189	6.79	4.57
0	1190	6.78	0.0
0	1191	6.78	0.0
0	1192	6.78	5.37
0	1193	6.77	0.0
0	1194	6.77	3.11
0	1195	6.77	5.52
0	1196	6.77	2.86
0	1197	6.74	0.0
0	1198	6.74	1.52
0	1199	6.65	0.0
0	1200	6.64	0.0
0	1201	6.62	3.82
0	1202	6.61	0.0
0	1203	6.6	0.0
0	1204	6.59	0.0
0	1205	6.59	4.16
0	1206	6.58	5.39
0	1207	6.55	6.29
0	1208	6.54	0.77
0	1209	6.52	1.65
0	1210	6.51	3.37
0	1211	6.51	0.0
0	1212	6.48	4.41
0	1213	6.48	6.04
0	1214	6.48	0.0
0	1215	6.48	0.19
0	1216	6.46	0.0
0	1217	6.46	4.86
0	1218	6.45	2.69
0	1219	6.45	4.16
0	1220	6.44	0.16
0	1221	6.42	0.0
0	1222	6.42	0.0
0	1223	6.42	0.0
0	1224	6.4	5.77
0	1225	6.4	0.0
0	1226	6.38	5.86
0	1227	6.38	2.99
0	1228	6.37	0.0
0	1229	6.37	0.0
0	1230	6.34	0.0
0	1231	6.33	3.12
0	1232	6.33	0.0
0	1233	6.32	0.0
0	1234	6.32	0.0
0	1235	6.3	0.0
0	1236	6.29	0.0
0	1237	6.29	0.0
0	1238	6.26	2.93
0	1239	6.25	4.19
0	1240	6.25	0.0
0	1241	6.24	0.0
0	1242	6.22	0.0
0	1243	6.22	2.68
0	1244	6.22	0.0
0	1245	6.22	0.0
0	1246	6.22	3.62
0	1247	6.2	0.58
0	1248	6.2	0.0
0	1249	6.19	0.0
0	1250	6.16	0.0
0	1251	6.16	0.0
0	1252	6.14	5.78
0	1253	6.14	0.0
0	1254	6.13	6.07
0	1255	6.1	0.0
0	1256	6.1	0.09
0	1257	6.09	2.76
0	1258	6.08	0.0
0	1259	6.05	0.0
0	1260	6.04	4.45
0	1261	6.04	3.69
0	1262	6.03	0.83
0	1263	6.02	0.0
0	1264	6.01	0.0
0	1265	5.99	2.59
0	1266	5.99	5.89
0	1267	5.99	2.09
0	1268	5.98	0.0
0	1269	5.98	4.89
0	1270	5.97	0.0
0	1271	5.96	0.0
0	1272	5.95	0.0
0	1273	5.92	0.0
0	1274	5.9	0.0
0	1275	5.88	0.0
0	1276	5.88	4.57
0	1277	5.88	0.0
0	1278	5.87	0.0
0	1279	5.87	1.88
0	1280	5.86	0.0
0	1281	5.84	0.0
0	1282	5.83	4.43
0	1283	5.79	0.0
0	1284	5.78	0.0
0	1285	5.77	1.88
0	1286	5.75	0.83
0	1287	5.74	5.03
0	1288	5.74	0.19
0	1289	5.71	0.0
0	1290	5.68	0.0
0	1291	5.68	0.0
0	1292	5.66	2.76
0	1293	5.65	0.0
0	1294	5.65	0.0
0	1295	5.63	0.0
0	1296	5.6	4.35
0	1297	5.6	0.0
0	1298	5.59	0.0
0	1299	5.59	0.0
0	1300	5.58	4.91
0	1301	5.58	4.05
0	1302	5.55	0.0
0	1303	5.55	0.0
0	1304	5.54	0.45
0	1305	5.54	1.34
0	1306	5.54	0.0
0	1307	5.53	0.0
0	1308	5.53	2.4
0	1309	5.52	0.0
0	1310	5.52	0.0
0	1311	5.52	0.0
0	1312	5.51	0.0
0	1313	5.47	2.68
0	1314	5.47	0.0
0	1315	5.46	1.04
0	1316	5.46	2.83
0	1317	5.43	1.93
0	1318	5.43	5.17
0	1319	5.42	4.33
0	1320	5.41	1.53
0	1321	5.39	5.2
0	1322	5.39	0.88
0	1323	5.38	5.27
0	1324	5.37	2.95
0	1325	5.37	1.22
0	1326	5.37	3.9
0	1327	5.37	0.0
0	1328	5.34	0.0
0	1329	5.33	0.0
0	1330	5.33	0.0
0	1331	5.33	0.05
0	1332	5.32	4.22
0	1333	5.32	0.0
0	1334	5.29	0.0
0	1335	5.28	0.5
0	1336	5.28	0.0
0	1337	5.27	0.0
0	1338	5.26	0.0
0	1339	5.24	0.0
0	1340	5.21	3.83
0	1341	5.21	4.29
0	1342	5.2	0.0
0	1343	5.2	2.03
0	1344	5.19	0.0
0	1345	5.18	0.0
0	1346	5.16	0.0
0	1347	5.14	4.58
0	1348	5.07	0.0
0	1349	5.04	0.0
0	1350	5.01	0.0
0	1351	5.0	0.0
0	1352	4.98	1.42
0	1353	4.97	0.0
0	1354	4.96	0.0
0	1355	4.95	3.78
0	1356	4.94	0.0
0	1357	4.92	0.0
0	1358	4.9	0.0
0	1359	4.9	0.0
0	1360	4.89	0.0
0	1361	4.88	0.19
0	1362	4.87	0.0
0	1363	4.86	0.0
0	1364	4.85	1.38
0	1365	4.83	0.0
0	1366	4.83	0.0
0	1367	4.83	0.0
0	1368	4.81	0.0
0	1369	4.81	3.63
0	1370	4.81	0.0
0	1371	4.79	0.0
0	1372	4.76	0.0
0	1373	4.76	0.0
0	1374	4.76	2.58
0	1375	4.71	0.0
0	1376	4.7	0.0
0	1377	4.7	0.0
0	1378	4.7	1.33
0	1379	4.7	0.0
0	1380	4.69	0.0
0	1381	4.68	0.0
0	1382	4.67	0.0
0	1383	4.64	0.0
0	1384	4.61	0.0
0	1385	4.61	1.87
0	1386	4.6	0.0
0	1387	4.6	0.0
0	1388	4.57	0.0
0	1389	4.5	2.92
0	1390	4.48	0.95
0	1391	4.47	3.07
0	1392	4.47	0.0
0	1393	4.45	0.0
0	1394	4.45	0.0
0	1395	4.45	1.4
0	1396	4.44	0.37
0	1397	4.43	0.0
0	1398	4.43	0.0
0	1399	4.43	0.0
0	1400	4.42	1.12
0	1401	4.4	0.0
0	1402	4.38	0.0
0	1403	4.38	4.25
0	1404	4.37	0.0
0	1405	4.37	0.0
0	1406	4.36	0.0
0	1407	4.36	1.38
0	1408	4.35	1.9
0	1409	4.34	4.06
0	1410	4.32	3.86
0	1411	4.31	0.0
0	1412	4.3	0.0
0	1413	4.29	0.0
0	1414	4.28	2.77
0	1415	4.27	3.05
0	1416	4.25	3.07
0	1417	4.24	0.0
0	1418	4.17	0.0
0	1419	4.17	0.0
0	1420	4.15	0.0
0	1421	4.15	3.91
0	1422	4.15	0.0
0	1423	4.14	0.69
0	1424	4.14	0.0
0	1425	4.14	0.0
0	1426	4.14	0.1
0	1427	4.12	0.0
0	1428	4.12	0.0
0	1429	4.1	0.0
0	1430	4.09	0.76
0	1431	4.07	0.0
0	1432	4.05	0.0
0	1433	4.04	0.82
0	1434	4.04	3.94
0	1435	4.03	0.0
0	1436	4.0	0.0
0	1437	3.98	3.67
0	1438	3.97	2.05
0	1439	3.97	1.32
0	1440	3.97	0.0
0	1441	3.94	0.0
0	1442	3.93	2.23
0	1443	3.92	0.0
0	1444	3.91	0.0
0	1445	3.91	0.0
0	1446	3.88	0.0
0	1447	3.88	0.0
0	1448	3.87	0.0
0	1449	3.86	0.0
0	1450	3.86	0.0
0	1451	3.86	0.0
0	1452	3.86	0.4
0	1453	3.86	0.51
0	1454	3.85	0.0
0	1455	3.85	2.9
0	1456	3.84	0.37
0	1457	3.83	0.0
0	1458	3.83	1.04
0	1459	3.81	0.0
0	1460	3.78	0.0
0	1461	3.77	0.0
0	1462	3.77	0.0
0	1463	3.77	0.0
0	1464	3.76	2.8
0	1465	3.75	0.37
0	1466	3.74	0.0
0	1467	3.74	0.0
0	1468	3.72	0.0
0	1469	3.71	0.0
0	1470	3.7	1.73
0	1471	3.69	0.0
0	1472	3.69	0.0
0	1473	3.68	0.0
0	1474	3.68	0.0
0	1475	3.67	0.0
0	1476	3.66	0.0
0	1477	3.65	2.87
0	1478	3.64	1.1
0	1479	3.64	0.0
0	1480	3.62	2.02
0	1481	3.61	0.0
0	1482	3.61	0.0
0	1483	3.59	3.46
0	1484	3.57	2.2
0	1485	3.55	0.0
0	1486	3.53	0.0
0	1487	3.52	0.0
0	1488	3.48	0.71
0	1489	3.47	0.54
0	1490	3.47	0.0
0	1491	3.45	0.0
0	1492	3.45	0.0
0	1493	3.44	3.01
0	1494	3.44	0.0
0	1495	3.43	0.0
0	1496	3.43	0.0
0	1497	3.41	0.0
0	1498	3.4	0.0
0	1499	3.38	0.0
0	1500	3.37	0.0
0	1501	3.37	0.0
0	1502	3.37	0.0
0	1503	3.37	0.84
0	1504	3.37	0.0
0	1505	3.36	0.0
0	1506	3.36	0.0
0	1507	3.33	0.0
0	1508	3.32	0.0
0	1509	3.32	0.0
0	1510	3.29	0.0
0	1511	3.28	2.09
0	1512	3.28	0.0
0	1513	3.25	0.0
0	1514	3.24	1.57
0	1515	3.23	0.0
0	1516	3.21	0.0
0	1517	3.21	0.0
0	1518	3.2	0.0
0	1519	3.15	0.0
0	1520	3.14	0.0
0	1521	3.12	0.0
0	1522	3.11	2.35
0	1523	3.11	0.0
0	1524	3.11	2.35
0	1525	3.09	0.0
0	1526	3.08	0.0
0	1527	3.06	0.45
0	1528	3.06	0.0
0	1529	3.04	0.0
0	1530	3.0	0.0
0	1531	3.0	0.0
0	1532	2.99	0.0
0	1533	2.98	2.6
0	1534	2.98	0.0
0	1535	2.97	0.0
0	1536	2.96	0.0
0	1537	2.96	0.0
0	1538	2.95	0.0
0	1539	2.94	0.0
0	1540	2.93	0.0
0	1541	2.93	0.0
0	1542	2.91	0.0
0	1543	2.9	0.0
0	1544	2.9	0.0
0	1545	2.88	2.37
0	1546	2.88	0.0
0	1547	2.87	0.0
0	1548	2.87	0.0
0	1549	2.86	0.0
0	1550	2.86	0.0
0	1551	2.84	0.0
0	1552	2.84	0.0
0	1553	2.82	0.0
0	1554	2.82	0.0
0	1555	2.82	0.0
0	1556	2.81	0.0
0	1557	2.8	0.0
0	1558	2.79	0.0
0	1559	2.77	2.34
0	1560	2.76	0.0
0	1561	2.76	0.0
0	1562	2.75	0.0
0	1563	2.73	0.0
0	1564	2.73	0.0
0	1565	2.71	0.0
0	1566	2.71	0.0
0	1567	2.7	0.0
0	1568	2.69	0.0
0	1569	2.67	0.0
0	1570	2.64	0.0
0	1571	2.62	0.0
0	1572	2.61	0.0
0	1573	2.59	0.0
0	1574	2.57	0.51
0	1575	2.57	0.0
0	1576	2.56	0.0
0	1577	2.56	0.0
0	1578	2.55	0.0
0	1579	2.53	0.0
0	1580	2.51	0.0
0	1581	2.51	0.0
0	1582	2.5	2.0
0	1583	2.5	0.0
0	1584	2.49	0.0
0	1585	2.48	0.0
0	1586	2.47	0.0
0	1587	2.44	0.0
0	1588	2.43	0.0
0	1589	2.41	0.0
0	1590	2.38	0.0
0	1591	2.37	0.0
0	1592	2.37	0.0
0	1593	2.36	0.0
0	1594	2.34	0.0
0	1595	2.34	1.76
0	1596	2.32	1.27
0	1597	2.32	0.0
0	1598	2.32	0.0
0	1599	2.31	0.0
0	1600	2.31	0.0
0	1601	2.27	0.0
0	1602	2.26	0.0
0	1603	2.24	1.4
0	1604	2.22	0.0
0	1605	2.22	2.15
0	1606	2.22	0.0
0	1607	2.22	0.0
0	1608	2.22	0.0
0	1609	2.21	0.0
0	1610	2.21	0.0
0	1611	2.2	0.0
0	1612	2.18	0.0
0	1613	2.18	0.0
0	1614	2.17	1.64
0	1615	2.15	1.41
0	1616	2.14	0.85
0	1617	2.14	0.0
0	1618	2.14	0.0
0	1619	2.12	0.0
0	1620	2.11	0.0
0	1621	2.1	0.0
0	1622	2.09	0.0
0	1623	2.09	0.0
0	1624	2.08	0.0
0	1625	2.06	0.0
0	1626	2.06	0.0
0	1627	2.03	0.0
0	1628	2.03	0.0
0	1629	2.01	0.0
0	1630	2.01	0.0
0	1631	2.0	0.0
0	1632	2.0	0.0
0	1633	1.99	0.0
0	1634	1.98	0.0
0	1635	1.96	0.0
0	1636	1.95	0.0
0	1637	1.93	0.0
0	1638	1.92	0.0
0	1639	1.91	0.0
0	1640	1.91	0.0
0	1641	1.89	0.0
0	1642	1.88	0.0
0	1643	1.88	0.0
0	1644	1.87	0.0
0	1645	1.87	0.0
0	1646	1.86	0.0
0	1647	1.85	0.0
0	1648	1.85	0.0
0	1649	1.84	0.0
0	1650	1.84	0.0
0	1651	1.82	0.0
0	1652	1.82	0.0
0	1653	1.82	0.0
0	1654	1.81	0.0
0	1655	1.81	0.0
0	1656	1.8	0.0
0	1657	1.76	0.0
0	1658	1.76	0.0
0	1659	1.76	0.0
0	1660	1.76	0.0
0	1661	1.71	0.0
0	1662	1.7	0.0
0	1663	1.69	0.0
0	1664	1.69	0.32
0	1665	1.68	0.0
0	1666	1.67	0.0
0	1667	1.66	0.0
0	1668	1.64	0.0
0	1669	1.63	0.0
0	1670	1.63	0.0
0	1671	1.63	0.0
0	1672	1.62	0.0
0	1673	1.6	0.0
0	1674	1.58	0.0
0	1675	1.57	1.03
0	1676	1.57	0.0
0	1677	1.57	0.0
0	1678	1.57	0.79
0	1679	1.54	0.0
0	1680	1.54	0.0
0	1681	1.53	1.1
0	1682	1.53	0.0
0	1683	1.52	0.0
0	1684	1.52	0.0
0	1685	1.5	0.0
0	1686	1.48	0.0
0	1687	1.48	0.0
0	1688	1.48	0.0
0	1689	1.47	0.0
0	1690	1.47	0.0
0	1691	1.47	0.0
0	1692	1.45	0.0
0	1693	1.45	0.0
0	1694	1.45	0.8
0	1695	1.44	0.0
0	1696	1.44	0.0
0	1697	1.43	0.0
0	1698	1.43	0.0
0	1699	1.42	0.0
0	1700	1.4	0.0
0	1701	1.4	0.0
0	1702	1.34	0.0
0	1703	1.33	0.0
0	1704	1.33	0.0
0	1705	1.32	0.0
0	1706	1.32	0.0
0	1707	1.32	0.0
0	1708	1.28	0.0
0	1709	1.26	0.0
0	1710	1.26	0.0
0	1711	1.26	0.0
0	1712	1.24	0.0
0	1713	1.23	1.04
0	1714	1.21	0.0
0	1715	1.2	0.0
0	1716	1.2	0.0
0	1717	1.19	0.0
0	1718	1.18	0.0
0	1719	1.18	0.0
0	1720	1.18	0.0
0	1721	1.18	0.0
0	1722	1.17	0.0
0	1723	1.16	0.0
0	1724	1.16	0.0
0	1725	1.15	0.0
0	1726	1.15	0.0
0	1727	1.14	0.0
0	1728	1.14	0.0
0	1729	1.12	0.0
0	1730	1.12	0.0
0	1731	1.1	0.0
0	1732	1.08	0.0
0	1733	1.07	0.0
0	1734	1.07	0.0
0	1735	1.06	0.0
0	1736	1.05	1.0
0	1737	1.05	0.0
0	1738	1.05	0.0
0	1739	1.04	0.0
0	1740	1.04	0.0
0	1741	1.03	0.0
0	1742	1.03	0.0
0	1743	1.02	0.0
0	1744	1.01	0.36
0	1745	1.01	0.0
0	1746	1.0	0.0
0	1747	1.0	0.0
0	1748	1.0	0.0
0	1749	0.98	0.0
0	1750	0.98	0.0
0	1751	0.97	0.0
0	1752	0.97	0.0
0	1753	0.94	0.0
0	1754	0.93	0.0
0	1755	0.91	0.0
0	1756	0.9	0.0
0	1757	0.9	0.0
0	1758	0.9	0.0
0	1759	0.88	0.0
0	1760	0.87	0.0
0	1761	0.86	0.0
0	1762	0.86	0.0
0	1763	0.85	0.0
0	1764	0.85	0.0
0	1765	0.83	0.0
0	1766	0.83	0.0
0	1767	0.83	0.0
0	1768	0.83	0.0
0	1769	0.83	0.0
0	1770	0.82	0.0
0	1771	0.82	0.0
0	1772	0.78	0.0
0	1773	0.77	0.0
0	1774	0.77	0.0
0	1775	0.75	0.0
0	1776	0.74	0.0
0	1777	0.74	0.0
0	1778	0.73	0.0
0	1779	0.71	0.0
0	1780	0.71	0.0
0	1781	0.71	0.7
0	1782	0.7	0.0
0	1783	0.68	0.0
0	1784	0.66	0.0
0	1785	0.65	0.0
0	1786	0.65	0.04
0	1787	0.65	0.0
0	1788	0.64	0.0
0	1789	0.64	0.0
0	1790	0.63	0.0
0	1791	0.63	0.0
0	1792	0.63	0.0
0	1793	0.63	0.0
0	1794	0.62	0.0
0	1795	0.61	0.0
0	1796	0.6	0.0
0	1797	0.6	0.0
0	1798	0.59	0.0
0	1799	0.59	0.0
0	1800	0.59	0.0
0	1801	0.59	0.0
0	1802	0.58	0.0
0	1803	0.58	0.0
0	1804	0.57	0.0
0	1805	0.56	0.0
0	1806	0.56	0.0
0	1807	0.56	0.0
0	1808	0.55	0.0
0	1809	0.54	0.0
0	1810	0.54	0.0
0	1811	0.53	0.0
0	1812	0.51	0.0
0	1813	0.51	0.0
0	1814	0.51	0.26
0	1815	0.49	0.0
0	1816	0.49	0.0
0	1817	0.49	0.0
0	1818	0.48	0.0
0	1819	0.47	0.0
0	1820	0.45	0.0
0	1821	0.45	0.0
0	1822	0.44	0.0
0	1823	0.43	0.0
0	1824	0.41	0.0
0	1825	0.4	0.0
0	1826	0.4	0.0
0	1827	0.38	0.0
0	1828	0.38	0.0
0	1829	0.37	0.0
0	1830	0.35	0.0
0	1831	0.35	0.0
0	1832	0.35	0.0
0	1833	0.35	0.0
0	1834	0.34	0.0
0	1835	0.34	0.0
0	1836	0.32	0.0
0	1837	0.31	0.0
0	1838	0.29	0.2
0	1839	0.28	0.0
0	1840	0.28	0.0
0	1841	0.28	0.0
0	1842	0.28	0.0
0	1843	0.28	0.0
0	1844	0.28	0.0
0	1845	0.28	0.0
0	1846	0.26	0.0
0	1847	0.26	0.0
0	1848	0.25	0.0
0	1849	0.25	0.0
0	1850	0.24	0.0
0	1851	0.24	0.0
0	1852	0.23	0.0
0	1853	0.22	0.0
0	1854	0.22	0.0
0	1855	0.21	0.0
0	1856	0.21	0.0
0	1857	0.2	0.0
0	1858	0.2	0.0
0	1859	0.2	0.0
0	1860	0.19	0.0
0	1861	0.16	0.0
0	1862	0.15	0.0
0	1863	0.15	0.0
0	1864	0.15	0.0
0	1865	0.14	0.0
0	1866	0.14	0.0
0	1867	0.14	0.0
0	1868	0.13	0.0
0	1869	0.13	0.0
0	1870	0.13	0.0
0	1871	0.11	0.0
0	1872	0.11	0.0
0	1873	0.11	0.0
0	1874	0.1	0.0
0	1875	0.09	0.0
0	1876	0.08	0.0
0	1877	0.07	0.0
0	1878	0.07	0.0
0	1879	0.06	0.0
0	1880	0.05	0.0
0	1881	0.04	0.0
0	1882	0.03	0.0
0	1883	0.03	0.0
0	1884	0.03	0.0
0	1885	0.02	0.0
0	1886	0.01	0.0
0	1887	0.01	0.0
0	1888	0.01	0.0
