clade	species	ts	te
0	1	100.0	83.96
0	2	96.89	87.59
0	3	91.95	90.55
0	4	89.75	84.08
0	5	85.94	38.28
0	6	73.72	40.07
0	7	70.56	68.38
0	8	67.5	52.94
0	9	66.91	58.12
0	10	65.88	45.04
0	11	65.86	46.6
0	12	65.47	54.07
0	13	64.81	46.21
0	14	63.2	52.05
0	15	62.4	40.79
0	16	60.24	50.01
0	17	60.03	39.95
0	18	58.9	53.9
0	19	58.38	53.88
0	20	58.16	49.52
0	21	57.7	54.15
0	22	56.86	51.28
0	23	56.74	31.77
0	24	56.01	33.25
0	25	55.76	47.04
0	26	55.73	38.78
0	27	55.61	55.51
0	28	55.56	50.61
0	29	55.39	23.28
0	30	55.26	42.11
0	31	55.25	38.57
0	32	55.24	51.39
0	33	55.12	48.5
0	34	55.09	45.08
0	35	55.06	35.89
0	36	55.0	38.62
0	37	54.57	39.26
0	38	54.48	41.47
0	39	54.46	52.39
0	40	54.4	50.47
0	41	54.3	49.06
0	42	53.64	46.49
0	43	53.51	52.81
0	44	53.38	40.41
0	45	53.1	38.8
0	46	52.91	51.0
0	47	52.9	32.49
0	48	52.69	51.83
0	49	52.65	45.99
0	50	52.48	33.45
0	51	52.36	46.02
0	52	52.2	44.67
0	53	52.1	50.68
0	54	52.05	43.65
0	55	52.01	39.84
0	56	51.56	45.77
0	57	51.47	50.74
0	58	51.31	46.65
0	59	51.27	24.94
0	60	50.68	49.03
0	61	50.49	50.45
0	62	50.21	39.09
0	63	50.17	38.83
0	64	49.99	46.72
0	65	49.93	45.41
0	66	49.22	42.93
0	67	49.16	39.52
0	68	49.08	46.71
0	69	49.02	46.49
0	70	48.76	46.02
0	71	48.47	37.35
0	72	48.46	28.45
0	73	48.37	21.79
0	74	48.12	46.46
0	75	48.09	44.72
0	76	47.97	41.8
0	77	47.84	41.8
0	78	47.49	40.6
0	79	47.24	44.99
0	80	47.16	46.36
0	81	47.15	46.84
0	82	46.78	45.41
0	83	46.77	40.79
0	84	46.48	35.52
0	85	46.47	26.84
0	86	46.45	36.54
0	87	46.3	45.35
0	88	46.24	37.49
0	89	46.2	20.8
0	90	46.18	40.16
0	91	46.14	38.72
0	92	46.0	43.78
0	93	45.75	41.95
0	94	45.57	35.69
0	95	45.52	40.49
0	96	45.43	40.1
0	97	45.14	35.56
0	98	45.06	38.24
0	99	44.99	5.7
0	100	44.67	35.31
0	101	44.6	31.73
0	102	44.57	37.84
0	103	44.54	36.6
0	104	44.42	37.0
0	105	44.25	32.88
0	106	44.19	42.39
0	107	44.05	43.87
0	108	44.02	35.66
0	109	43.6	41.76
0	110	43.38	42.22
0	111	43.37	35.54
0	112	43.34	29.44
0	113	43.26	38.28
0	114	43.13	41.64
0	115	43.12	25.81
0	116	42.97	27.76
0	117	42.97	40.68
0	118	42.95	13.79
0	119	42.87	6.57
0	120	42.77	32.9
0	121	42.52	33.89
0	122	42.49	35.91
0	123	42.47	36.91
0	124	42.43	40.08
0	125	42.32	35.54
0	126	42.27	32.37
0	127	42.26	37.12
0	128	42.2	30.01
0	129	42.13	29.45
0	130	42.11	28.37
0	131	42.1	36.66
0	132	41.9	41.86
0	133	41.8	38.61
0	134	41.73	38.96
0	135	41.72	36.89
0	136	41.68	26.37
0	137	41.66	34.53
0	138	41.57	25.18
0	139	41.55	41.28
0	140	41.26	27.33
0	141	41.25	0.0
0	142	41.23	30.38
0	143	41.08	34.87
0	144	41.05	38.46
0	145	41.02	21.46
0	146	40.83	40.49
0	147	40.7	40.35
0	148	40.68	32.2
0	149	40.63	39.57
0	150	40.56	33.19
0	151	40.56	33.88
0	152	40.43	39.02
0	153	40.26	37.55
0	154	40.12	35.56
0	155	40.1	35.4
0	156	39.87	38.64
0	157	39.79	38.48
0	158	39.76	31.64
0	159	39.71	32.41
0	160	39.66	33.33
0	161	39.64	37.94
0	162	39.59	34.75
0	163	39.58	37.82
0	164	39.52	39.31
0	165	39.52	35.23
0	166	39.41	36.14
0	167	39.41	29.04
0	168	39.2	36.06
0	169	39.11	24.26
0	170	39.1	38.57
0	171	38.95	38.36
0	172	38.93	38.4
0	173	38.9	18.64
0	174	38.9	36.05
0	175	38.88	29.19
0	176	38.72	25.48
0	177	38.67	30.03
0	178	38.42	29.97
0	179	38.35	36.16
0	180	38.33	38.27
0	181	38.29	25.58
0	182	37.84	36.78
0	183	37.73	37.46
0	184	37.5	17.19
0	185	37.24	24.71
0	186	37.24	31.21
0	187	37.14	34.02
0	188	37.11	29.8
0	189	37.1	21.93
0	190	37.09	32.24
0	191	36.94	36.0
0	192	36.87	36.25
0	193	36.84	19.13
0	194	36.83	33.59
0	195	36.78	35.8
0	196	36.66	31.63
0	197	36.57	34.81
0	198	36.57	33.92
0	199	36.55	33.22
0	200	36.47	35.2
0	201	36.42	6.21
0	202	36.38	36.23
0	203	36.31	15.43
0	204	36.2	32.03
0	205	36.06	27.48
0	206	35.95	16.85
0	207	35.94	23.41
0	208	35.91	26.13
0	209	35.8	11.59
0	210	35.75	17.68
0	211	35.73	31.51
0	212	35.73	18.72
0	213	35.7	34.24
0	214	35.68	29.93
0	215	35.61	32.26
0	216	35.56	35.47
0	217	35.54	32.07
0	218	35.48	2.07
0	219	35.47	23.41
0	220	35.28	32.41
0	221	34.88	30.95
0	222	34.58	28.05
0	223	34.32	13.76
0	224	34.25	31.14
0	225	34.2	28.26
0	226	34.19	31.85
0	227	34.14	23.31
0	228	34.08	3.64
0	229	34.06	33.69
0	230	33.99	33.77
0	231	33.99	29.29
0	232	33.82	16.93
0	233	33.8	29.91
0	234	33.74	30.3
0	235	33.65	15.08
0	236	33.54	0.0
0	237	33.5	22.53
0	238	33.49	25.75
0	239	33.47	27.99
0	240	33.43	31.47
0	241	33.31	28.45
0	242	33.29	30.36
0	243	33.28	22.19
0	244	33.24	11.28
0	245	33.24	31.2
0	246	33.17	25.53
0	247	32.96	30.55
0	248	32.91	30.8
0	249	32.9	26.23
0	250	32.87	0.0
0	251	32.73	9.55
0	252	32.65	31.38
0	253	32.65	29.27
0	254	32.62	14.64
0	255	32.55	19.1
0	256	32.54	25.58
0	257	32.5	16.57
0	258	32.32	27.75
0	259	32.32	24.07
0	260	32.15	25.08
0	261	32.12	28.78
0	262	32.12	31.1
0	263	32.01	30.5
0	264	31.81	30.96
0	265	31.76	29.96
0	266	31.68	17.6
0	267	31.68	24.44
0	268	31.59	27.67
0	269	31.48	25.73
0	270	31.43	9.89
0	271	31.38	19.29
0	272	31.38	21.12
0	273	31.3	30.49
0	274	31.21	27.24
0	275	31.2	23.53
0	276	31.18	3.12
0	277	31.16	25.13
0	278	31.11	14.18
0	279	31.03	11.85
0	280	30.93	24.73
0	281	30.83	27.63
0	282	30.81	29.52
0	283	30.62	22.03
0	284	30.45	28.71
0	285	30.4	28.94
0	286	30.36	27.53
0	287	30.36	26.59
0	288	30.26	24.15
0	289	30.24	28.8
0	290	30.17	25.17
0	291	30.04	10.31
0	292	29.94	28.41
0	293	29.93	26.28
0	294	29.7	29.5
0	295	29.67	20.71
0	296	29.64	28.72
0	297	29.57	27.23
0	298	29.56	26.11
0	299	29.55	25.4
0	300	29.43	27.92
0	301	29.38	10.85
0	302	29.36	8.06
0	303	29.31	28.0
0	304	29.28	25.51
0	305	29.24	21.56
0	306	29.23	6.16
0	307	29.19	26.41
0	308	28.97	27.38
0	309	28.94	26.82
0	310	28.71	5.98
0	311	28.62	28.15
0	312	28.51	25.61
0	313	28.31	25.8
0	314	28.24	25.07
0	315	28.2	15.49
0	316	28.19	27.36
0	317	28.04	10.54
0	318	27.99	0.0
0	319	27.96	23.7
0	320	27.96	19.13
0	321	27.89	22.69
0	322	27.81	27.71
0	323	27.74	25.94
0	324	27.64	24.83
0	325	27.62	25.93
0	326	27.61	25.83
0	327	27.58	26.11
0	328	27.55	2.77
0	329	27.46	26.61
0	330	27.4	12.95
0	331	27.26	24.98
0	332	27.23	12.62
0	333	27.15	21.64
0	334	27.15	10.1
0	335	27.08	11.75
0	336	26.99	1.83
0	337	26.84	21.49
0	338	26.81	13.83
0	339	26.77	0.0
0	340	26.75	24.11
0	341	26.54	26.45
0	342	26.45	8.38
0	343	26.41	0.0
0	344	26.27	15.02
0	345	26.1	16.34
0	346	26.08	11.05
0	347	25.97	25.29
0	348	25.96	11.54
0	349	25.89	10.37
0	350	25.86	7.84
0	351	25.79	21.54
0	352	25.77	0.43
0	353	25.64	14.31
0	354	25.56	13.78
0	355	25.48	11.65
0	356	25.47	20.29
0	357	25.42	3.46
0	358	25.33	22.65
0	359	25.04	17.89
0	360	25.02	16.83
0	361	24.9	0.0
0	362	24.79	24.78
0	363	24.72	1.87
0	364	24.72	16.67
0	365	24.71	14.28
0	366	24.55	16.52
0	367	24.4	20.97
0	368	24.37	17.67
0	369	24.3	6.65
0	370	24.3	20.3
0	371	24.27	16.07
0	372	24.24	23.11
0	373	24.24	23.92
0	374	24.19	19.28
0	375	24.18	0.0
0	376	24.16	18.84
0	377	24.12	22.56
0	378	24.11	16.61
0	379	24.09	0.0
0	380	23.94	22.33
0	381	23.92	12.07
0	382	23.83	16.82
0	383	23.83	23.07
0	384	23.68	17.85
0	385	23.67	21.15
0	386	23.63	22.83
0	387	23.62	12.7
0	388	23.59	14.89
0	389	23.57	6.14
0	390	23.48	16.56
0	391	23.38	21.03
0	392	23.36	18.58
0	393	23.33	18.13
0	394	23.3	0.0
0	395	23.23	11.88
0	396	23.21	14.73
0	397	23.15	17.79
0	398	23.12	0.0
0	399	23.1	22.82
0	400	22.98	17.57
0	401	22.89	9.37
0	402	22.82	12.19
0	403	22.81	0.0
0	404	22.76	19.57
0	405	22.7	0.0
0	406	22.68	10.2
0	407	22.66	17.27
0	408	22.57	20.82
0	409	22.53	3.09
0	410	22.52	16.05
0	411	22.52	10.71
0	412	22.46	7.2
0	413	22.35	17.79
0	414	22.28	14.59
0	415	22.25	15.71
0	416	22.22	14.45
0	417	22.22	19.39
0	418	22.12	11.16
0	419	22.08	12.59
0	420	22.06	16.86
0	421	22.05	21.59
0	422	22.0	15.64
0	423	21.98	11.18
0	424	21.95	18.81
0	425	21.95	3.49
0	426	21.94	1.82
0	427	21.89	16.12
0	428	21.88	16.95
0	429	21.86	18.76
0	430	21.77	0.0
0	431	21.76	19.55
0	432	21.76	19.37
0	433	21.75	9.96
0	434	21.62	0.0
0	435	21.62	9.4
0	436	21.57	3.75
0	437	21.56	15.48
0	438	21.42	0.0
0	439	21.41	1.84
0	440	21.41	13.96
0	441	21.36	19.48
0	442	21.35	8.4
0	443	21.28	13.61
0	444	21.26	20.95
0	445	21.23	6.93
0	446	21.12	19.16
0	447	21.12	0.0
0	448	21.02	16.64
0	449	20.98	18.55
0	450	20.94	18.66
0	451	20.94	18.15
0	452	20.93	1.0
0	453	20.92	17.75
0	454	20.87	10.82
0	455	20.81	12.58
0	456	20.8	16.1
0	457	20.68	0.0
0	458	20.6	5.68
0	459	20.45	18.77
0	460	20.43	15.54
0	461	20.42	7.42
0	462	20.36	17.31
0	463	20.35	12.82
0	464	20.32	17.53
0	465	20.32	19.66
0	466	20.31	17.85
0	467	20.3	9.28
0	468	20.29	15.86
0	469	20.27	0.0
0	470	20.22	9.9
0	471	20.19	19.39
0	472	20.17	18.26
0	473	20.15	4.25
0	474	20.14	0.0
0	475	20.13	17.1
0	476	20.06	18.98
0	477	20.02	4.88
0	478	20.01	10.22
0	479	20.01	8.52
0	480	19.95	19.66
0	481	19.94	0.0
0	482	19.94	9.84
0	483	19.88	14.24
0	484	19.86	13.2
0	485	19.82	1.7
0	486	19.71	0.0
0	487	19.7	18.51
0	488	19.65	12.44
0	489	19.64	19.63
0	490	19.61	4.84
0	491	19.55	13.51
0	492	19.54	3.86
0	493	19.5	0.0
0	494	19.45	0.0
0	495	19.42	10.81
0	496	19.41	8.36
0	497	19.37	12.54
0	498	19.36	4.68
0	499	19.34	15.73
0	500	19.31	14.19
0	501	19.31	9.69
0	502	19.26	14.15
0	503	19.23	0.0
0	504	19.15	17.08
0	505	19.13	0.0
0	506	19.08	15.67
0	507	19.04	16.56
0	508	19.03	13.26
0	509	19.0	0.0
0	510	18.99	15.08
0	511	18.91	16.77
0	512	18.89	0.0
0	513	18.86	18.73
0	514	18.81	18.73
0	515	18.73	0.0
0	516	18.66	17.56
0	517	18.64	12.15
0	518	18.63	17.49
0	519	18.57	9.63
0	520	18.56	10.74
0	521	18.55	3.88
0	522	18.54	0.0
0	523	18.5	15.02
0	524	18.49	15.27
0	525	18.46	15.18
0	526	18.44	0.0
0	527	18.43	17.53
0	528	18.42	4.43
0	529	18.41	18.18
0	530	18.36	15.11
0	531	18.33	11.13
0	532	18.33	11.61
0	533	18.29	3.74
0	534	18.27	14.13
0	535	18.25	14.37
0	536	18.24	9.57
0	537	18.22	0.0
0	538	18.18	0.0
0	539	18.15	0.82
0	540	18.15	8.33
0	541	18.14	3.4
0	542	18.09	14.26
0	543	18.08	16.33
0	544	18.06	16.21
0	545	18.05	17.25
0	546	18.03	14.09
0	547	18.02	17.12
0	548	18.01	17.45
0	549	18.0	4.96
0	550	18.0	0.0
0	551	17.95	0.0
0	552	17.91	14.1
0	553	17.89	17.31
0	554	17.88	11.25
0	555	17.85	17.83
0	556	17.78	12.16
0	557	17.78	17.15
0	558	17.75	11.61
0	559	17.71	16.07
0	560	17.71	10.36
0	561	17.68	2.88
0	562	17.66	14.04
0	563	17.65	15.09
0	564	17.61	8.4
0	565	17.56	9.84
0	566	17.49	0.0
0	567	17.36	12.7
0	568	17.34	4.79
0	569	17.34	16.58
0	570	17.3	16.99
0	571	17.27	17.02
0	572	17.26	3.45
0	573	17.25	0.0
0	574	17.25	9.4
0	575	17.23	14.12
0	576	17.2	15.03
0	577	17.17	14.11
0	578	17.15	15.8
0	579	17.14	1.27
0	580	17.05	3.91
0	581	17.03	0.0
0	582	17.01	0.66
0	583	16.99	0.0
0	584	16.99	13.65
0	585	16.99	13.07
0	586	16.99	8.0
0	587	16.98	12.26
0	588	16.96	11.97
0	589	16.95	8.77
0	590	16.94	0.56
0	591	16.93	1.06
0	592	16.91	16.8
0	593	16.83	9.14
0	594	16.82	0.0
0	595	16.78	6.79
0	596	16.75	14.81
0	597	16.74	0.37
0	598	16.7	12.79
0	599	16.63	14.61
0	600	16.56	14.84
0	601	16.49	13.96
0	602	16.49	0.0
0	603	16.46	12.63
0	604	16.45	8.59
0	605	16.44	0.58
0	606	16.43	0.0
0	607	16.43	0.0
0	608	16.42	15.86
0	609	16.41	7.07
0	610	16.38	8.81
0	611	16.34	11.09
0	612	16.32	15.49
0	613	16.31	12.91
0	614	16.29	9.32
0	615	16.26	2.97
0	616	16.24	14.73
0	617	16.16	11.11
0	618	16.14	0.0
0	619	16.14	14.32
0	620	16.06	10.57
0	621	16.01	14.11
0	622	16.0	0.0
0	623	15.94	12.96
0	624	15.93	0.0
0	625	15.91	14.92
0	626	15.9	6.41
0	627	15.9	7.11
0	628	15.9	9.89
0	629	15.89	0.0
0	630	15.87	12.77
0	631	15.84	14.17
0	632	15.82	12.18
0	633	15.79	8.58
0	634	15.77	8.31
0	635	15.76	6.98
0	636	15.73	0.0
0	637	15.7	1.71
0	638	15.67	12.77
0	639	15.64	6.29
0	640	15.63	14.52
0	641	15.62	7.22
0	642	15.56	5.44
0	643	15.56	12.79
0	644	15.55	11.91
0	645	15.5	10.36
0	646	15.49	6.0
0	647	15.48	0.0
0	648	15.4	0.0
0	649	15.38	0.0
0	650	15.38	10.19
0	651	15.37	8.22
0	652	15.35	7.94
0	653	15.31	11.93
0	654	15.3	6.69
0	655	15.3	14.84
0	656	15.28	2.05
0	657	15.27	13.8
0	658	15.25	10.67
0	659	15.18	7.73
0	660	15.1	9.1
0	661	15.1	13.71
0	662	15.03	0.0
0	663	15.01	4.48
0	664	14.99	6.82
0	665	14.98	7.04
0	666	14.89	2.44
0	667	14.88	0.0
0	668	14.83	0.0
0	669	14.82	0.0
0	670	14.79	10.61
0	671	14.76	5.6
0	672	14.75	13.65
0	673	14.68	5.48
0	674	14.65	8.17
0	675	14.64	0.0
0	676	14.63	11.89
0	677	14.58	12.56
0	678	14.56	10.09
0	679	14.53	10.13
0	680	14.49	9.44
0	681	14.43	11.72
0	682	14.36	10.32
0	683	14.36	6.42
0	684	14.35	10.27
0	685	14.29	12.3
0	686	14.28	11.38
0	687	14.26	11.12
0	688	14.21	11.49
0	689	14.21	13.94
0	690	14.21	9.96
0	691	14.11	8.99
0	692	14.09	11.3
0	693	14.07	13.42
0	694	14.05	6.04
0	695	14.03	0.0
0	696	14.03	0.0
0	697	14.0	10.57
0	698	13.98	13.12
0	699	13.98	2.58
0	700	13.96	0.0
0	701	13.95	1.0
0	702	13.91	8.42
0	703	13.82	0.0
0	704	13.81	4.83
0	705	13.8	12.81
0	706	13.8	8.41
0	707	13.79	7.54
0	708	13.75	5.03
0	709	13.68	5.96
0	710	13.56	6.48
0	711	13.55	0.0
0	712	13.55	8.35
0	713	13.54	6.83
0	714	13.52	8.95
0	715	13.46	0.0
0	716	13.41	5.55
0	717	13.4	8.41
0	718	13.38	11.37
0	719	13.37	9.56
0	720	13.36	0.0
0	721	13.35	11.77
0	722	13.34	7.62
0	723	13.34	11.45
0	724	13.33	8.19
0	725	13.32	0.0
0	726	13.29	0.0
0	727	13.29	0.0
0	728	13.24	10.34
0	729	13.24	7.0
0	730	13.24	12.53
0	731	13.23	4.95
0	732	13.23	5.15
0	733	13.22	2.73
0	734	13.18	10.65
0	735	13.17	2.79
0	736	13.16	0.0
0	737	13.16	11.38
0	738	13.14	10.1
0	739	13.12	0.0
0	740	13.1	8.08
0	741	13.03	0.0
0	742	13.0	4.27
0	743	12.96	4.77
0	744	12.95	0.0
0	745	12.93	2.62
0	746	12.91	0.0
0	747	12.91	0.0
0	748	12.9	0.0
0	749	12.86	9.06
0	750	12.86	3.82
0	751	12.81	6.47
0	752	12.76	5.71
0	753	12.74	0.0
0	754	12.71	0.0
0	755	12.71	6.36
0	756	12.68	7.26
0	757	12.67	11.38
0	758	12.66	10.42
0	759	12.66	5.29
0	760	12.63	10.38
0	761	12.62	4.76
0	762	12.61	6.48
0	763	12.61	0.0
0	764	12.59	2.48
0	765	12.59	11.58
0	766	12.55	11.08
0	767	12.53	4.19
0	768	12.49	0.0
0	769	12.49	0.0
0	770	12.48	0.0
0	771	12.48	9.26
0	772	12.47	12.32
0	773	12.45	4.15
0	774	12.45	4.36
0	775	12.43	5.94
0	776	12.4	10.71
0	777	12.39	10.15
0	778	12.38	12.37
0	779	12.33	11.83
0	780	12.33	5.33
0	781	12.32	9.01
0	782	12.3	10.56
0	783	12.3	12.17
0	784	12.26	8.73
0	785	12.26	0.0
0	786	12.26	0.0
0	787	12.24	9.92
0	788	12.24	10.56
0	789	12.23	0.0
0	790	12.23	8.5
0	791	12.21	8.04
0	792	12.2	9.48
0	793	12.19	1.87
0	794	12.18	3.14
0	795	12.18	0.0
0	796	12.16	0.0
0	797	12.12	0.0
0	798	12.12	10.96
0	799	12.09	0.0
0	800	12.03	3.14
0	801	12.03	0.0
0	802	11.97	0.15
0	803	11.97	8.33
0	804	11.95	11.93
0	805	11.95	9.94
0	806	11.92	0.0
0	807	11.87	0.0
0	808	11.86	8.87
0	809	11.83	5.91
0	810	11.83	11.73
0	811	11.78	8.49
0	812	11.78	10.76
0	813	11.78	0.36
0	814	11.77	11.44
0	815	11.75	11.57
0	816	11.75	6.4
0	817	11.74	0.0
0	818	11.73	2.51
0	819	11.66	0.0
0	820	11.6	0.0
0	821	11.58	3.02
0	822	11.53	10.23
0	823	11.49	8.4
0	824	11.48	0.0
0	825	11.47	9.61
0	826	11.46	10.58
0	827	11.46	0.0
0	828	11.43	7.73
0	829	11.41	0.0
0	830	11.4	0.0
0	831	11.39	7.43
0	832	11.38	5.66
0	833	11.38	0.0
0	834	11.37	0.0
0	835	11.36	10.17
0	836	11.35	6.67
0	837	11.34	1.6
0	838	11.28	8.45
0	839	11.28	6.61
0	840	11.27	10.11
0	841	11.24	8.35
0	842	11.22	0.0
0	843	11.22	8.32
0	844	11.19	8.27
0	845	11.18	0.0
0	846	11.18	0.56
0	847	11.16	2.42
0	848	11.15	5.89
0	849	11.13	3.42
0	850	11.12	9.1
0	851	11.12	0.0
0	852	11.11	1.1
0	853	11.09	0.0
0	854	11.09	8.14
0	855	11.07	0.0
0	856	11.05	5.45
0	857	11.05	7.74
0	858	11.04	8.27
0	859	11.01	0.03
0	860	11.0	0.0
0	861	10.97	9.52
0	862	10.94	7.24
0	863	10.89	9.36
0	864	10.88	3.23
0	865	10.87	6.15
0	866	10.84	6.69
0	867	10.83	9.36
0	868	10.83	6.72
0	869	10.79	0.0
0	870	10.79	6.93
0	871	10.77	2.42
0	872	10.77	2.16
0	873	10.76	0.0
0	874	10.73	0.0
0	875	10.73	0.0
0	876	10.73	0.0
0	877	10.72	0.0
0	878	10.69	9.65
0	879	10.66	0.0
0	880	10.66	8.79
0	881	10.66	3.94
0	882	10.63	0.0
0	883	10.61	9.57
0	884	10.58	10.09
0	885	10.57	0.0
0	886	10.56	0.0
0	887	10.56	0.0
0	888	10.5	9.92
0	889	10.5	2.29
0	890	10.5	6.81
0	891	10.49	1.15
0	892	10.47	0.6
0	893	10.46	7.27
0	894	10.45	1.23
0	895	10.45	5.36
0	896	10.44	4.63
0	897	10.44	0.0
0	898	10.42	5.01
0	899	10.42	1.12
0	900	10.38	7.12
0	901	10.37	0.0
0	902	10.36	0.0
0	903	10.36	8.45
0	904	10.34	0.0
0	905	10.33	0.01
0	906	10.28	7.01
0	907	10.27	0.0
0	908	10.25	0.0
0	909	10.24	0.0
0	910	10.24	9.91
0	911	10.23	0.0
0	912	10.22	0.0
0	913	10.19	6.38
0	914	10.19	4.61
0	915	10.17	8.41
0	916	10.16	6.89
0	917	10.15	0.0
0	918	10.15	0.0
0	919	10.14	6.2
0	920	10.06	0.0
0	921	10.06	8.73
0	922	10.05	5.09
0	923	10.0	0.0
0	924	10.0	0.0
0	925	9.99	6.18
0	926	9.99	4.93
0	927	9.92	0.0
0	928	9.92	5.9
0	929	9.91	3.08
0	930	9.91	7.25
0	931	9.91	3.81
0	932	9.89	2.84
0	933	9.87	0.0
0	934	9.86	0.0
0	935	9.86	4.21
0	936	9.85	0.0
0	937	9.81	0.0
0	938	9.8	1.75
0	939	9.77	7.23
0	940	9.77	8.36
0	941	9.72	0.0
0	942	9.7	7.74
0	943	9.7	9.44
0	944	9.69	5.54
0	945	9.68	0.0
0	946	9.65	7.5
0	947	9.63	0.0
0	948	9.53	0.0
0	949	9.53	6.72
0	950	9.52	2.92
0	951	9.52	8.07
0	952	9.5	7.89
0	953	9.48	6.46
0	954	9.47	0.0
0	955	9.44	0.0
0	956	9.42	0.0
0	957	9.4	0.0
0	958	9.37	9.34
0	959	9.36	8.67
0	960	9.29	0.0
0	961	9.25	4.64
0	962	9.21	7.21
0	963	9.14	7.33
0	964	9.11	0.0
0	965	9.11	0.0
0	966	9.11	0.0
0	967	9.09	1.92
0	968	9.09	3.14
0	969	9.09	5.18
0	970	9.05	0.0
0	971	9.04	0.0
0	972	9.02	6.35
0	973	9.02	0.0
0	974	9.02	0.0
0	975	9.01	0.0
0	976	8.96	0.0
0	977	8.95	8.4
0	978	8.93	0.0
0	979	8.93	7.13
0	980	8.88	7.2
0	981	8.84	6.37
0	982	8.84	0.0
0	983	8.83	2.98
0	984	8.82	0.0
0	985	8.8	4.73
0	986	8.8	7.84
0	987	8.78	0.0
0	988	8.77	0.0
0	989	8.76	1.01
0	990	8.74	0.0
0	991	8.74	2.49
0	992	8.72	3.12
0	993	8.71	7.33
0	994	8.67	6.83
0	995	8.67	3.8
0	996	8.66	0.0
0	997	8.65	3.74
0	998	8.63	0.84
0	999	8.62	3.72
0	1000	8.61	1.76
0	1001	8.58	0.0
0	1002	8.57	6.66
0	1003	8.55	0.0
0	1004	8.49	0.0
0	1005	8.46	0.0
0	1006	8.46	5.21
0	1007	8.43	8.17
0	1008	8.42	3.04
0	1009	8.42	6.28
0	1010	8.42	0.0
0	1011	8.4	2.27
0	1012	8.39	6.54
0	1013	8.39	7.25
0	1014	8.36	7.96
0	1015	8.35	5.61
0	1016	8.34	5.93
0	1017	8.32	0.0
0	1018	8.32	6.27
0	1019	8.29	6.7
0	1020	8.26	7.35
0	1021	8.25	0.0
0	1022	8.21	0.13
0	1023	8.2	1.15
0	1024	8.2	6.81
0	1025	8.19	0.0
0	1026	8.19	7.2
0	1027	8.18	0.0
0	1028	8.17	4.69
0	1029	8.15	5.53
0	1030	8.13	0.0
0	1031	8.13	0.0
0	1032	8.1	0.0
0	1033	8.1	0.0
0	1034	8.08	1.78
0	1035	8.06	7.64
0	1036	8.05	7.87
0	1037	8.04	2.86
0	1038	8.04	5.96
0	1039	8.03	0.0
0	1040	8.01	0.0
0	1041	8.0	0.0
0	1042	7.99	0.0
0	1043	7.98	5.32
0	1044	7.98	7.74
0	1045	7.96	5.95
0	1046	7.95	6.35
0	1047	7.95	6.95
0	1048	7.92	0.49
0	1049	7.91	7.74
0	1050	7.91	0.0
0	1051	7.88	5.5
0	1052	7.84	0.0
0	1053	7.83	7.63
0	1054	7.83	0.0
0	1055	7.81	0.0
0	1056	7.78	4.82
0	1057	7.78	7.42
0	1058	7.69	0.0
0	1059	7.69	5.88
0	1060	7.66	1.38
0	1061	7.66	6.73
0	1062	7.65	2.15
0	1063	7.65	5.34
0	1064	7.65	3.04
0	1065	7.65	6.58
0	1066	7.63	0.0
0	1067	7.62	0.0
0	1068	7.61	4.07
0	1069	7.54	0.66
0	1070	7.53	5.61
0	1071	7.52	5.31
0	1072	7.5	6.3
0	1073	7.5	2.75
0	1074	7.48	0.0
0	1075	7.46	3.62
0	1076	7.46	0.0
0	1077	7.44	6.7
0	1078	7.43	0.0
0	1079	7.43	5.85
0	1080	7.42	3.17
0	1081	7.42	0.0
0	1082	7.41	3.6
0	1083	7.39	0.18
0	1084	7.38	2.08
0	1085	7.38	0.0
0	1086	7.35	4.29
0	1087	7.31	2.57
0	1088	7.3	3.11
0	1089	7.24	0.0
0	1090	7.23	3.07
0	1091	7.17	5.72
0	1092	7.17	0.55
0	1093	7.17	0.0
0	1094	7.16	0.0
0	1095	7.16	6.46
0	1096	7.15	0.0
0	1097	7.12	5.09
0	1098	7.12	0.0
0	1099	7.06	6.13
0	1100	7.06	0.0
0	1101	7.04	0.0
0	1102	7.04	0.0
0	1103	7.01	0.0
0	1104	6.97	0.0
0	1105	6.96	0.0
0	1106	6.95	0.0
0	1107	6.94	5.26
0	1108	6.94	4.49
0	1109	6.93	0.0
0	1110	6.91	0.0
0	1111	6.91	4.2
0	1112	6.9	0.0
0	1113	6.89	6.26
0	1114	6.89	2.36
0	1115	6.88	0.0
0	1116	6.87	6.07
0	1117	6.86	4.0
0	1118	6.85	0.0
0	1119	6.84	5.35
0	1120	6.84	0.0
0	1121	6.82	2.95
0	1122	6.81	0.0
0	1123	6.81	0.0
0	1124	6.81	4.86
0	1125	6.79	0.0
0	1126	6.78	0.0
0	1127	6.74	4.56
0	1128	6.73	4.9
0	1129	6.73	0.0
0	1130	6.71	1.08
0	1131	6.71	0.0
0	1132	6.67	0.97
0	1133	6.66	0.0
0	1134	6.64	0.0
0	1135	6.62	0.0
0	1136	6.61	0.0
0	1137	6.6	0.0
0	1138	6.59	5.23
0	1139	6.58	0.0
0	1140	6.55	6.06
0	1141	6.55	4.29
0	1142	6.55	5.27
0	1143	6.54	0.0
0	1144	6.53	0.0
0	1145	6.53	2.47
0	1146	6.51	0.0
0	1147	6.5	0.0
0	1148	6.48	3.74
0	1149	6.47	0.0
0	1150	6.46	2.93
0	1151	6.45	2.79
0	1152	6.44	0.0
0	1153	6.43	4.31
0	1154	6.43	3.84
0	1155	6.43	0.0
0	1156	6.42	5.28
0	1157	6.42	1.3
0	1158	6.41	3.55
0	1159	6.4	0.0
0	1160	6.37	3.2
0	1161	6.37	6.31
0	1162	6.36	0.0
0	1163	6.35	2.47
0	1164	6.34	0.0
0	1165	6.32	0.0
0	1166	6.29	1.06
0	1167	6.27	0.0
0	1168	6.26	5.17
0	1169	6.21	0.0
0	1170	6.21	2.61
0	1171	6.2	0.0
0	1172	6.2	0.0
0	1173	6.17	0.0
0	1174	6.16	0.0
0	1175	6.11	0.37
0	1176	6.1	3.0
0	1177	6.1	0.0
0	1178	6.09	4.88
0	1179	6.08	0.0
0	1180	6.07	0.0
0	1181	6.06	0.0
0	1182	6.05	0.9
0	1183	6.05	3.13
0	1184	6.04	5.08
0	1185	6.03	0.0
0	1186	6.03	3.61
0	1187	6.02	0.0
0	1188	5.97	3.35
0	1189	5.96	0.0
0	1190	5.94	0.17
0	1191	5.93	2.35
0	1192	5.92	0.0
0	1193	5.91	1.54
0	1194	5.91	3.33
0	1195	5.91	0.0
0	1196	5.9	0.0
0	1197	5.9	0.0
0	1198	5.88	0.0
0	1199	5.88	0.0
0	1200	5.86	0.0
0	1201	5.85	4.66
0	1202	5.85	0.0
0	1203	5.84	0.92
0	1204	5.81	1.78
0	1205	5.8	2.27
0	1206	5.8	2.44
0	1207	5.78	1.48
0	1208	5.78	0.0
0	1209	5.77	0.0
0	1210	5.76	0.0
0	1211	5.75	0.0
0	1212	5.75	0.32
0	1213	5.74	0.0
0	1214	5.73	0.0
0	1215	5.71	0.0
0	1216	5.69	0.0
0	1217	5.67	1.07
0	1218	5.66	5.11
0	1219	5.65	5.39
0	1220	5.65	0.0
0	1221	5.64	0.0
0	1222	5.63	0.0
0	1223	5.63	5.21
0	1224	5.62	0.0
0	1225	5.61	0.0
0	1226	5.61	0.0
0	1227	5.6	2.04
0	1228	5.6	1.52
0	1229	5.59	0.0
0	1230	5.57	4.35
0	1231	5.57	0.0
0	1232	5.56	0.0
0	1233	5.54	0.0
0	1234	5.54	1.24
0	1235	5.54	0.0
0	1236	5.53	0.0
0	1237	5.5	0.0
0	1238	5.5	0.0
0	1239	5.49	0.0
0	1240	5.48	3.5
0	1241	5.46	0.0
0	1242	5.44	0.0
0	1243	5.41	0.0
0	1244	5.39	0.0
0	1245	5.38	0.0
0	1246	5.38	3.57
0	1247	5.37	0.75
0	1248	5.36	3.16
0	1249	5.35	0.0
0	1250	5.33	0.0
0	1251	5.33	0.0
0	1252	5.33	0.0
0	1253	5.31	0.0
0	1254	5.3	0.0
0	1255	5.28	4.43
0	1256	5.27	1.03
0	1257	5.26	0.0
0	1258	5.25	0.0
0	1259	5.25	0.13
0	1260	5.24	0.0
0	1261	5.23	3.14
0	1262	5.23	3.53
0	1263	5.21	0.0
0	1264	5.2	0.0
0	1265	5.19	0.52
0	1266	5.19	0.0
0	1267	5.18	4.8
0	1268	5.18	0.0
0	1269	5.17	0.51
0	1270	5.17	0.0
0	1271	5.14	0.0
0	1272	5.11	0.0
0	1273	5.1	3.01
0	1274	5.1	0.0
0	1275	5.09	2.26
0	1276	5.07	1.44
0	1277	5.06	2.81
0	1278	5.04	0.0
0	1279	4.99	0.0
0	1280	4.98	0.0
0	1281	4.98	0.0
0	1282	4.97	0.0
0	1283	4.95	0.0
0	1284	4.95	0.0
0	1285	4.93	0.0
0	1286	4.9	0.0
0	1287	4.89	0.0
0	1288	4.87	3.79
0	1289	4.86	0.0
0	1290	4.86	0.65
0	1291	4.85	0.0
0	1292	4.83	0.0
0	1293	4.83	1.18
0	1294	4.81	0.0
0	1295	4.76	3.15
0	1296	4.76	0.56
0	1297	4.75	4.53
0	1298	4.73	0.0
0	1299	4.73	0.0
0	1300	4.7	2.97
0	1301	4.7	0.0
0	1302	4.67	0.0
0	1303	4.64	3.91
0	1304	4.63	0.0
0	1305	4.61	0.88
0	1306	4.61	3.44
0	1307	4.6	0.0
0	1308	4.58	2.14
0	1309	4.56	0.0
0	1310	4.55	4.26
0	1311	4.53	0.0
0	1312	4.52	3.08
0	1313	4.51	0.55
0	1314	4.5	0.0
0	1315	4.49	0.78
0	1316	4.49	1.01
0	1317	4.47	0.0
0	1318	4.47	3.27
0	1319	4.46	0.0
0	1320	4.46	0.0
0	1321	4.45	1.18
0	1322	4.44	1.21
0	1323	4.43	0.0
0	1324	4.42	4.02
0	1325	4.41	0.0
0	1326	4.41	1.72
0	1327	4.4	4.2
0	1328	4.4	0.43
0	1329	4.4	0.0
0	1330	4.38	0.0
0	1331	4.36	3.2
0	1332	4.35	3.72
0	1333	4.35	1.51
0	1334	4.34	0.63
0	1335	4.32	0.0
0	1336	4.31	0.0
0	1337	4.3	0.0
0	1338	4.29	2.19
0	1339	4.28	2.93
0	1340	4.27	0.0
0	1341	4.22	4.01
0	1342	4.21	0.0
0	1343	4.2	3.81
0	1344	4.17	0.0
0	1345	4.15	0.63
0	1346	4.15	0.34
0	1347	4.14	0.89
0	1348	4.14	0.0
0	1349	4.1	1.64
0	1350	4.1	0.0
0	1351	4.07	0.0
0	1352	4.06	0.0
0	1353	4.06	0.0
0	1354	4.05	0.0
0	1355	4.04	1.97
0	1356	4.04	0.0
0	1357	4.04	3.82
0	1358	4.03	1.35
0	1359	4.03	0.0
0	1360	4.02	0.0
0	1361	4.01	0.0
0	1362	4.01	0.0
0	1363	4.01	0.0
0	1364	4.0	3.18
0	1365	4.0	1.74
0	1366	3.99	0.14
0	1367	3.99	0.0
0	1368	3.99	0.0
0	1369	3.99	0.0
0	1370	3.96	0.73
0	1371	3.95	1.93
0	1372	3.94	0.0
0	1373	3.93	0.0
0	1374	3.92	0.0
0	1375	3.88	0.0
0	1376	3.87	0.0
0	1377	3.87	0.39
0	1378	3.87	0.0
0	1379	3.86	0.0
0	1380	3.86	0.38
0	1381	3.86	0.59
0	1382	3.86	0.0
0	1383	3.84	0.0
0	1384	3.83	0.0
0	1385	3.83	2.52
0	1386	3.82	3.39
0	1387	3.82	0.0
0	1388	3.81	0.0
0	1389	3.78	0.0
0	1390	3.77	1.49
0	1391	3.76	0.0
0	1392	3.76	0.0
0	1393	3.76	0.0
0	1394	3.75	3.53
0	1395	3.75	0.16
0	1396	3.7	1.63
0	1397	3.69	3.4
0	1398	3.67	0.0
0	1399	3.63	0.0
0	1400	3.57	0.0
0	1401	3.55	0.0
0	1402	3.53	0.0
0	1403	3.52	0.0
0	1404	3.5	0.0
0	1405	3.49	0.0
0	1406	3.49	0.0
0	1407	3.49	0.0
0	1408	3.48	0.0
0	1409	3.48	0.0
0	1410	3.48	0.0
0	1411	3.43	0.0
0	1412	3.42	0.0
0	1413	3.42	0.0
0	1414	3.4	3.15
0	1415	3.39	0.0
0	1416	3.38	0.0
0	1417	3.36	0.0
0	1418	3.36	0.0
0	1419	3.35	0.0
0	1420	3.35	1.54
0	1421	3.35	0.0
0	1422	3.34	1.4
0	1423	3.32	0.0
0	1424	3.31	0.0
0	1425	3.31	1.15
0	1426	3.31	0.0
0	1427	3.3	0.4
0	1428	3.27	0.0
0	1429	3.27	1.37
0	1430	3.25	2.01
0	1431	3.23	0.0
0	1432	3.21	0.0
0	1433	3.19	0.0
0	1434	3.19	0.0
0	1435	3.19	0.0
0	1436	3.18	0.0
0	1437	3.18	0.45
0	1438	3.18	1.74
0	1439	3.16	0.03
0	1440	3.16	1.62
0	1441	3.15	0.0
0	1442	3.15	0.0
0	1443	3.14	0.0
0	1444	3.1	0.0
0	1445	3.09	0.0
0	1446	3.09	0.0
0	1447	3.07	0.0
0	1448	3.05	2.32
0	1449	3.05	0.0
0	1450	3.03	0.61
0	1451	3.02	2.14
0	1452	3.0	0.0
0	1453	2.99	0.0
0	1454	2.98	0.0
0	1455	2.98	0.0
0	1456	2.97	0.84
0	1457	2.97	0.0
0	1458	2.97	0.0
0	1459	2.96	0.0
0	1460	2.95	0.0
0	1461	2.94	0.0
0	1462	2.94	0.0
0	1463	2.93	0.0
0	1464	2.93	0.0
0	1465	2.89	0.19
0	1466	2.87	0.68
0	1467	2.85	0.0
0	1468	2.82	0.0
0	1469	2.81	0.0
0	1470	2.79	0.0
0	1471	2.78	0.0
0	1472	2.76	0.0
0	1473	2.74	0.0
0	1474	2.69	0.0
0	1475	2.68	0.84
0	1476	2.67	0.0
0	1477	2.66	2.61
0	1478	2.66	0.0
0	1479	2.6	0.0
0	1480	2.6	0.0
0	1481	2.59	0.0
0	1482	2.57	0.0
0	1483	2.53	0.0
0	1484	2.53	0.0
0	1485	2.52	0.0
0	1486	2.52	0.0
0	1487	2.5	0.0
0	1488	2.5	0.85
0	1489	2.49	0.0
0	1490	2.44	0.0
0	1491	2.42	0.0
0	1492	2.42	0.0
0	1493	2.39	0.0
0	1494	2.37	0.0
0	1495	2.37	2.36
0	1496	2.35	0.0
0	1497	2.34	0.0
0	1498	2.33	0.0
0	1499	2.31	0.0
0	1500	2.29	0.0
0	1501	2.28	0.0
0	1502	2.28	0.0
0	1503	2.27	0.0
0	1504	2.25	0.0
0	1505	2.25	0.0
0	1506	2.23	1.62
0	1507	2.23	0.0
0	1508	2.22	0.0
0	1509	2.22	0.0
0	1510	2.22	0.0
0	1511	2.21	0.0
0	1512	2.2	1.2
0	1513	2.17	1.55
0	1514	2.17	1.02
0	1515	2.15	0.0
0	1516	2.15	0.0
0	1517	2.15	0.0
0	1518	2.14	0.37
0	1519	2.14	0.0
0	1520	2.12	0.0
0	1521	2.12	0.0
0	1522	2.11	0.0
0	1523	2.1	0.0
0	1524	2.1	0.0
0	1525	2.09	0.0
0	1526	2.09	0.0
0	1527	2.06	0.48
0	1528	2.04	0.0
0	1529	2.03	0.0
0	1530	2.01	0.0
0	1531	2.0	0.0
0	1532	2.0	1.73
0	1533	1.99	0.0
0	1534	1.99	0.0
0	1535	1.99	0.0
0	1536	1.98	0.0
0	1537	1.96	1.01
0	1538	1.93	0.0
0	1539	1.93	0.0
0	1540	1.88	0.0
0	1541	1.88	0.0
0	1542	1.87	0.0
0	1543	1.87	0.0
0	1544	1.87	0.0
0	1545	1.86	0.0
0	1546	1.85	0.0
0	1547	1.84	0.0
0	1548	1.81	0.0
0	1549	1.78	0.0
0	1550	1.78	0.0
0	1551	1.78	0.0
0	1552	1.77	0.0
0	1553	1.76	0.0
0	1554	1.75	0.0
0	1555	1.75	0.0
0	1556	1.74	0.0
0	1557	1.73	0.0
0	1558	1.73	0.12
0	1559	1.71	0.0
0	1560	1.7	0.0
0	1561	1.7	1.15
0	1562	1.68	0.0
0	1563	1.68	0.0
0	1564	1.67	0.98
0	1565	1.67	0.0
0	1566	1.67	0.0
0	1567	1.66	1.62
0	1568	1.64	0.0
0	1569	1.63	0.0
0	1570	1.63	0.0
0	1571	1.62	0.0
0	1572	1.62	0.0
0	1573	1.61	0.0
0	1574	1.6	0.0
0	1575	1.59	1.23
0	1576	1.56	0.0
0	1577	1.54	0.0
0	1578	1.54	0.0
0	1579	1.53	0.0
0	1580	1.52	0.0
0	1581	1.52	0.0
0	1582	1.51	0.0
0	1583	1.51	0.93
0	1584	1.5	0.0
0	1585	1.5	0.0
0	1586	1.5	0.0
0	1587	1.5	0.0
0	1588	1.49	0.0
0	1589	1.48	0.0
0	1590	1.48	0.0
0	1591	1.48	0.0
0	1592	1.46	0.0
0	1593	1.46	0.0
0	1594	1.45	0.0
0	1595	1.44	0.0
0	1596	1.43	0.0
0	1597	1.42	0.0
0	1598	1.42	0.0
0	1599	1.39	0.0
0	1600	1.38	0.0
0	1601	1.38	0.0
0	1602	1.35	0.0
0	1603	1.35	1.28
0	1604	1.35	0.0
0	1605	1.34	0.0
0	1606	1.34	0.0
0	1607	1.33	0.0
0	1608	1.32	0.27
0	1609	1.32	0.0
0	1610	1.3	0.0
0	1611	1.28	0.0
0	1612	1.26	0.0
0	1613	1.25	0.0
0	1614	1.25	0.0
0	1615	1.24	0.14
0	1616	1.21	0.0
0	1617	1.21	0.0
0	1618	1.17	0.0
0	1619	1.16	0.0
0	1620	1.16	0.0
0	1621	1.14	0.59
0	1622	1.13	0.0
0	1623	1.12	0.0
0	1624	1.12	0.0
0	1625	1.12	0.0
0	1626	1.12	1.0
0	1627	1.12	0.0
0	1628	1.11	0.19
0	1629	1.11	0.0
0	1630	1.1	0.0
0	1631	1.07	0.0
0	1632	1.06	0.53
0	1633	1.05	0.0
0	1634	1.04	0.0
0	1635	1.04	0.0
0	1636	1.04	0.0
0	1637	1.03	0.0
0	1638	1.01	0.0
0	1639	1.0	0.0
0	1640	1.0	0.0
0	1641	0.99	0.0
0	1642	0.99	0.0
0	1643	0.98	0.0
0	1644	0.93	0.0
0	1645	0.93	0.0
0	1646	0.92	0.0
0	1647	0.92	0.0
0	1648	0.92	0.0
0	1649	0.91	0.0
0	1650	0.9	0.0
0	1651	0.89	0.1
0	1652	0.89	0.0
0	1653	0.88	0.0
0	1654	0.88	0.0
0	1655	0.88	0.0
0	1656	0.87	0.0
0	1657	0.86	0.0
0	1658	0.86	0.0
0	1659	0.85	0.0
0	1660	0.84	0.0
0	1661	0.84	0.0
0	1662	0.84	0.0
0	1663	0.83	0.0
0	1664	0.82	0.49
0	1665	0.81	0.0
0	1666	0.81	0.0
0	1667	0.8	0.0
0	1668	0.79	0.0
0	1669	0.79	0.0
0	1670	0.78	0.0
0	1671	0.78	0.0
0	1672	0.78	0.58
0	1673	0.78	0.0
0	1674	0.78	0.0
0	1675	0.77	0.0
0	1676	0.76	0.0
0	1677	0.76	0.0
0	1678	0.76	0.0
0	1679	0.73	0.0
0	1680	0.73	0.0
0	1681	0.72	0.43
0	1682	0.71	0.0
0	1683	0.7	0.0
0	1684	0.7	0.0
0	1685	0.69	0.0
0	1686	0.69	0.0
0	1687	0.69	0.0
0	1688	0.68	0.0
0	1689	0.65	0.0
0	1690	0.65	0.0
0	1691	0.64	0.0
0	1692	0.64	0.0
0	1693	0.64	0.0
0	1694	0.63	0.0
0	1695	0.6	0.0
0	1696	0.59	0.0
0	1697	0.59	0.0
0	1698	0.59	0.0
0	1699	0.58	0.0
0	1700	0.58	0.35
0	1701	0.58	0.0
0	1702	0.58	0.0
0	1703	0.56	0.0
0	1704	0.55	0.0
0	1705	0.54	0.0
0	1706	0.54	0.0
0	1707	0.54	0.0
0	1708	0.53	0.43
0	1709	0.5	0.0
0	1710	0.5	0.0
0	1711	0.5	0.0
0	1712	0.49	0.0
0	1713	0.49	0.0
0	1714	0.49	0.0
0	1715	0.49	0.0
0	1716	0.48	0.0
0	1717	0.48	0.0
0	1718	0.47	0.0
0	1719	0.47	0.0
0	1720	0.46	0.0
0	1721	0.46	0.0
0	1722	0.44	0.0
0	1723	0.44	0.0
0	1724	0.44	0.0
0	1725	0.43	0.0
0	1726	0.42	0.0
0	1727	0.4	0.0
0	1728	0.38	0.0
0	1729	0.37	0.0
0	1730	0.37	0.0
0	1731	0.36	0.0
0	1732	0.36	0.0
0	1733	0.35	0.0
0	1734	0.34	0.0
0	1735	0.34	0.0
0	1736	0.32	0.0
0	1737	0.31	0.0
0	1738	0.28	0.0
0	1739	0.28	0.0
0	1740	0.28	0.0
0	1741	0.26	0.0
0	1742	0.25	0.0
0	1743	0.23	0.0
0	1744	0.23	0.0
0	1745	0.22	0.0
0	1746	0.21	0.0
0	1747	0.21	0.0
0	1748	0.2	0.0
0	1749	0.2	0.0
0	1750	0.2	0.0
0	1751	0.19	0.0
0	1752	0.19	0.0
0	1753	0.19	0.0
0	1754	0.19	0.0
0	1755	0.17	0.0
0	1756	0.15	0.0
0	1757	0.14	0.0
0	1758	0.14	0.0
0	1759	0.14	0.0
0	1760	0.13	0.0
0	1761	0.13	0.0
0	1762	0.12	0.0
0	1763	0.12	0.0
0	1764	0.12	0.0
0	1765	0.08	0.0
0	1766	0.08	0.0
0	1767	0.06	0.0
0	1768	0.06	0.0
0	1769	0.04	0.0
0	1770	0.03	0.0
