clade	species	ts	te
0	1	100.0	94.19
0	2	99.09	97.1
0	3	98.36	90.65
0	4	96.37	91.06
0	5	96.18	90.79
0	6	95.38	86.96
0	7	94.97	94.94
0	8	94.52	87.94
0	9	93.37	80.36
0	10	93.09	89.51
0	11	91.41	79.68
0	12	88.76	87.7
0	13	87.52	85.17
0	14	86.25	78.91
0	15	82.09	79.69
0	16	81.58	69.78
0	17	80.53	74.8
0	18	79.64	78.88
0	19	79.04	59.69
0	20	77.87	53.81
0	21	73.54	70.37
0	22	73.52	70.22
0	23	72.84	72.68
0	24	72.14	58.94
0	25	70.26	65.52
0	26	69.72	68.1
0	27	69.47	66.42
0	28	67.27	58.15
0	29	66.64	60.06
0	30	66.51	46.92
0	31	64.53	64.11
0	32	64.4	59.96
0	33	63.93	30.59
0	34	63.52	58.28
0	35	63.07	57.51
0	36	62.84	47.72
0	37	62.82	58.95
0	38	62.2	44.6
0	39	62.15	29.74
0	40	62.07	61.98
0	41	62.04	58.72
0	42	62.02	42.84
0	43	61.46	56.74
0	44	61.28	61.12
0	45	61.18	58.14
0	46	60.64	59.31
0	47	60.24	53.9
0	48	60.17	58.58
0	49	60.03	58.65
0	50	59.89	57.36
0	51	59.83	28.63
0	52	59.83	49.25
0	53	58.72	31.43
0	54	58.17	56.26
0	55	57.45	56.62
0	56	57.31	51.08
0	57	57.16	46.13
0	58	55.97	53.57
0	59	55.78	47.46
0	60	55.71	52.61
0	61	55.49	52.15
0	62	54.72	54.64
0	63	54.2	35.14
0	64	53.92	41.63
0	65	53.85	48.56
0	66	52.98	21.72
0	67	52.71	48.02
0	68	52.23	9.83
0	69	52.09	38.94
0	70	51.93	44.88
0	71	51.33	37.91
0	72	50.76	48.97
0	73	50.24	46.13
0	74	50.01	47.24
0	75	50.0	40.73
0	76	49.69	49.55
0	77	49.63	48.09
0	78	49.56	47.25
0	79	49.51	48.63
0	80	49.47	45.92
0	81	49.35	47.85
0	82	49.31	46.69
0	83	49.28	47.66
0	84	49.2	18.61
0	85	49.0	48.01
0	86	48.61	39.09
0	87	48.6	42.64
0	88	48.52	40.43
0	89	48.41	33.92
0	90	48.31	43.21
0	91	48.09	35.51
0	92	47.93	44.61
0	93	47.69	28.0
0	94	47.47	44.32
0	95	47.4	24.15
0	96	47.35	47.22
0	97	47.14	44.41
0	98	46.75	35.43
0	99	46.64	46.59
0	100	46.48	34.16
0	101	46.36	31.34
0	102	46.1	45.5
0	103	46.01	45.26
0	104	45.99	42.39
0	105	45.94	34.42
0	106	45.85	39.72
0	107	45.79	45.42
0	108	45.5	44.37
0	109	45.39	28.93
0	110	45.39	42.19
0	111	44.98	43.77
0	112	44.89	29.08
0	113	44.41	37.03
0	114	44.19	27.59
0	115	44.0	40.96
0	116	43.98	16.83
0	117	43.96	42.74
0	118	43.38	23.56
0	119	43.24	32.01
0	120	43.22	40.29
0	121	42.74	28.46
0	122	42.46	41.77
0	123	42.21	34.6
0	124	41.96	13.03
0	125	41.89	33.16
0	126	41.86	23.11
0	127	41.74	0.0
0	128	41.73	39.72
0	129	41.6	17.06
0	130	41.57	18.64
0	131	41.56	38.76
0	132	41.42	26.93
0	133	41.29	29.54
0	134	41.28	36.28
0	135	40.81	28.51
0	136	40.63	39.6
0	137	40.62	29.74
0	138	40.37	39.81
0	139	40.24	38.08
0	140	40.22	25.93
0	141	40.17	23.23
0	142	39.86	39.04
0	143	39.62	38.39
0	144	39.36	8.68
0	145	39.11	27.43
0	146	39.06	26.12
0	147	39.03	31.14
0	148	38.98	33.04
0	149	38.97	36.27
0	150	38.79	33.87
0	151	38.77	28.96
0	152	38.65	16.61
0	153	38.31	20.41
0	154	38.22	32.5
0	155	38.21	37.93
0	156	38.07	22.44
0	157	37.81	14.74
0	158	37.57	32.13
0	159	37.54	15.81
0	160	37.29	27.68
0	161	37.27	17.64
0	162	37.27	35.71
0	163	37.23	23.43
0	164	36.92	29.08
0	165	36.82	32.49
0	166	36.53	23.35
0	167	36.27	35.95
0	168	36.1	31.84
0	169	35.92	29.47
0	170	35.87	27.45
0	171	35.72	14.11
0	172	35.68	28.6
0	173	35.57	27.48
0	174	35.54	0.0
0	175	35.47	30.68
0	176	35.41	34.26
0	177	35.25	29.0
0	178	35.17	30.04
0	179	35.16	11.89
0	180	34.99	33.83
0	181	34.96	34.37
0	182	34.91	32.52
0	183	34.88	27.37
0	184	34.61	29.95
0	185	34.44	22.94
0	186	34.34	6.33
0	187	34.2	29.54
0	188	34.0	5.69
0	189	33.97	33.95
0	190	33.84	31.47
0	191	33.83	16.55
0	192	33.78	26.19
0	193	33.64	9.62
0	194	33.64	32.36
0	195	33.57	17.48
0	196	33.47	32.71
0	197	33.28	11.79
0	198	33.21	28.62
0	199	33.17	23.15
0	200	33.07	9.85
0	201	32.98	20.21
0	202	32.89	22.94
0	203	32.84	17.17
0	204	32.78	31.0
0	205	32.73	27.14
0	206	32.63	9.85
0	207	32.5	18.99
0	208	32.4	24.09
0	209	32.17	30.8
0	210	32.09	31.47
0	211	32.09	31.47
0	212	32.03	29.92
0	213	31.9	31.32
0	214	31.75	8.25
0	215	31.69	24.17
0	216	31.61	28.74
0	217	31.51	18.75
0	218	31.47	29.61
0	219	31.33	21.43
0	220	31.32	20.57
0	221	31.2	11.99
0	222	31.16	0.0
0	223	31.11	25.08
0	224	31.06	28.84
0	225	31.05	18.87
0	226	30.95	20.8
0	227	30.91	22.67
0	228	30.85	5.43
0	229	30.83	27.69
0	230	30.82	6.48
0	231	30.8	25.83
0	232	30.79	30.48
0	233	30.72	26.17
0	234	30.46	22.93
0	235	30.41	11.78
0	236	30.32	21.01
0	237	30.29	16.49
0	238	30.21	24.32
0	239	30.19	16.83
0	240	30.15	28.12
0	241	30.1	23.76
0	242	30.02	24.65
0	243	30.0	22.79
0	244	29.87	25.12
0	245	29.82	26.93
0	246	29.73	0.0
0	247	29.72	25.77
0	248	29.63	5.97
0	249	29.5	18.87
0	250	29.47	26.44
0	251	29.39	21.01
0	252	29.35	27.46
0	253	29.31	28.22
0	254	29.3	22.78
0	255	29.22	8.85
0	256	29.15	22.56
0	257	29.14	24.34
0	258	29.06	6.72
0	259	28.99	12.4
0	260	28.91	0.0
0	261	28.9	25.87
0	262	28.85	13.71
0	263	28.82	18.67
0	264	28.82	20.76
0	265	28.77	28.71
0	266	28.69	13.73
0	267	28.54	26.7
0	268	28.5	27.96
0	269	28.43	27.08
0	270	28.42	20.33
0	271	28.42	12.08
0	272	28.39	26.96
0	273	28.3	10.52
0	274	28.28	21.65
0	275	28.25	13.97
0	276	28.24	26.91
0	277	28.15	11.83
0	278	28.02	20.13
0	279	27.96	6.19
0	280	27.92	25.08
0	281	27.89	24.12
0	282	27.8	23.97
0	283	27.78	17.25
0	284	27.68	26.6
0	285	27.65	15.9
0	286	27.61	23.06
0	287	27.53	5.25
0	288	27.53	26.46
0	289	27.52	15.87
0	290	27.44	21.47
0	291	27.24	7.63
0	292	27.24	24.67
0	293	27.21	15.72
0	294	27.13	19.78
0	295	27.02	16.2
0	296	26.99	23.91
0	297	26.96	25.42
0	298	26.94	20.06
0	299	26.9	26.56
0	300	26.85	6.43
0	301	26.85	26.28
0	302	26.85	21.32
0	303	26.83	17.24
0	304	26.8	25.89
0	305	26.79	16.42
0	306	26.78	14.05
0	307	26.77	8.69
0	308	26.72	25.79
0	309	26.7	22.47
0	310	26.69	14.51
0	311	26.68	24.12
0	312	26.66	11.48
0	313	26.61	23.25
0	314	26.6	15.82
0	315	26.56	25.16
0	316	26.55	5.92
0	317	26.47	24.09
0	318	26.34	25.75
0	319	26.3	18.08
0	320	26.29	25.35
0	321	26.26	23.4
0	322	26.06	0.0
0	323	26.05	0.0
0	324	26.03	0.0
0	325	25.99	1.99
0	326	25.96	17.59
0	327	25.9	18.06
0	328	25.9	21.97
0	329	25.74	4.16
0	330	25.7	0.0
0	331	25.66	13.5
0	332	25.61	0.0
0	333	25.57	17.6
0	334	25.56	11.39
0	335	25.49	24.48
0	336	25.42	5.83
0	337	25.35	16.36
0	338	25.29	20.32
0	339	25.29	0.0
0	340	25.24	23.74
0	341	25.22	15.6
0	342	25.21	24.36
0	343	25.2	20.87
0	344	25.15	13.64
0	345	25.14	23.39
0	346	25.11	24.88
0	347	25.02	23.52
0	348	24.98	19.16
0	349	24.93	20.15
0	350	24.92	17.45
0	351	24.91	23.22
0	352	24.9	5.25
0	353	24.9	10.99
0	354	24.86	17.82
0	355	24.85	15.56
0	356	24.85	23.29
0	357	24.83	15.73
0	358	24.81	0.0
0	359	24.75	17.44
0	360	24.73	23.1
0	361	24.73	23.98
0	362	24.72	2.46
0	363	24.72	15.73
0	364	24.71	6.02
0	365	24.69	22.18
0	366	24.58	16.61
0	367	24.55	13.3
0	368	24.52	20.17
0	369	24.52	7.36
0	370	24.47	22.98
0	371	24.42	21.82
0	372	24.41	21.31
0	373	24.4	10.25
0	374	24.39	14.29
0	375	24.36	21.75
0	376	24.3	23.53
0	377	24.26	18.01
0	378	24.23	19.49
0	379	24.2	23.37
0	380	24.17	22.49
0	381	24.16	22.78
0	382	24.06	0.0
0	383	24.05	9.05
0	384	24.04	18.83
0	385	23.92	0.0
0	386	23.88	17.76
0	387	23.75	22.22
0	388	23.7	22.69
0	389	23.69	21.25
0	390	23.63	20.03
0	391	23.63	20.25
0	392	23.61	0.0
0	393	23.52	20.31
0	394	23.51	13.66
0	395	23.47	4.02
0	396	23.46	9.57
0	397	23.46	0.0
0	398	23.43	18.0
0	399	23.42	13.27
0	400	23.4	21.67
0	401	23.34	14.19
0	402	23.31	17.59
0	403	23.27	21.8
0	404	23.26	17.34
0	405	23.18	19.26
0	406	23.15	7.84
0	407	23.13	9.32
0	408	23.12	18.86
0	409	23.09	17.21
0	410	23.04	22.34
0	411	22.85	0.34
0	412	22.83	9.98
0	413	22.82	18.38
0	414	22.81	20.7
0	415	22.73	9.36
0	416	22.69	19.89
0	417	22.67	17.48
0	418	22.65	21.81
0	419	22.62	20.83
0	420	22.57	0.0
0	421	22.47	2.75
0	422	22.45	21.26
0	423	22.41	2.96
0	424	22.36	21.55
0	425	22.2	18.79
0	426	22.19	19.03
0	427	22.14	0.0
0	428	22.12	21.77
0	429	22.12	5.78
0	430	22.1	17.45
0	431	22.09	7.56
0	432	22.09	19.26
0	433	22.06	19.41
0	434	22.0	0.99
0	435	21.97	16.32
0	436	21.95	16.83
0	437	21.94	4.18
0	438	21.94	17.87
0	439	21.91	14.63
0	440	21.82	0.0
0	441	21.79	17.19
0	442	21.75	13.96
0	443	21.66	17.19
0	444	21.61	13.09
0	445	21.58	16.38
0	446	21.55	12.4
0	447	21.53	3.08
0	448	21.5	2.05
0	449	21.49	16.0
0	450	21.42	17.86
0	451	21.38	12.55
0	452	21.37	11.1
0	453	21.36	0.54
0	454	21.33	7.52
0	455	21.28	0.0
0	456	21.24	10.33
0	457	21.21	19.56
0	458	21.17	15.33
0	459	21.07	0.0
0	460	21.04	0.0
0	461	21.03	17.44
0	462	21.01	10.49
0	463	20.89	18.3
0	464	20.89	20.7
0	465	20.88	14.71
0	466	20.87	11.3
0	467	20.78	19.18
0	468	20.77	20.07
0	469	20.75	3.98
0	470	20.65	2.54
0	471	20.64	10.27
0	472	20.59	18.14
0	473	20.55	17.78
0	474	20.51	15.23
0	475	20.49	0.0
0	476	20.47	12.87
0	477	20.46	10.98
0	478	20.46	19.62
0	479	20.45	16.67
0	480	20.45	18.07
0	481	20.42	18.92
0	482	20.4	17.39
0	483	20.39	16.78
0	484	20.37	18.2
0	485	20.35	8.03
0	486	20.24	8.0
0	487	20.24	18.18
0	488	20.23	9.65
0	489	20.08	16.5
0	490	20.08	14.32
0	491	20.01	18.02
0	492	20.0	12.86
0	493	19.99	1.01
0	494	19.88	10.0
0	495	19.86	11.73
0	496	19.81	19.25
0	497	19.72	0.0
0	498	19.66	0.0
0	499	19.66	12.34
0	500	19.64	15.83
0	501	19.54	17.33
0	502	19.5	14.07
0	503	19.49	18.16
0	504	19.46	7.13
0	505	19.43	10.59
0	506	19.35	6.8
0	507	19.33	16.74
0	508	19.32	13.83
0	509	19.3	15.56
0	510	19.23	14.85
0	511	19.22	0.0
0	512	19.15	0.0
0	513	19.15	12.86
0	514	19.13	0.0
0	515	19.09	3.16
0	516	19.07	10.2
0	517	19.02	6.65
0	518	18.97	11.13
0	519	18.95	10.03
0	520	18.95	18.57
0	521	18.94	17.43
0	522	18.94	12.85
0	523	18.92	12.51
0	524	18.85	16.96
0	525	18.84	16.02
0	526	18.83	0.0
0	527	18.77	11.04
0	528	18.75	0.0
0	529	18.74	0.0
0	530	18.71	16.21
0	531	18.62	4.26
0	532	18.62	8.47
0	533	18.61	10.38
0	534	18.56	0.0
0	535	18.55	11.61
0	536	18.52	7.65
0	537	18.52	0.72
0	538	18.49	12.93
0	539	18.48	14.95
0	540	18.45	0.0
0	541	18.45	16.46
0	542	18.45	16.45
0	543	18.4	13.64
0	544	18.34	10.4
0	545	18.29	10.42
0	546	18.26	5.22
0	547	18.22	13.72
0	548	18.21	13.71
0	549	18.17	13.75
0	550	18.12	13.97
0	551	18.11	17.54
0	552	18.06	0.0
0	553	18.04	12.19
0	554	18.02	3.85
0	555	17.99	0.0
0	556	17.99	10.01
0	557	17.96	12.44
0	558	17.89	15.45
0	559	17.88	16.56
0	560	17.87	12.45
0	561	17.86	13.45
0	562	17.86	0.0
0	563	17.71	11.24
0	564	17.69	16.69
0	565	17.69	2.63
0	566	17.66	0.0
0	567	17.66	0.0
0	568	17.65	5.61
0	569	17.64	13.41
0	570	17.63	15.36
0	571	17.62	0.0
0	572	17.6	11.99
0	573	17.59	15.89
0	574	17.57	6.71
0	575	17.56	5.38
0	576	17.53	14.04
0	577	17.53	13.05
0	578	17.52	0.06
0	579	17.52	0.0
0	580	17.5	5.88
0	581	17.43	15.56
0	582	17.42	8.02
0	583	17.41	0.0
0	584	17.39	0.0
0	585	17.38	9.03
0	586	17.37	12.84
0	587	17.36	3.99
0	588	17.31	1.53
0	589	17.29	14.12
0	590	17.27	15.92
0	591	17.25	13.16
0	592	17.2	4.78
0	593	17.19	9.99
0	594	17.18	6.21
0	595	17.18	17.16
0	596	17.1	0.0
0	597	17.07	16.57
0	598	17.06	15.41
0	599	17.05	6.02
0	600	17.04	11.06
0	601	17.0	9.21
0	602	16.96	11.31
0	603	16.95	13.05
0	604	16.93	4.17
0	605	16.91	0.0
0	606	16.9	11.34
0	607	16.89	12.56
0	608	16.89	0.0
0	609	16.88	0.0
0	610	16.86	14.28
0	611	16.83	15.62
0	612	16.8	5.53
0	613	16.8	0.16
0	614	16.79	0.0
0	615	16.79	3.39
0	616	16.79	0.0
0	617	16.77	12.32
0	618	16.61	0.0
0	619	16.59	16.54
0	620	16.56	8.14
0	621	16.56	4.98
0	622	16.56	15.29
0	623	16.53	1.13
0	624	16.53	0.0
0	625	16.52	14.48
0	626	16.51	5.85
0	627	16.49	12.18
0	628	16.48	13.75
0	629	16.47	5.35
0	630	16.43	8.64
0	631	16.42	0.29
0	632	16.36	10.99
0	633	16.34	11.1
0	634	16.34	11.29
0	635	16.32	15.63
0	636	16.3	12.04
0	637	16.29	0.0
0	638	16.25	13.36
0	639	16.25	5.75
0	640	16.24	0.0
0	641	16.22	5.26
0	642	16.22	0.0
0	643	16.2	14.11
0	644	16.16	0.92
0	645	16.14	2.14
0	646	16.11	11.15
0	647	16.09	9.05
0	648	16.08	3.77
0	649	16.05	15.97
0	650	16.04	15.51
0	651	15.97	13.18
0	652	15.94	15.19
0	653	15.92	12.91
0	654	15.91	4.5
0	655	15.84	15.1
0	656	15.8	0.0
0	657	15.77	0.0
0	658	15.74	0.0
0	659	15.71	13.94
0	660	15.68	0.0
0	661	15.67	8.65
0	662	15.66	0.0
0	663	15.63	9.95
0	664	15.6	14.11
0	665	15.59	12.65
0	666	15.57	14.17
0	667	15.56	15.22
0	668	15.55	14.51
0	669	15.54	9.24
0	670	15.5	13.54
0	671	15.49	7.74
0	672	15.48	13.19
0	673	15.43	8.39
0	674	15.42	14.44
0	675	15.38	3.35
0	676	15.33	0.0
0	677	15.32	6.75
0	678	15.24	14.98
0	679	15.19	0.0
0	680	15.18	9.75
0	681	15.18	7.31
0	682	15.16	14.71
0	683	15.14	8.76
0	684	15.13	2.99
0	685	15.11	9.86
0	686	15.03	9.26
0	687	15.02	12.12
0	688	15.01	14.23
0	689	14.99	13.6
0	690	14.95	0.0
0	691	14.95	8.99
0	692	14.95	3.9
0	693	14.93	3.26
0	694	14.92	14.53
0	695	14.89	13.76
0	696	14.88	10.82
0	697	14.85	9.55
0	698	14.84	14.81
0	699	14.83	14.01
0	700	14.83	0.0
0	701	14.8	14.1
0	702	14.74	6.35
0	703	14.73	12.67
0	704	14.73	14.54
0	705	14.72	5.17
0	706	14.65	9.03
0	707	14.65	4.6
0	708	14.64	0.0
0	709	14.61	4.13
0	710	14.53	12.28
0	711	14.51	12.35
0	712	14.45	11.08
0	713	14.45	0.0
0	714	14.43	8.9
0	715	14.43	9.07
0	716	14.39	8.46
0	717	14.37	8.81
0	718	14.33	0.0
0	719	14.33	7.98
0	720	14.27	13.75
0	721	14.23	11.32
0	722	14.22	5.64
0	723	14.21	12.69
0	724	14.2	12.66
0	725	14.2	0.0
0	726	14.18	0.0
0	727	14.18	13.65
0	728	14.15	0.0
0	729	14.14	4.77
0	730	14.1	13.94
0	731	14.08	0.0
0	732	14.06	0.0
0	733	14.04	11.24
0	734	14.0	8.85
0	735	13.99	8.32
0	736	13.95	0.0
0	737	13.95	6.83
0	738	13.94	0.0
0	739	13.9	7.51
0	740	13.89	8.59
0	741	13.89	10.15
0	742	13.86	10.09
0	743	13.84	12.99
0	744	13.82	10.16
0	745	13.81	3.64
0	746	13.78	12.11
0	747	13.78	0.0
0	748	13.76	9.65
0	749	13.76	2.6
0	750	13.74	0.0
0	751	13.74	0.0
0	752	13.73	8.08
0	753	13.73	11.24
0	754	13.72	0.0
0	755	13.7	5.43
0	756	13.69	0.0
0	757	13.65	13.42
0	758	13.65	13.36
0	759	13.61	1.21
0	760	13.61	9.95
0	761	13.58	12.16
0	762	13.54	4.16
0	763	13.53	0.0
0	764	13.49	12.43
0	765	13.47	5.3
0	766	13.44	0.0
0	767	13.42	5.81
0	768	13.42	11.56
0	769	13.4	7.36
0	770	13.3	5.95
0	771	13.28	5.67
0	772	13.27	0.0
0	773	13.24	0.0
0	774	13.23	6.37
0	775	13.2	4.53
0	776	13.15	0.0
0	777	13.15	11.84
0	778	13.12	9.64
0	779	13.09	3.17
0	780	13.09	0.0
0	781	13.07	7.46
0	782	13.06	7.39
0	783	13.05	2.13
0	784	13.04	0.0
0	785	13.03	0.0
0	786	13.02	10.34
0	787	12.99	0.0
0	788	12.99	5.65
0	789	12.95	9.84
0	790	12.94	9.35
0	791	12.87	6.86
0	792	12.86	0.0
0	793	12.85	0.0
0	794	12.84	0.0
0	795	12.8	11.67
0	796	12.79	11.97
0	797	12.78	8.28
0	798	12.73	0.3
0	799	12.7	7.88
0	800	12.67	10.09
0	801	12.63	10.75
0	802	12.6	0.0
0	803	12.59	4.46
0	804	12.57	11.44
0	805	12.57	9.02
0	806	12.55	0.0
0	807	12.55	0.0
0	808	12.54	0.61
0	809	12.53	10.76
0	810	12.52	8.61
0	811	12.5	12.41
0	812	12.46	4.34
0	813	12.44	2.45
0	814	12.41	0.0
0	815	12.4	0.0
0	816	12.4	1.48
0	817	12.4	0.0
0	818	12.37	7.43
0	819	12.33	8.4
0	820	12.32	9.25
0	821	12.31	7.42
0	822	12.3	7.02
0	823	12.25	12.18
0	824	12.24	9.14
0	825	12.23	6.77
0	826	12.23	0.0
0	827	12.2	0.0
0	828	12.17	0.0
0	829	12.16	1.92
0	830	12.13	0.0
0	831	12.1	8.07
0	832	12.09	6.85
0	833	12.08	6.59
0	834	12.06	0.0
0	835	12.03	0.0
0	836	12.03	0.0
0	837	12.0	10.94
0	838	11.98	10.77
0	839	11.98	11.79
0	840	11.97	10.75
0	841	11.97	3.51
0	842	11.96	0.0
0	843	11.95	0.0
0	844	11.94	0.0
0	845	11.93	5.55
0	846	11.93	4.55
0	847	11.88	0.0
0	848	11.88	1.88
0	849	11.87	6.69
0	850	11.82	5.69
0	851	11.8	11.5
0	852	11.8	9.9
0	853	11.69	0.0
0	854	11.66	2.2
0	855	11.64	8.64
0	856	11.63	3.65
0	857	11.61	9.96
0	858	11.61	0.0
0	859	11.61	0.0
0	860	11.61	0.0
0	861	11.6	11.14
0	862	11.6	10.59
0	863	11.57	0.0
0	864	11.56	0.0
0	865	11.55	6.74
0	866	11.54	0.0
0	867	11.52	0.08
0	868	11.52	8.98
0	869	11.48	0.0
0	870	11.48	0.0
0	871	11.47	0.0
0	872	11.43	10.92
0	873	11.42	10.57
0	874	11.41	2.23
0	875	11.37	10.86
0	876	11.34	9.78
0	877	11.34	9.87
0	878	11.33	8.15
0	879	11.3	8.44
0	880	11.27	0.0
0	881	11.25	1.95
0	882	11.24	5.95
0	883	11.24	0.0
0	884	11.23	0.0
0	885	11.23	10.56
0	886	11.22	8.58
0	887	11.2	1.51
0	888	11.2	0.0
0	889	11.2	8.62
0	890	11.16	8.34
0	891	11.15	6.98
0	892	11.14	0.0
0	893	11.12	0.0
0	894	11.09	4.72
0	895	11.08	2.88
0	896	11.07	5.64
0	897	11.03	0.0
0	898	11.01	0.0
0	899	11.0	4.55
0	900	10.99	2.72
0	901	10.99	7.26
0	902	10.98	2.77
0	903	10.98	4.46
0	904	10.97	5.81
0	905	10.96	9.68
0	906	10.93	0.0
0	907	10.89	5.96
0	908	10.85	10.43
0	909	10.84	0.0
0	910	10.82	0.0
0	911	10.81	9.7
0	912	10.81	0.0
0	913	10.79	5.65
0	914	10.79	0.0
0	915	10.78	6.76
0	916	10.72	8.64
0	917	10.72	2.52
0	918	10.7	8.93
0	919	10.66	4.92
0	920	10.65	9.48
0	921	10.61	9.85
0	922	10.61	1.11
0	923	10.57	0.0
0	924	10.56	0.0
0	925	10.51	7.32
0	926	10.5	0.0
0	927	10.48	0.0
0	928	10.48	0.0
0	929	10.48	2.12
0	930	10.46	4.5
0	931	10.41	0.0
0	932	10.38	8.42
0	933	10.36	0.0
0	934	10.34	4.38
0	935	10.3	2.99
0	936	10.28	8.62
0	937	10.27	0.0
0	938	10.24	10.04
0	939	10.23	5.09
0	940	10.23	0.0
0	941	10.22	2.9
0	942	10.2	0.0
0	943	10.2	0.0
0	944	10.2	1.96
0	945	10.19	6.87
0	946	10.18	9.3
0	947	10.16	8.34
0	948	10.14	0.0
0	949	10.08	0.0
0	950	10.06	8.32
0	951	10.05	0.0
0	952	10.04	5.58
0	953	10.04	0.0
0	954	10.01	0.0
0	955	10.01	7.57
0	956	10.0	5.71
0	957	9.98	1.09
0	958	9.98	0.0
0	959	9.97	0.0
0	960	9.96	2.92
0	961	9.96	0.0
0	962	9.95	0.78
0	963	9.95	0.0
0	964	9.93	1.39
0	965	9.91	0.0
0	966	9.9	1.52
0	967	9.87	0.0
0	968	9.87	0.0
0	969	9.85	7.96
0	970	9.85	7.25
0	971	9.82	0.0
0	972	9.82	0.0
0	973	9.81	3.65
0	974	9.81	0.0
0	975	9.8	9.14
0	976	9.8	0.0
0	977	9.8	2.18
0	978	9.8	0.0
0	979	9.79	0.0
0	980	9.75	0.0
0	981	9.75	0.0
0	982	9.74	0.0
0	983	9.73	9.41
0	984	9.67	0.0
0	985	9.66	6.05
0	986	9.64	4.94
0	987	9.64	7.9
0	988	9.59	4.71
0	989	9.58	0.0
0	990	9.57	7.15
0	991	9.57	3.08
0	992	9.52	0.0
0	993	9.5	0.0
0	994	9.5	0.0
0	995	9.46	0.0
0	996	9.46	7.39
0	997	9.43	0.66
0	998	9.4	0.0
0	999	9.38	0.0
0	1000	9.32	0.0
0	1001	9.31	0.0
0	1002	9.27	0.0
0	1003	9.24	5.46
0	1004	9.24	5.58
0	1005	9.21	7.68
0	1006	9.18	6.2
0	1007	9.16	8.32
0	1008	9.16	2.99
0	1009	9.15	0.0
0	1010	9.13	0.0
0	1011	9.13	0.0
0	1012	9.1	0.0
0	1013	9.1	4.15
0	1014	9.09	0.0
0	1015	9.09	4.5
0	1016	9.09	0.0
0	1017	9.07	0.0
0	1018	9.05	0.0
0	1019	9.05	5.92
0	1020	9.01	0.0
0	1021	8.97	8.93
0	1022	8.97	0.0
0	1023	8.92	1.97
0	1024	8.88	0.0
0	1025	8.82	0.0
0	1026	8.78	0.57
0	1027	8.76	8.51
0	1028	8.75	4.36
0	1029	8.72	0.0
0	1030	8.72	0.0
0	1031	8.71	0.0
0	1032	8.7	8.11
0	1033	8.68	2.95
0	1034	8.64	7.48
0	1035	8.64	5.34
0	1036	8.63	3.94
0	1037	8.63	8.61
0	1038	8.61	5.59
0	1039	8.61	6.32
0	1040	8.6	6.91
0	1041	8.54	0.7
0	1042	8.53	0.0
0	1043	8.53	7.67
0	1044	8.48	0.0
0	1045	8.45	6.86
0	1046	8.45	8.29
0	1047	8.42	6.11
0	1048	8.39	0.0
0	1049	8.31	0.82
0	1050	8.3	6.48
0	1051	8.27	0.0
0	1052	8.25	1.7
0	1053	8.24	6.81
0	1054	8.22	1.21
0	1055	8.2	0.0
0	1056	8.18	7.51
0	1057	8.17	0.79
0	1058	8.12	0.0
0	1059	8.11	0.0
0	1060	8.11	3.29
0	1061	8.07	4.42
0	1062	8.06	2.26
0	1063	8.02	0.0
0	1064	8.0	0.0
0	1065	8.0	6.45
0	1066	7.98	4.91
0	1067	7.96	7.69
0	1068	7.91	0.0
0	1069	7.86	4.53
0	1070	7.85	0.0
0	1071	7.85	0.0
0	1072	7.84	0.0
0	1073	7.83	0.0
0	1074	7.82	0.0
0	1075	7.82	0.0
0	1076	7.82	1.02
0	1077	7.81	0.0
0	1078	7.69	5.48
0	1079	7.68	0.0
0	1080	7.64	0.0
0	1081	7.64	3.6
0	1082	7.63	0.76
0	1083	7.62	6.46
0	1084	7.59	4.31
0	1085	7.59	2.64
0	1086	7.56	0.0
0	1087	7.53	0.0
0	1088	7.52	3.4
0	1089	7.51	0.0
0	1090	7.5	0.14
0	1091	7.5	5.04
0	1092	7.48	0.41
0	1093	7.48	0.0
0	1094	7.47	0.0
0	1095	7.46	0.0
0	1096	7.45	3.61
0	1097	7.43	6.93
0	1098	7.42	6.91
0	1099	7.42	4.3
0	1100	7.41	4.17
0	1101	7.4	6.52
0	1102	7.38	5.73
0	1103	7.37	6.32
0	1104	7.36	4.57
0	1105	7.35	0.0
0	1106	7.35	5.13
0	1107	7.35	0.0
0	1108	7.33	0.0
0	1109	7.32	1.62
0	1110	7.32	1.84
0	1111	7.32	0.0
0	1112	7.29	5.89
0	1113	7.29	0.0
0	1114	7.28	5.99
0	1115	7.27	5.26
0	1116	7.27	0.0
0	1117	7.26	0.0
0	1118	7.24	0.0
0	1119	7.24	1.28
0	1120	7.21	0.0
0	1121	7.18	0.0
0	1122	7.18	1.4
0	1123	7.14	0.17
0	1124	7.13	0.0
0	1125	7.12	0.0
0	1126	7.11	6.21
0	1127	7.09	4.7
0	1128	7.09	6.24
0	1129	7.08	1.78
0	1130	7.05	5.34
0	1131	7.03	2.08
0	1132	7.03	0.0
0	1133	7.02	0.0
0	1134	7.01	6.3
0	1135	7.01	6.19
0	1136	6.98	0.0
0	1137	6.96	0.0
0	1138	6.95	6.54
0	1139	6.95	0.0
0	1140	6.93	6.42
0	1141	6.93	0.0
0	1142	6.93	0.0
0	1143	6.92	3.12
0	1144	6.92	0.0
0	1145	6.92	0.0
0	1146	6.92	0.0
0	1147	6.91	0.0
0	1148	6.9	0.0
0	1149	6.87	1.6
0	1150	6.87	2.22
0	1151	6.85	0.0
0	1152	6.85	0.0
0	1153	6.82	0.0
0	1154	6.82	0.0
0	1155	6.8	3.54
0	1156	6.78	3.86
0	1157	6.78	0.0
0	1158	6.77	5.75
0	1159	6.76	0.0
0	1160	6.75	0.48
0	1161	6.75	0.0
0	1162	6.74	0.01
0	1163	6.72	6.17
0	1164	6.72	0.0
0	1165	6.7	0.57
0	1166	6.7	1.87
0	1167	6.7	3.7
0	1168	6.68	0.0
0	1169	6.67	0.0
0	1170	6.66	6.35
0	1171	6.66	3.84
0	1172	6.61	4.76
0	1173	6.59	2.79
0	1174	6.59	2.95
0	1175	6.57	0.0
0	1176	6.57	0.0
0	1177	6.57	3.69
0	1178	6.57	0.0
0	1179	6.55	0.0
0	1180	6.52	0.75
0	1181	6.49	0.0
0	1182	6.48	4.08
0	1183	6.48	0.0
0	1184	6.48	1.72
0	1185	6.46	0.0
0	1186	6.46	4.18
0	1187	6.44	0.2
0	1188	6.42	0.0
0	1189	6.41	0.0
0	1190	6.4	3.86
0	1191	6.39	0.0
0	1192	6.39	3.77
0	1193	6.39	0.0
0	1194	6.37	0.0
0	1195	6.37	6.17
0	1196	6.35	0.0
0	1197	6.34	0.0
0	1198	6.32	0.0
0	1199	6.31	0.0
0	1200	6.3	1.24
0	1201	6.29	4.15
0	1202	6.29	2.62
0	1203	6.28	5.53
0	1204	6.28	0.0
0	1205	6.28	0.0
0	1206	6.27	0.51
0	1207	6.27	0.0
0	1208	6.27	0.0
0	1209	6.26	5.63
0	1210	6.24	0.0
0	1211	6.23	0.0
0	1212	6.2	0.0
0	1213	6.2	3.27
0	1214	6.12	3.28
0	1215	6.12	0.0
0	1216	6.11	0.0
0	1217	6.1	0.0
0	1218	6.1	3.95
0	1219	6.09	0.0
0	1220	6.08	0.0
0	1221	6.07	0.0
0	1222	6.07	4.9
0	1223	6.04	0.6
0	1224	6.03	3.69
0	1225	6.02	0.0
0	1226	6.0	0.0
0	1227	5.97	2.45
0	1228	5.95	0.0
0	1229	5.95	0.0
0	1230	5.94	0.0
0	1231	5.92	0.0
0	1232	5.91	0.01
0	1233	5.89	0.0
0	1234	5.86	3.72
0	1235	5.85	0.0
0	1236	5.85	0.0
0	1237	5.84	0.0
0	1238	5.82	2.64
0	1239	5.82	1.73
0	1240	5.81	5.62
0	1241	5.78	4.19
0	1242	5.77	0.93
0	1243	5.76	0.0
0	1244	5.76	0.0
0	1245	5.75	0.0
0	1246	5.75	0.0
0	1247	5.75	0.0
0	1248	5.74	0.0
0	1249	5.74	0.1
0	1250	5.73	0.0
0	1251	5.73	0.0
0	1252	5.7	3.03
0	1253	5.7	0.0
0	1254	5.69	0.0
0	1255	5.68	0.0
0	1256	5.67	0.0
0	1257	5.66	0.0
0	1258	5.66	0.34
0	1259	5.66	4.2
0	1260	5.64	0.0
0	1261	5.63	0.0
0	1262	5.62	0.0
0	1263	5.61	0.0
0	1264	5.57	0.0
0	1265	5.56	2.08
0	1266	5.55	0.0
0	1267	5.53	0.85
0	1268	5.52	0.0
0	1269	5.51	3.48
0	1270	5.47	0.0
0	1271	5.46	4.67
0	1272	5.45	3.4
0	1273	5.45	4.33
0	1274	5.44	0.0
0	1275	5.44	0.0
0	1276	5.43	1.0
0	1277	5.42	2.61
0	1278	5.41	0.0
0	1279	5.38	0.0
0	1280	5.37	0.0
0	1281	5.36	0.0
0	1282	5.36	4.59
0	1283	5.35	0.0
0	1284	5.35	0.0
0	1285	5.35	0.52
0	1286	5.32	0.22
0	1287	5.3	0.0
0	1288	5.25	2.49
0	1289	5.24	0.0
0	1290	5.24	3.18
0	1291	5.24	3.51
0	1292	5.23	0.0
0	1293	5.23	0.0
0	1294	5.17	0.0
0	1295	5.16	0.0
0	1296	5.15	1.77
0	1297	5.13	2.23
0	1298	5.12	5.04
0	1299	5.12	0.79
0	1300	5.11	0.0
0	1301	5.11	0.0
0	1302	5.11	0.0
0	1303	5.1	0.0
0	1304	5.09	0.0
0	1305	5.07	1.65
0	1306	5.04	0.0
0	1307	5.03	0.0
0	1308	5.01	0.0
0	1309	4.98	0.0
0	1310	4.97	0.0
0	1311	4.97	0.0
0	1312	4.96	0.0
0	1313	4.96	0.0
0	1314	4.95	1.72
0	1315	4.93	0.0
0	1316	4.92	0.0
0	1317	4.9	1.99
0	1318	4.89	0.0
0	1319	4.89	2.0
0	1320	4.88	0.0
0	1321	4.88	0.0
0	1322	4.86	0.0
0	1323	4.86	0.0
0	1324	4.85	3.88
0	1325	4.8	0.0
0	1326	4.8	0.0
0	1327	4.8	0.0
0	1328	4.79	0.08
0	1329	4.79	0.0
0	1330	4.79	0.0
0	1331	4.79	0.0
0	1332	4.78	1.61
0	1333	4.71	0.0
0	1334	4.71	0.0
0	1335	4.7	0.0
0	1336	4.7	0.0
0	1337	4.69	0.0
0	1338	4.68	0.0
0	1339	4.65	2.24
0	1340	4.62	0.0
0	1341	4.61	1.72
0	1342	4.61	0.0
0	1343	4.59	1.21
0	1344	4.58	0.0
0	1345	4.57	0.0
0	1346	4.54	0.66
0	1347	4.52	0.0
0	1348	4.51	0.0
0	1349	4.51	0.0
0	1350	4.48	0.0
0	1351	4.48	0.0
0	1352	4.44	0.0
0	1353	4.43	0.0
0	1354	4.43	0.0
0	1355	4.43	2.65
0	1356	4.41	0.0
0	1357	4.41	0.0
0	1358	4.41	0.0
0	1359	4.37	0.83
0	1360	4.37	0.0
0	1361	4.36	0.0
0	1362	4.36	0.0
0	1363	4.35	1.07
0	1364	4.33	3.98
0	1365	4.33	3.8
0	1366	4.33	0.0
0	1367	4.33	0.0
0	1368	4.29	0.0
0	1369	4.29	0.0
0	1370	4.28	0.0
0	1371	4.27	0.0
0	1372	4.27	2.23
0	1373	4.25	0.0
0	1374	4.23	0.0
0	1375	4.22	4.2
0	1376	4.21	2.81
0	1377	4.18	2.2
0	1378	4.17	0.0
0	1379	4.15	0.0
0	1380	4.15	3.41
0	1381	4.15	0.0
0	1382	4.15	0.0
0	1383	4.15	1.72
0	1384	4.13	0.0
0	1385	4.13	0.0
0	1386	4.12	0.0
0	1387	4.11	0.0
0	1388	4.11	0.0
0	1389	4.11	0.0
0	1390	4.1	3.85
0	1391	4.1	0.0
0	1392	4.07	0.0
0	1393	4.05	0.0
0	1394	4.05	0.0
0	1395	4.04	0.0
0	1396	4.04	2.05
0	1397	4.04	0.0
0	1398	4.02	1.42
0	1399	4.02	0.0
0	1400	4.01	0.0
0	1401	4.01	0.0
0	1402	3.99	0.0
0	1403	3.98	0.0
0	1404	3.97	0.0
0	1405	3.93	0.0
0	1406	3.9	0.0
0	1407	3.88	0.0
0	1408	3.87	0.0
0	1409	3.87	0.0
0	1410	3.86	2.15
0	1411	3.83	0.0
0	1412	3.83	0.0
0	1413	3.83	0.0
0	1414	3.81	0.0
0	1415	3.81	1.77
0	1416	3.8	0.0
0	1417	3.8	0.0
0	1418	3.79	0.0
0	1419	3.78	0.0
0	1420	3.77	0.0
0	1421	3.77	0.29
0	1422	3.76	0.0
0	1423	3.75	0.0
0	1424	3.74	0.0
0	1425	3.73	0.0
0	1426	3.73	0.0
0	1427	3.73	0.0
0	1428	3.72	0.0
0	1429	3.72	0.0
0	1430	3.71	3.46
0	1431	3.68	0.35
0	1432	3.67	0.19
0	1433	3.67	0.0
0	1434	3.67	0.0
0	1435	3.67	0.0
0	1436	3.66	0.0
0	1437	3.66	2.26
0	1438	3.66	2.12
0	1439	3.66	3.3
0	1440	3.66	0.0
0	1441	3.65	0.0
0	1442	3.64	3.4
0	1443	3.63	0.0
0	1444	3.63	2.74
0	1445	3.62	0.0
0	1446	3.62	0.0
0	1447	3.62	0.0
0	1448	3.6	2.67
0	1449	3.59	0.0
0	1450	3.58	0.0
0	1451	3.57	0.0
0	1452	3.56	3.21
0	1453	3.51	0.0
0	1454	3.51	0.0
0	1455	3.51	0.0
0	1456	3.49	0.0
0	1457	3.49	0.0
0	1458	3.49	0.09
0	1459	3.49	0.0
0	1460	3.48	0.0
0	1461	3.47	2.11
0	1462	3.46	0.0
0	1463	3.41	0.0
0	1464	3.39	0.84
0	1465	3.39	2.61
0	1466	3.39	0.0
0	1467	3.38	0.0
0	1468	3.38	0.0
0	1469	3.37	0.0
0	1470	3.35	0.0
0	1471	3.34	1.03
0	1472	3.31	0.0
0	1473	3.31	0.0
0	1474	3.31	0.0
0	1475	3.3	2.2
0	1476	3.27	0.0
0	1477	3.27	0.6
0	1478	3.27	0.0
0	1479	3.26	1.71
0	1480	3.26	0.0
0	1481	3.23	0.0
0	1482	3.23	1.09
0	1483	3.22	0.0
0	1484	3.21	0.0
0	1485	3.21	0.0
0	1486	3.2	0.0
0	1487	3.2	0.0
0	1488	3.19	0.0
0	1489	3.17	0.0
0	1490	3.17	0.0
0	1491	3.17	0.0
0	1492	3.16	0.0
0	1493	3.16	2.32
0	1494	3.14	1.6
0	1495	3.14	0.0
0	1496	3.14	0.0
0	1497	3.13	0.07
0	1498	3.12	0.0
0	1499	3.11	0.0
0	1500	3.11	0.29
0	1501	3.09	0.0
0	1502	3.09	1.14
0	1503	3.09	0.0
0	1504	3.08	0.91
0	1505	3.08	0.58
0	1506	3.07	0.0
0	1507	3.06	0.0
0	1508	3.03	1.1
0	1509	3.02	0.0
0	1510	3.02	0.0
0	1511	3.0	0.0
0	1512	3.0	0.0
0	1513	3.0	0.0
0	1514	2.99	0.0
0	1515	2.98	0.0
0	1516	2.98	0.0
0	1517	2.97	2.6
0	1518	2.97	0.0
0	1519	2.95	0.0
0	1520	2.95	0.0
0	1521	2.92	1.71
0	1522	2.92	0.0
0	1523	2.91	0.12
0	1524	2.9	0.0
0	1525	2.9	1.26
0	1526	2.87	1.18
0	1527	2.86	0.0
0	1528	2.85	0.0
0	1529	2.84	0.0
0	1530	2.84	0.0
0	1531	2.82	0.0
0	1532	2.82	0.0
0	1533	2.8	0.0
0	1534	2.8	0.0
0	1535	2.79	0.0
0	1536	2.78	0.21
0	1537	2.78	0.0
0	1538	2.77	1.0
0	1539	2.74	2.06
0	1540	2.73	0.0
0	1541	2.72	0.0
0	1542	2.69	0.2
0	1543	2.68	0.86
0	1544	2.68	0.0
0	1545	2.64	2.49
0	1546	2.63	0.0
0	1547	2.63	0.0
0	1548	2.61	1.57
0	1549	2.59	0.0
0	1550	2.58	1.72
0	1551	2.58	0.0
0	1552	2.57	1.34
0	1553	2.57	0.0
0	1554	2.57	1.19
0	1555	2.55	0.0
0	1556	2.55	0.0
0	1557	2.55	0.0
0	1558	2.55	0.0
0	1559	2.53	0.0
0	1560	2.52	0.0
0	1561	2.52	0.0
0	1562	2.52	0.0
0	1563	2.52	2.08
0	1564	2.51	0.0
0	1565	2.51	0.0
0	1566	2.49	0.0
0	1567	2.48	0.0
0	1568	2.47	0.0
0	1569	2.45	0.0
0	1570	2.45	0.0
0	1571	2.43	0.0
0	1572	2.43	0.0
0	1573	2.43	0.0
0	1574	2.42	0.52
0	1575	2.42	0.0
0	1576	2.4	0.0
0	1577	2.4	0.29
0	1578	2.4	1.22
0	1579	2.38	2.23
0	1580	2.38	2.27
0	1581	2.38	0.0
0	1582	2.37	1.9
0	1583	2.36	0.81
0	1584	2.36	0.52
0	1585	2.36	0.0
0	1586	2.35	0.0
0	1587	2.34	0.0
0	1588	2.33	0.0
0	1589	2.32	0.0
0	1590	2.31	0.0
0	1591	2.3	0.0
0	1592	2.3	0.0
0	1593	2.27	0.0
0	1594	2.27	0.0
0	1595	2.26	0.0
0	1596	2.25	0.0
0	1597	2.25	0.0
0	1598	2.24	0.13
0	1599	2.24	0.0
0	1600	2.23	0.0
0	1601	2.22	0.0
0	1602	2.22	0.0
0	1603	2.2	0.0
0	1604	2.18	1.44
0	1605	2.18	0.0
0	1606	2.17	0.0
0	1607	2.14	0.0
0	1608	2.14	0.0
0	1609	2.1	0.0
0	1610	2.1	0.0
0	1611	2.1	0.0
0	1612	2.09	0.0
0	1613	2.09	0.0
0	1614	2.08	0.0
0	1615	2.05	0.0
0	1616	2.03	0.59
0	1617	2.03	0.0
0	1618	2.03	0.0
0	1619	2.03	0.0
0	1620	2.02	0.08
0	1621	2.02	0.0
0	1622	1.99	0.0
0	1623	1.98	0.99
0	1624	1.95	0.0
0	1625	1.93	0.0
0	1626	1.93	0.7
0	1627	1.92	0.0
0	1628	1.9	0.0
0	1629	1.89	0.0
0	1630	1.86	0.0
0	1631	1.85	1.71
0	1632	1.85	0.0
0	1633	1.84	0.0
0	1634	1.84	1.29
0	1635	1.83	0.0
0	1636	1.82	0.07
0	1637	1.82	0.0
0	1638	1.81	1.17
0	1639	1.81	0.0
0	1640	1.79	0.62
0	1641	1.77	0.0
0	1642	1.76	0.0
0	1643	1.73	0.0
0	1644	1.73	0.96
0	1645	1.73	0.0
0	1646	1.72	0.0
0	1647	1.71	0.0
0	1648	1.71	0.0
0	1649	1.7	0.0
0	1650	1.68	0.0
0	1651	1.67	0.0
0	1652	1.67	0.0
0	1653	1.64	0.0
0	1654	1.64	0.0
0	1655	1.63	1.03
0	1656	1.63	0.0
0	1657	1.61	0.0
0	1658	1.61	0.0
0	1659	1.6	0.0
0	1660	1.59	0.0
0	1661	1.59	0.94
0	1662	1.58	0.0
0	1663	1.58	0.65
0	1664	1.58	0.0
0	1665	1.58	0.0
0	1666	1.57	0.0
0	1667	1.57	0.0
0	1668	1.57	0.0
0	1669	1.56	0.0
0	1670	1.56	0.0
0	1671	1.54	0.0
0	1672	1.54	0.0
0	1673	1.54	0.0
0	1674	1.53	1.25
0	1675	1.51	0.0
0	1676	1.51	0.0
0	1677	1.51	0.0
0	1678	1.5	0.0
0	1679	1.5	0.0
0	1680	1.5	0.0
0	1681	1.48	1.38
0	1682	1.44	0.0
0	1683	1.44	1.24
0	1684	1.44	0.95
0	1685	1.44	0.0
0	1686	1.43	0.0
0	1687	1.43	0.0
0	1688	1.41	0.0
0	1689	1.41	0.28
0	1690	1.4	0.7
0	1691	1.39	0.0
0	1692	1.38	1.03
0	1693	1.38	0.0
0	1694	1.37	0.59
0	1695	1.37	0.0
0	1696	1.36	0.0
0	1697	1.35	0.0
0	1698	1.35	0.0
0	1699	1.35	0.0
0	1700	1.35	0.0
0	1701	1.34	0.0
0	1702	1.34	0.0
0	1703	1.33	0.0
0	1704	1.33	0.0
0	1705	1.32	0.0
0	1706	1.32	0.0
0	1707	1.31	0.0
0	1708	1.3	0.0
0	1709	1.29	0.0
0	1710	1.28	0.04
0	1711	1.26	0.0
0	1712	1.26	0.0
0	1713	1.26	0.0
0	1714	1.26	0.0
0	1715	1.25	0.0
0	1716	1.24	0.0
0	1717	1.23	0.0
0	1718	1.21	1.01
0	1719	1.21	0.0
0	1720	1.2	0.0
0	1721	1.19	0.0
0	1722	1.18	0.0
0	1723	1.16	0.0
0	1724	1.16	0.0
0	1725	1.16	0.0
0	1726	1.14	0.0
0	1727	1.12	0.0
0	1728	1.1	0.0
0	1729	1.08	0.0
0	1730	1.07	0.0
0	1731	1.07	0.0
0	1732	1.06	0.0
0	1733	1.06	0.0
0	1734	1.06	0.0
0	1735	1.05	0.0
0	1736	1.04	0.0
0	1737	1.04	0.0
0	1738	1.03	0.0
0	1739	1.03	0.0
0	1740	1.03	0.0
0	1741	1.03	0.0
0	1742	1.01	0.0
0	1743	1.0	0.0
0	1744	0.99	0.0
0	1745	0.97	0.0
0	1746	0.97	0.0
0	1747	0.96	0.0
0	1748	0.95	0.0
0	1749	0.92	0.0
0	1750	0.92	0.0
0	1751	0.91	0.0
0	1752	0.9	0.0
0	1753	0.9	0.0
0	1754	0.88	0.0
0	1755	0.88	0.0
0	1756	0.88	0.0
0	1757	0.88	0.0
0	1758	0.88	0.0
0	1759	0.87	0.0
0	1760	0.86	0.0
0	1761	0.85	0.0
0	1762	0.83	0.0
0	1763	0.83	0.0
0	1764	0.83	0.0
0	1765	0.83	0.0
0	1766	0.8	0.0
0	1767	0.8	0.0
0	1768	0.78	0.0
0	1769	0.77	0.0
0	1770	0.77	0.0
0	1771	0.76	0.0
0	1772	0.76	0.36
0	1773	0.73	0.0
0	1774	0.73	0.0
0	1775	0.72	0.0
0	1776	0.72	0.0
0	1777	0.7	0.0
0	1778	0.69	0.0
0	1779	0.67	0.0
0	1780	0.66	0.0
0	1781	0.66	0.0
0	1782	0.64	0.53
0	1783	0.63	0.0
0	1784	0.62	0.0
0	1785	0.61	0.0
0	1786	0.61	0.0
0	1787	0.59	0.0
0	1788	0.59	0.0
0	1789	0.59	0.0
0	1790	0.58	0.0
0	1791	0.57	0.51
0	1792	0.56	0.0
0	1793	0.56	0.0
0	1794	0.56	0.0
0	1795	0.56	0.0
0	1796	0.55	0.0
0	1797	0.54	0.0
0	1798	0.53	0.0
0	1799	0.52	0.0
0	1800	0.51	0.0
0	1801	0.51	0.0
0	1802	0.51	0.0
0	1803	0.5	0.0
0	1804	0.49	0.08
0	1805	0.47	0.0
0	1806	0.47	0.0
0	1807	0.46	0.0
0	1808	0.46	0.0
0	1809	0.45	0.0
0	1810	0.44	0.0
0	1811	0.42	0.0
0	1812	0.42	0.0
0	1813	0.42	0.0
0	1814	0.41	0.0
0	1815	0.4	0.0
0	1816	0.4	0.0
0	1817	0.4	0.0
0	1818	0.39	0.22
0	1819	0.38	0.0
0	1820	0.37	0.0
0	1821	0.37	0.0
0	1822	0.37	0.0
0	1823	0.36	0.0
0	1824	0.35	0.0
0	1825	0.35	0.0
0	1826	0.34	0.0
0	1827	0.34	0.0
0	1828	0.33	0.0
0	1829	0.33	0.0
0	1830	0.32	0.0
0	1831	0.3	0.0
0	1832	0.29	0.0
0	1833	0.29	0.0
0	1834	0.29	0.0
0	1835	0.28	0.0
0	1836	0.28	0.0
0	1837	0.26	0.0
0	1838	0.24	0.0
0	1839	0.23	0.0
0	1840	0.23	0.0
0	1841	0.22	0.0
0	1842	0.21	0.0
0	1843	0.21	0.0
0	1844	0.18	0.0
0	1845	0.18	0.0
0	1846	0.18	0.0
0	1847	0.16	0.0
0	1848	0.16	0.0
0	1849	0.15	0.0
0	1850	0.15	0.0
0	1851	0.14	0.0
0	1852	0.14	0.0
0	1853	0.14	0.0
0	1854	0.12	0.0
0	1855	0.11	0.0
0	1856	0.1	0.0
0	1857	0.1	0.0
0	1858	0.09	0.0
0	1859	0.08	0.0
0	1860	0.08	0.0
0	1861	0.08	0.0
0	1862	0.06	0.0
0	1863	0.06	0.0
0	1864	0.03	0.0
0	1865	0.03	0.0
0	1866	0.01	0.0
0	1867	0.01	0.0
