clade	species	ts	te
0	1	100.0	82.46
0	2	95.28	53.46
0	3	94.59	89.29
0	4	75.15	72.71
0	5	67.44	55.01
0	6	64.41	46.86
0	7	62.75	57.4
0	8	61.81	54.65
0	9	61.12	43.55
0	10	60.34	57.09
0	11	59.44	54.51
0	12	58.82	43.02
0	13	58.74	58.03
0	14	58.55	51.16
0	15	57.36	52.97
0	16	56.79	55.78
0	17	56.35	51.87
0	18	55.72	51.77
0	19	55.64	53.05
0	20	55.19	47.15
0	21	55.14	45.79
0	22	54.81	23.44
0	23	54.22	33.25
0	24	54.17	45.81
0	25	54.12	53.17
0	26	53.37	35.56
0	27	52.92	43.27
0	28	52.62	48.17
0	29	52.41	19.66
0	30	52.29	48.82
0	31	52.22	49.09
0	32	51.44	44.95
0	33	51.32	45.57
0	34	51.21	12.13
0	35	50.63	39.97
0	36	50.56	47.37
0	37	50.54	43.7
0	38	50.5	44.11
0	39	50.4	49.97
0	40	49.44	48.01
0	41	48.8	39.16
0	42	48.51	22.02
0	43	48.12	33.15
0	44	47.26	29.84
0	45	47.2	42.28
0	46	46.96	33.58
0	47	46.85	45.19
0	48	46.53	29.77
0	49	46.37	41.08
0	50	46.36	45.97
0	51	46.25	1.91
0	52	45.97	38.58
0	53	45.95	40.42
0	54	45.83	32.08
0	55	45.57	44.7
0	56	45.55	32.25
0	57	45.1	42.75
0	58	44.99	32.42
0	59	44.79	41.69
0	60	44.66	37.23
0	61	44.44	38.29
0	62	44.21	15.13
0	63	43.98	41.23
0	64	43.71	42.72
0	65	43.33	30.64
0	66	43.19	41.85
0	67	43.19	35.15
0	68	43.01	41.76
0	69	42.99	38.26
0	70	42.76	34.38
0	71	42.68	31.14
0	72	42.58	32.15
0	73	42.55	6.24
0	74	42.46	8.13
0	75	42.12	33.74
0	76	41.79	34.01
0	77	41.78	30.06
0	78	41.75	32.27
0	79	41.48	19.42
0	80	41.36	33.61
0	81	41.35	25.0
0	82	41.12	34.37
0	83	41.08	29.8
0	84	40.76	34.09
0	85	40.54	14.09
0	86	40.26	39.45
0	87	40.1	38.92
0	88	40.06	30.51
0	89	40.05	24.63
0	90	40.03	38.31
0	91	39.66	27.38
0	92	39.64	29.04
0	93	38.7	22.74
0	94	38.68	26.15
0	95	38.56	24.98
0	96	38.29	25.17
0	97	38.22	26.69
0	98	38.02	27.87
0	99	37.83	14.96
0	100	37.72	35.8
0	101	37.69	28.42
0	102	37.64	0.0
0	103	37.62	30.77
0	104	37.47	4.25
0	105	37.46	29.65
0	106	37.41	24.32
0	107	37.32	0.0
0	108	37.25	26.98
0	109	37.24	28.27
0	110	37.13	30.02
0	111	37.0	28.84
0	112	36.67	26.56
0	113	36.54	20.18
0	114	36.52	10.28
0	115	36.14	12.6
0	116	36.1	32.22
0	117	36.1	33.69
0	118	35.65	20.63
0	119	35.44	33.68
0	120	35.36	27.58
0	121	35.35	32.03
0	122	35.28	5.23
0	123	35.06	27.43
0	124	35.04	27.41
0	125	34.95	14.0
0	126	34.88	13.45
0	127	34.87	19.18
0	128	34.86	24.85
0	129	34.73	6.61
0	130	34.7	22.3
0	131	34.47	34.03
0	132	34.38	15.15
0	133	34.27	28.0
0	134	34.14	25.33
0	135	34.09	27.42
0	136	34.02	33.05
0	137	33.96	23.2
0	138	33.86	5.15
0	139	33.65	27.37
0	140	33.58	16.03
0	141	33.37	33.29
0	142	33.36	28.54
0	143	33.25	26.2
0	144	33.22	6.55
0	145	33.16	18.66
0	146	33.13	32.56
0	147	33.13	30.15
0	148	33.13	29.33
0	149	33.03	32.3
0	150	32.79	23.8
0	151	32.75	26.49
0	152	32.68	25.31
0	153	32.62	26.43
0	154	32.46	16.66
0	155	32.38	27.6
0	156	32.25	16.19
0	157	32.24	27.67
0	158	32.23	15.0
0	159	31.98	29.33
0	160	31.79	25.94
0	161	31.68	24.86
0	162	31.6	2.12
0	163	31.52	21.12
0	164	31.22	16.37
0	165	31.19	2.67
0	166	31.05	28.26
0	167	31.03	30.69
0	168	30.99	27.4
0	169	30.99	17.89
0	170	30.95	26.37
0	171	30.92	25.08
0	172	30.91	29.72
0	173	30.85	11.68
0	174	30.82	29.22
0	175	30.76	0.0
0	176	30.54	26.69
0	177	30.49	18.51
0	178	30.44	18.76
0	179	30.4	13.47
0	180	30.09	19.66
0	181	30.07	25.45
0	182	29.99	28.18
0	183	29.9	29.09
0	184	29.88	22.11
0	185	29.84	23.13
0	186	29.71	24.45
0	187	29.7	4.33
0	188	29.67	14.56
0	189	29.57	23.25
0	190	29.42	26.1
0	191	29.4	23.13
0	192	29.39	10.92
0	193	29.38	28.17
0	194	29.33	29.02
0	195	29.31	22.87
0	196	29.19	12.51
0	197	29.16	26.98
0	198	29.1	19.24
0	199	28.95	28.33
0	200	28.8	28.32
0	201	28.67	25.62
0	202	28.51	22.62
0	203	28.36	27.97
0	204	28.31	24.7
0	205	28.29	25.26
0	206	28.22	27.54
0	207	28.17	24.33
0	208	28.12	13.67
0	209	28.09	24.99
0	210	28.07	26.72
0	211	28.07	13.16
0	212	28.04	25.24
0	213	27.85	25.16
0	214	27.84	20.83
0	215	27.82	27.6
0	216	27.76	22.23
0	217	27.69	21.2
0	218	27.62	0.0
0	219	27.57	22.37
0	220	27.33	27.24
0	221	27.19	27.08
0	222	27.19	26.31
0	223	27.17	26.84
0	224	27.17	18.95
0	225	27.14	14.76
0	226	27.1	23.33
0	227	26.84	26.3
0	228	26.8	0.0
0	229	26.74	2.61
0	230	26.71	0.0
0	231	26.62	26.5
0	232	26.6	18.48
0	233	26.46	19.85
0	234	26.4	25.22
0	235	26.33	19.34
0	236	26.32	17.69
0	237	26.22	0.0
0	238	26.16	8.99
0	239	26.1	0.0
0	240	26.1	7.11
0	241	26.04	22.26
0	242	26.03	23.57
0	243	25.97	24.47
0	244	25.81	19.06
0	245	25.79	15.04
0	246	25.78	24.87
0	247	25.7	25.27
0	248	25.65	16.37
0	249	25.64	12.39
0	250	25.51	17.94
0	251	25.51	0.0
0	252	25.48	16.17
0	253	25.47	24.3
0	254	25.43	15.97
0	255	25.42	21.07
0	256	25.3	1.72
0	257	25.28	17.25
0	258	25.27	22.47
0	259	25.26	19.56
0	260	25.24	15.98
0	261	25.23	24.06
0	262	25.14	2.64
0	263	25.09	3.26
0	264	25.01	15.23
0	265	24.99	17.41
0	266	24.98	12.33
0	267	24.97	0.01
0	268	24.83	0.0
0	269	24.79	20.13
0	270	24.66	0.0
0	271	24.57	3.98
0	272	24.53	21.33
0	273	24.51	3.07
0	274	24.47	24.02
0	275	24.46	20.35
0	276	24.46	13.22
0	277	24.43	15.41
0	278	24.38	23.0
0	279	24.35	19.49
0	280	24.2	21.74
0	281	24.18	22.66
0	282	24.17	16.74
0	283	24.17	17.63
0	284	24.16	10.98
0	285	24.12	11.99
0	286	24.1	11.26
0	287	24.09	5.28
0	288	24.07	20.67
0	289	24.0	4.18
0	290	23.99	18.18
0	291	23.98	0.0
0	292	23.98	4.58
0	293	23.97	22.35
0	294	23.97	19.65
0	295	23.86	0.0
0	296	23.85	21.72
0	297	23.79	10.71
0	298	23.75	22.69
0	299	23.65	16.76
0	300	23.62	7.88
0	301	23.58	19.38
0	302	23.58	4.92
0	303	23.57	12.15
0	304	23.54	23.46
0	305	23.52	18.25
0	306	23.46	19.85
0	307	23.46	10.9
0	308	23.43	4.02
0	309	23.34	10.56
0	310	23.31	15.47
0	311	23.12	21.09
0	312	23.09	19.29
0	313	22.96	13.37
0	314	22.84	21.52
0	315	22.78	19.81
0	316	22.67	3.92
0	317	22.65	7.37
0	318	22.64	17.59
0	319	22.64	11.55
0	320	22.6	22.43
0	321	22.52	17.21
0	322	22.48	21.91
0	323	22.45	9.75
0	324	22.34	19.9
0	325	22.29	15.95
0	326	22.26	11.74
0	327	22.23	8.47
0	328	22.19	14.98
0	329	22.19	16.2
0	330	22.18	12.57
0	331	22.16	9.2
0	332	22.08	14.24
0	333	22.04	8.91
0	334	22.04	17.73
0	335	21.93	9.95
0	336	21.92	15.5
0	337	21.86	0.0
0	338	21.83	5.8
0	339	21.78	19.6
0	340	21.53	18.5
0	341	21.46	17.58
0	342	21.44	10.49
0	343	21.44	11.4
0	344	21.27	16.85
0	345	21.27	6.23
0	346	21.25	21.03
0	347	21.23	18.46
0	348	21.16	0.0
0	349	21.13	16.28
0	350	21.11	11.14
0	351	20.99	9.61
0	352	20.95	11.56
0	353	20.91	17.34
0	354	20.9	0.22
0	355	20.83	10.86
0	356	20.81	14.71
0	357	20.75	6.36
0	358	20.74	17.49
0	359	20.74	13.7
0	360	20.72	20.24
0	361	20.72	17.42
0	362	20.65	17.74
0	363	20.55	0.0
0	364	20.55	18.56
0	365	20.51	19.04
0	366	20.42	13.64
0	367	20.36	13.32
0	368	20.36	17.1
0	369	20.34	16.32
0	370	20.34	7.56
0	371	20.33	0.0
0	372	20.32	17.93
0	373	20.3	13.93
0	374	20.22	0.0
0	375	20.22	19.82
0	376	20.21	9.67
0	377	20.21	0.0
0	378	20.18	8.98
0	379	20.15	11.86
0	380	20.04	5.03
0	381	20.03	6.12
0	382	20.02	11.41
0	383	19.88	7.17
0	384	19.81	11.73
0	385	19.72	12.0
0	386	19.69	19.17
0	387	19.67	16.43
0	388	19.64	17.78
0	389	19.6	16.95
0	390	19.59	0.83
0	391	19.58	16.5
0	392	19.5	18.43
0	393	19.49	16.49
0	394	19.42	7.3
0	395	19.42	9.72
0	396	19.36	15.3
0	397	19.33	9.01
0	398	19.26	9.07
0	399	19.21	14.37
0	400	19.19	5.98
0	401	19.18	16.96
0	402	19.16	0.0
0	403	19.14	13.25
0	404	19.09	8.04
0	405	19.07	12.44
0	406	19.05	10.15
0	407	19.02	14.95
0	408	18.94	14.91
0	409	18.94	0.0
0	410	18.89	7.85
0	411	18.89	15.1
0	412	18.82	10.8
0	413	18.79	4.62
0	414	18.73	17.76
0	415	18.69	0.0
0	416	18.55	0.0
0	417	18.55	1.93
0	418	18.54	0.0
0	419	18.47	1.95
0	420	18.45	10.08
0	421	18.45	1.84
0	422	18.4	15.12
0	423	18.37	12.39
0	424	18.34	7.17
0	425	18.22	10.02
0	426	18.2	10.33
0	427	18.15	16.52
0	428	18.12	17.3
0	429	18.1	14.58
0	430	18.09	14.85
0	431	18.08	1.36
0	432	17.95	0.0
0	433	17.93	12.62
0	434	17.92	5.63
0	435	17.91	11.3
0	436	17.89	2.04
0	437	17.85	7.67
0	438	17.84	15.88
0	439	17.84	7.37
0	440	17.76	5.22
0	441	17.74	5.05
0	442	17.73	16.25
0	443	17.71	12.37
0	444	17.7	8.52
0	445	17.7	14.16
0	446	17.67	6.77
0	447	17.66	15.73
0	448	17.61	6.96
0	449	17.6	7.32
0	450	17.6	17.02
0	451	17.6	10.01
0	452	17.57	15.75
0	453	17.55	0.0
0	454	17.49	4.38
0	455	17.37	4.36
0	456	17.35	12.26
0	457	17.35	15.46
0	458	17.34	1.84
0	459	17.34	9.83
0	460	17.3	9.88
0	461	17.3	13.3
0	462	17.28	14.63
0	463	17.22	0.0
0	464	17.1	0.0
0	465	17.09	0.94
0	466	17.07	7.9
0	467	17.04	13.49
0	468	17.03	15.9
0	469	17.02	0.0
0	470	16.95	6.76
0	471	16.92	8.79
0	472	16.9	12.79
0	473	16.9	15.71
0	474	16.87	10.43
0	475	16.85	16.78
0	476	16.84	3.45
0	477	16.82	0.0
0	478	16.78	0.0
0	479	16.74	0.0
0	480	16.74	0.22
0	481	16.74	4.42
0	482	16.72	0.0
0	483	16.71	14.0
0	484	16.69	12.54
0	485	16.68	0.46
0	486	16.62	12.35
0	487	16.61	2.26
0	488	16.61	14.5
0	489	16.59	0.0
0	490	16.58	15.33
0	491	16.57	13.74
0	492	16.56	0.0
0	493	16.56	14.59
0	494	16.55	6.57
0	495	16.52	5.19
0	496	16.51	14.67
0	497	16.49	15.41
0	498	16.49	15.82
0	499	16.45	0.0
0	500	16.45	2.96
0	501	16.45	6.25
0	502	16.4	9.9
0	503	16.33	0.0
0	504	16.31	13.0
0	505	16.3	12.31
0	506	16.26	10.71
0	507	16.26	5.48
0	508	16.25	10.24
0	509	16.24	0.0
0	510	16.21	7.04
0	511	16.18	10.52
0	512	16.16	5.01
0	513	16.15	15.1
0	514	16.14	11.21
0	515	16.12	15.15
0	516	16.12	0.0
0	517	16.04	12.81
0	518	16.02	10.17
0	519	15.99	9.9
0	520	15.97	10.97
0	521	15.95	7.62
0	522	15.89	7.13
0	523	15.88	13.86
0	524	15.87	1.71
0	525	15.81	8.22
0	526	15.8	14.48
0	527	15.8	14.0
0	528	15.78	14.63
0	529	15.78	14.4
0	530	15.76	0.0
0	531	15.71	0.0
0	532	15.69	9.36
0	533	15.68	11.99
0	534	15.62	4.07
0	535	15.58	5.94
0	536	15.56	2.59
0	537	15.54	9.28
0	538	15.52	8.74
0	539	15.5	0.0
0	540	15.46	6.08
0	541	15.42	3.12
0	542	15.29	3.4
0	543	15.27	2.46
0	544	15.25	9.62
0	545	15.25	14.8
0	546	15.15	4.54
0	547	15.15	0.0
0	548	15.13	0.0
0	549	15.12	0.0
0	550	15.1	11.58
0	551	15.1	2.06
0	552	15.04	11.98
0	553	15.04	0.0
0	554	15.04	5.71
0	555	14.97	13.45
0	556	14.93	0.0
0	557	14.92	12.8
0	558	14.8	12.56
0	559	14.79	4.8
0	560	14.75	0.0
0	561	14.75	7.11
0	562	14.74	0.0
0	563	14.7	6.97
0	564	14.69	7.31
0	565	14.6	1.43
0	566	14.59	8.12
0	567	14.58	7.41
0	568	14.5	0.0
0	569	14.47	0.0
0	570	14.47	14.32
0	571	14.46	0.1
0	572	14.42	9.6
0	573	14.36	0.0
0	574	14.33	6.29
0	575	14.3	6.93
0	576	14.26	12.55
0	577	14.24	4.46
0	578	14.24	13.57
0	579	14.15	8.84
0	580	14.14	12.3
0	581	14.13	11.88
0	582	14.12	6.11
0	583	14.06	9.09
0	584	14.0	4.72
0	585	13.97	0.0
0	586	13.97	9.87
0	587	13.96	9.49
0	588	13.91	2.92
0	589	13.9	0.0
0	590	13.88	10.91
0	591	13.87	9.87
0	592	13.86	0.0
0	593	13.85	12.15
0	594	13.84	13.62
0	595	13.84	0.0
0	596	13.83	11.82
0	597	13.8	12.64
0	598	13.79	9.7
0	599	13.79	0.0
0	600	13.77	12.81
0	601	13.76	10.54
0	602	13.75	8.95
0	603	13.74	0.0
0	604	13.72	13.55
0	605	13.7	0.0
0	606	13.67	12.47
0	607	13.65	5.02
0	608	13.58	11.67
0	609	13.56	0.0
0	610	13.55	9.53
0	611	13.53	0.0
0	612	13.48	0.0
0	613	13.47	2.56
0	614	13.45	13.16
0	615	13.41	11.21
0	616	13.4	4.26
0	617	13.37	0.0
0	618	13.35	11.36
0	619	13.32	12.76
0	620	13.31	0.0
0	621	13.3	7.64
0	622	13.3	10.69
0	623	13.27	12.53
0	624	13.19	0.73
0	625	13.18	0.0
0	626	13.16	3.81
0	627	13.15	11.58
0	628	13.15	12.22
0	629	13.14	2.44
0	630	13.1	0.0
0	631	13.08	0.0
0	632	13.07	10.57
0	633	13.05	0.0
0	634	13.04	1.6
0	635	13.04	4.84
0	636	13.02	10.13
0	637	13.02	7.92
0	638	13.01	12.41
0	639	13.0	12.29
0	640	12.99	8.44
0	641	12.96	0.0
0	642	12.95	5.44
0	643	12.91	0.0
0	644	12.91	0.0
0	645	12.89	9.74
0	646	12.89	0.0
0	647	12.89	7.42
0	648	12.87	4.39
0	649	12.86	10.96
0	650	12.84	5.42
0	651	12.81	9.43
0	652	12.72	0.0
0	653	12.71	1.13
0	654	12.69	7.9
0	655	12.69	10.98
0	656	12.69	0.0
0	657	12.68	0.0
0	658	12.67	6.73
0	659	12.6	0.0
0	660	12.58	9.51
0	661	12.57	10.5
0	662	12.56	4.49
0	663	12.54	11.09
0	664	12.53	2.89
0	665	12.52	10.59
0	666	12.52	6.83
0	667	12.46	0.0
0	668	12.46	11.47
0	669	12.44	11.39
0	670	12.43	10.61
0	671	12.41	9.67
0	672	12.4	0.0
0	673	12.37	8.24
0	674	12.36	0.0
0	675	12.36	0.6
0	676	12.35	0.0
0	677	12.35	7.93
0	678	12.34	8.55
0	679	12.33	4.76
0	680	12.31	8.37
0	681	12.3	5.53
0	682	12.29	0.0
0	683	12.21	5.65
0	684	12.19	9.03
0	685	12.19	5.61
0	686	12.04	10.13
0	687	12.04	0.0
0	688	12.01	7.5
0	689	11.98	2.91
0	690	11.96	7.67
0	691	11.95	8.76
0	692	11.94	9.65
0	693	11.94	0.0
0	694	11.92	7.18
0	695	11.9	0.0
0	696	11.9	0.0
0	697	11.9	5.21
0	698	11.87	1.56
0	699	11.82	10.19
0	700	11.81	4.68
0	701	11.8	11.19
0	702	11.8	7.03
0	703	11.76	0.0
0	704	11.75	4.12
0	705	11.74	0.0
0	706	11.74	11.52
0	707	11.72	0.0
0	708	11.67	2.72
0	709	11.67	0.0
0	710	11.66	9.6
0	711	11.65	4.34
0	712	11.64	6.24
0	713	11.64	11.38
0	714	11.63	6.32
0	715	11.62	9.08
0	716	11.61	5.78
0	717	11.6	8.33
0	718	11.58	7.14
0	719	11.58	1.14
0	720	11.57	4.05
0	721	11.56	6.14
0	722	11.55	10.2
0	723	11.54	0.0
0	724	11.54	0.0
0	725	11.52	0.0
0	726	11.51	0.0
0	727	11.5	0.0
0	728	11.49	0.0
0	729	11.46	10.5
0	730	11.4	5.02
0	731	11.36	0.0
0	732	11.33	8.59
0	733	11.28	8.46
0	734	11.26	2.19
0	735	11.25	0.0
0	736	11.23	0.0
0	737	11.22	9.45
0	738	11.21	4.81
0	739	11.2	0.39
0	740	11.19	7.08
0	741	11.19	5.14
0	742	11.18	5.34
0	743	11.13	5.55
0	744	11.12	0.0
0	745	11.11	0.0
0	746	11.1	1.72
0	747	11.08	0.0
0	748	11.07	4.29
0	749	11.05	0.0
0	750	11.03	0.0
0	751	11.03	7.75
0	752	11.01	9.96
0	753	11.0	0.0
0	754	10.97	0.85
0	755	10.96	0.0
0	756	10.95	4.99
0	757	10.94	6.31
0	758	10.94	0.0
0	759	10.91	0.0
0	760	10.9	0.0
0	761	10.9	0.0
0	762	10.89	0.0
0	763	10.86	0.0
0	764	10.84	0.0
0	765	10.82	0.0
0	766	10.81	2.33
0	767	10.8	0.0
0	768	10.79	0.0
0	769	10.76	0.89
0	770	10.74	7.66
0	771	10.73	9.0
0	772	10.72	7.41
0	773	10.72	0.0
0	774	10.7	9.63
0	775	10.67	0.0
0	776	10.62	0.0
0	777	10.61	0.0
0	778	10.6	7.4
0	779	10.59	0.0
0	780	10.58	4.84
0	781	10.56	4.16
0	782	10.55	0.0
0	783	10.54	0.0
0	784	10.52	0.67
0	785	10.52	0.0
0	786	10.5	10.26
0	787	10.49	0.0
0	788	10.43	0.0
0	789	10.43	5.25
0	790	10.42	0.0
0	791	10.37	0.0
0	792	10.36	0.0
0	793	10.36	7.69
0	794	10.35	8.28
0	795	10.35	0.0
0	796	10.31	9.37
0	797	10.29	0.0
0	798	10.26	0.0
0	799	10.26	2.81
0	800	10.26	0.0
0	801	10.25	8.5
0	802	10.18	0.0
0	803	10.17	0.0
0	804	10.16	7.58
0	805	10.15	4.68
0	806	10.14	0.0
0	807	10.12	0.0
0	808	10.12	6.36
0	809	10.09	0.0
0	810	10.09	0.0
0	811	10.08	2.47
0	812	10.04	7.36
0	813	10.03	6.41
0	814	10.03	0.92
0	815	10.02	6.01
0	816	9.98	7.19
0	817	9.98	0.0
0	818	9.96	0.0
0	819	9.96	6.78
0	820	9.95	9.26
0	821	9.93	0.0
0	822	9.91	0.0
0	823	9.9	8.54
0	824	9.88	6.32
0	825	9.86	0.0
0	826	9.86	0.0
0	827	9.85	7.08
0	828	9.83	3.09
0	829	9.83	5.0
0	830	9.82	8.82
0	831	9.81	1.69
0	832	9.78	0.0
0	833	9.77	2.85
0	834	9.75	8.34
0	835	9.74	4.07
0	836	9.74	8.23
0	837	9.71	4.84
0	838	9.7	6.07
0	839	9.69	9.16
0	840	9.69	9.38
0	841	9.64	0.0
0	842	9.64	9.13
0	843	9.63	7.79
0	844	9.61	0.0
0	845	9.61	0.0
0	846	9.61	8.17
0	847	9.57	0.0
0	848	9.54	0.0
0	849	9.53	8.58
0	850	9.52	5.17
0	851	9.52	4.61
0	852	9.51	6.56
0	853	9.45	0.0
0	854	9.45	7.61
0	855	9.44	4.16
0	856	9.44	0.0
0	857	9.43	0.0
0	858	9.43	8.69
0	859	9.43	4.84
0	860	9.42	9.2
0	861	9.42	2.69
0	862	9.41	0.7
0	863	9.4	8.76
0	864	9.38	8.78
0	865	9.36	7.84
0	866	9.36	0.0
0	867	9.35	5.48
0	868	9.35	7.96
0	869	9.33	2.44
0	870	9.33	8.11
0	871	9.3	8.9
0	872	9.28	0.0
0	873	9.27	6.87
0	874	9.27	3.24
0	875	9.26	8.1
0	876	9.24	0.0
0	877	9.23	0.0
0	878	9.21	5.54
0	879	9.21	0.07
0	880	9.19	0.0
0	881	9.19	8.13
0	882	9.15	7.73
0	883	9.14	5.0
0	884	9.14	0.0
0	885	9.13	0.0
0	886	9.12	4.81
0	887	9.1	0.0
0	888	9.07	0.0
0	889	9.04	5.39
0	890	9.01	0.0
0	891	9.01	0.21
0	892	9.0	0.0
0	893	9.0	8.25
0	894	8.99	3.19
0	895	8.96	0.04
0	896	8.95	0.0
0	897	8.95	3.47
0	898	8.92	4.66
0	899	8.91	5.94
0	900	8.91	0.0
0	901	8.9	7.88
0	902	8.88	8.46
0	903	8.87	1.54
0	904	8.86	3.38
0	905	8.85	0.0
0	906	8.85	0.0
0	907	8.84	2.26
0	908	8.79	0.0
0	909	8.76	3.62
0	910	8.76	6.97
0	911	8.75	2.31
0	912	8.75	7.11
0	913	8.75	0.0
0	914	8.74	7.67
0	915	8.73	4.8
0	916	8.73	6.17
0	917	8.72	6.74
0	918	8.71	0.0
0	919	8.71	5.45
0	920	8.7	0.48
0	921	8.7	1.05
0	922	8.69	4.85
0	923	8.67	5.11
0	924	8.67	0.0
0	925	8.67	0.0
0	926	8.66	0.0
0	927	8.64	0.0
0	928	8.63	5.21
0	929	8.63	5.36
0	930	8.61	0.0
0	931	8.61	1.49
0	932	8.58	0.0
0	933	8.55	0.0
0	934	8.54	6.95
0	935	8.53	0.0
0	936	8.5	3.4
0	937	8.44	0.0
0	938	8.43	5.25
0	939	8.42	4.89
0	940	8.42	2.39
0	941	8.38	0.0
0	942	8.32	5.38
0	943	8.32	0.0
0	944	8.3	0.0
0	945	8.3	0.0
0	946	8.28	6.2
0	947	8.28	7.96
0	948	8.17	4.75
0	949	8.17	0.0
0	950	8.17	0.0
0	951	8.17	1.48
0	952	8.16	0.0
0	953	8.16	4.59
0	954	8.12	0.0
0	955	8.11	6.31
0	956	8.09	0.0
0	957	8.09	0.0
0	958	8.09	0.0
0	959	8.02	0.0
0	960	8.0	0.0
0	961	7.99	0.0
0	962	7.99	5.95
0	963	7.97	7.74
0	964	7.97	6.87
0	965	7.96	0.0
0	966	7.94	0.0
0	967	7.94	0.0
0	968	7.91	3.81
0	969	7.91	0.0
0	970	7.9	0.01
0	971	7.87	7.12
0	972	7.86	5.51
0	973	7.85	3.13
0	974	7.83	0.0
0	975	7.81	0.0
0	976	7.8	4.44
0	977	7.8	0.0
0	978	7.79	7.71
0	979	7.78	0.0
0	980	7.77	0.0
0	981	7.76	3.06
0	982	7.75	4.22
0	983	7.74	6.92
0	984	7.72	3.63
0	985	7.71	0.0
0	986	7.7	0.0
0	987	7.67	6.8
0	988	7.66	0.0
0	989	7.65	0.0
0	990	7.64	4.37
0	991	7.63	0.0
0	992	7.62	0.0
0	993	7.62	0.32
0	994	7.62	0.0
0	995	7.61	2.51
0	996	7.58	0.0
0	997	7.58	0.0
0	998	7.58	6.81
0	999	7.57	0.0
0	1000	7.56	0.0
0	1001	7.55	2.81
0	1002	7.52	0.0
0	1003	7.49	0.0
0	1004	7.47	0.0
0	1005	7.46	0.0
0	1006	7.45	5.65
0	1007	7.45	0.0
0	1008	7.43	0.0
0	1009	7.43	3.91
0	1010	7.42	0.0
0	1011	7.37	7.26
0	1012	7.37	5.02
0	1013	7.36	6.92
0	1014	7.34	0.0
0	1015	7.31	1.41
0	1016	7.28	7.17
0	1017	7.27	0.0
0	1018	7.25	4.96
0	1019	7.25	0.0
0	1020	7.24	4.65
0	1021	7.24	6.26
0	1022	7.24	0.0
0	1023	7.24	4.5
0	1024	7.2	0.0
0	1025	7.2	0.0
0	1026	7.19	5.54
0	1027	7.18	2.51
0	1028	7.17	0.0
0	1029	7.14	6.6
0	1030	7.13	3.92
0	1031	7.07	0.0
0	1032	7.06	5.56
0	1033	7.06	0.0
0	1034	7.06	3.73
0	1035	7.04	2.0
0	1036	7.01	0.0
0	1037	7.01	2.51
0	1038	7.0	2.41
0	1039	6.99	0.0
0	1040	6.97	0.0
0	1041	6.97	0.0
0	1042	6.95	0.0
0	1043	6.94	0.0
0	1044	6.94	0.0
0	1045	6.93	3.75
0	1046	6.93	0.0
0	1047	6.92	2.83
0	1048	6.92	0.0
0	1049	6.92	2.8
0	1050	6.92	4.0
0	1051	6.92	0.0
0	1052	6.91	0.0
0	1053	6.91	5.78
0	1054	6.91	0.0
0	1055	6.91	6.29
0	1056	6.9	4.09
0	1057	6.87	2.17
0	1058	6.85	0.0
0	1059	6.84	0.0
0	1060	6.84	0.0
0	1061	6.82	0.0
0	1062	6.78	0.0
0	1063	6.77	0.0
0	1064	6.76	3.83
0	1065	6.75	0.0
0	1066	6.75	0.0
0	1067	6.74	4.47
0	1068	6.73	2.23
0	1069	6.72	5.39
0	1070	6.71	0.0
0	1071	6.71	0.0
0	1072	6.68	0.22
0	1073	6.68	0.0
0	1074	6.67	5.96
0	1075	6.67	0.0
0	1076	6.67	0.0
0	1077	6.67	3.74
0	1078	6.66	3.94
0	1079	6.65	0.0
0	1080	6.65	0.0
0	1081	6.64	0.0
0	1082	6.64	6.31
0	1083	6.63	0.0
0	1084	6.6	0.52
0	1085	6.59	6.56
0	1086	6.59	0.0
0	1087	6.58	0.0
0	1088	6.56	5.4
0	1089	6.54	3.09
0	1090	6.54	4.49
0	1091	6.53	4.96
0	1092	6.53	0.0
0	1093	6.52	0.0
0	1094	6.51	4.48
0	1095	6.5	5.17
0	1096	6.5	0.0
0	1097	6.49	5.37
0	1098	6.42	2.74
0	1099	6.42	0.77
0	1100	6.39	0.0
0	1101	6.39	0.0
0	1102	6.39	3.65
0	1103	6.38	0.0
0	1104	6.37	4.25
0	1105	6.37	0.0
0	1106	6.36	5.54
0	1107	6.33	2.74
0	1108	6.33	0.21
0	1109	6.32	0.0
0	1110	6.31	4.05
0	1111	6.3	4.39
0	1112	6.26	0.0
0	1113	6.26	0.0
0	1114	6.26	0.0
0	1115	6.26	0.0
0	1116	6.25	0.0
0	1117	6.25	0.0
0	1118	6.24	0.0
0	1119	6.24	4.9
0	1120	6.24	0.0
0	1121	6.22	2.08
0	1122	6.21	0.0
0	1123	6.2	4.88
0	1124	6.19	0.0
0	1125	6.19	4.97
0	1126	6.18	0.0
0	1127	6.17	0.0
0	1128	6.16	5.8
0	1129	6.16	0.0
0	1130	6.16	0.0
0	1131	6.15	0.0
0	1132	6.15	0.0
0	1133	6.15	0.0
0	1134	6.14	0.0
0	1135	6.12	2.52
0	1136	6.1	4.08
0	1137	6.1	0.0
0	1138	6.1	0.0
0	1139	6.1	2.38
0	1140	6.08	4.3
0	1141	6.07	3.32
0	1142	6.06	0.0
0	1143	6.06	0.0
0	1144	6.04	0.3
0	1145	6.03	0.0
0	1146	6.02	2.12
0	1147	6.02	0.0
0	1148	6.0	0.0
0	1149	5.99	2.4
0	1150	5.99	0.0
0	1151	5.98	0.0
0	1152	5.97	0.0
0	1153	5.94	2.82
0	1154	5.94	4.46
0	1155	5.93	2.12
0	1156	5.91	0.0
0	1157	5.89	1.56
0	1158	5.89	0.0
0	1159	5.87	2.3
0	1160	5.85	4.84
0	1161	5.85	1.48
0	1162	5.85	4.58
0	1163	5.83	0.0
0	1164	5.82	3.85
0	1165	5.81	0.0
0	1166	5.81	5.26
0	1167	5.79	0.0
0	1168	5.79	1.11
0	1169	5.77	0.0
0	1170	5.76	5.21
0	1171	5.74	4.03
0	1172	5.74	0.0
0	1173	5.73	0.0
0	1174	5.73	0.0
0	1175	5.7	0.0
0	1176	5.67	0.0
0	1177	5.63	0.0
0	1178	5.63	0.0
0	1179	5.62	0.0
0	1180	5.57	0.0
0	1181	5.56	3.42
0	1182	5.55	0.0
0	1183	5.55	0.73
0	1184	5.54	0.0
0	1185	5.51	0.0
0	1186	5.51	0.0
0	1187	5.51	0.0
0	1188	5.49	0.62
0	1189	5.47	0.0
0	1190	5.47	0.0
0	1191	5.44	0.0
0	1192	5.44	0.0
0	1193	5.43	0.0
0	1194	5.38	2.26
0	1195	5.37	0.0
0	1196	5.36	1.31
0	1197	5.35	3.25
0	1198	5.34	0.0
0	1199	5.33	5.19
0	1200	5.32	0.0
0	1201	5.31	0.0
0	1202	5.31	5.03
0	1203	5.3	0.0
0	1204	5.3	3.17
0	1205	5.29	0.0
0	1206	5.29	0.0
0	1207	5.28	0.0
0	1208	5.26	0.0
0	1209	5.24	0.0
0	1210	5.24	0.56
0	1211	5.23	2.93
0	1212	5.22	1.93
0	1213	5.22	0.0
0	1214	5.2	0.0
0	1215	5.16	3.59
0	1216	5.14	0.0
0	1217	5.14	0.24
0	1218	5.13	0.0
0	1219	5.11	0.89
0	1220	5.1	0.0
0	1221	5.09	0.0
0	1222	5.09	0.0
0	1223	5.03	2.24
0	1224	5.0	1.46
0	1225	5.0	0.0
0	1226	4.99	0.0
0	1227	4.98	0.69
0	1228	4.98	0.0
0	1229	4.96	0.0
0	1230	4.96	0.0
0	1231	4.93	1.12
0	1232	4.93	1.42
0	1233	4.92	0.0
0	1234	4.85	4.28
0	1235	4.85	2.04
0	1236	4.85	0.0
0	1237	4.82	0.0
0	1238	4.82	0.0
0	1239	4.79	3.62
0	1240	4.78	0.93
0	1241	4.77	0.0
0	1242	4.76	0.0
0	1243	4.74	4.51
0	1244	4.69	0.0
0	1245	4.68	0.22
0	1246	4.68	0.0
0	1247	4.67	0.0
0	1248	4.66	1.56
0	1249	4.65	0.0
0	1250	4.64	0.0
0	1251	4.64	0.0
0	1252	4.63	2.36
0	1253	4.62	0.0
0	1254	4.58	4.36
0	1255	4.54	0.0
0	1256	4.53	4.2
0	1257	4.49	0.0
0	1258	4.49	0.0
0	1259	4.48	0.0
0	1260	4.48	0.0
0	1261	4.46	4.45
0	1262	4.45	0.88
0	1263	4.44	0.0
0	1264	4.42	2.71
0	1265	4.42	2.48
0	1266	4.41	0.0
0	1267	4.4	1.81
0	1268	4.39	0.0
0	1269	4.37	0.0
0	1270	4.37	0.0
0	1271	4.37	0.0
0	1272	4.36	0.0
0	1273	4.35	0.0
0	1274	4.35	0.0
0	1275	4.35	0.75
0	1276	4.35	1.19
0	1277	4.34	0.0
0	1278	4.33	0.53
0	1279	4.33	0.0
0	1280	4.33	0.0
0	1281	4.26	0.0
0	1282	4.25	0.0
0	1283	4.25	0.0
0	1284	4.23	2.02
0	1285	4.23	0.0
0	1286	4.2	1.81
0	1287	4.19	0.0
0	1288	4.18	0.89
0	1289	4.16	0.0
0	1290	4.16	0.0
0	1291	4.16	0.0
0	1292	4.15	0.0
0	1293	4.13	0.0
0	1294	4.12	0.0
0	1295	4.12	0.0
0	1296	4.12	4.06
0	1297	4.09	3.34
0	1298	4.07	0.0
0	1299	4.07	0.0
0	1300	4.05	0.0
0	1301	4.04	0.0
0	1302	4.02	0.0
0	1303	4.02	3.86
0	1304	3.99	0.0
0	1305	3.98	0.0
0	1306	3.98	0.0
0	1307	3.97	0.0
0	1308	3.97	2.87
0	1309	3.96	0.0
0	1310	3.93	0.0
0	1311	3.92	0.0
0	1312	3.92	0.0
0	1313	3.91	0.0
0	1314	3.91	0.0
0	1315	3.91	0.13
0	1316	3.91	0.0
0	1317	3.9	0.03
0	1318	3.84	0.0
0	1319	3.83	0.0
0	1320	3.83	0.0
0	1321	3.82	0.56
0	1322	3.8	3.1
0	1323	3.8	0.0
0	1324	3.79	0.0
0	1325	3.77	0.0
0	1326	3.77	0.0
0	1327	3.74	0.0
0	1328	3.74	0.0
0	1329	3.74	0.0
0	1330	3.73	1.4
0	1331	3.72	0.0
0	1332	3.72	1.92
0	1333	3.7	0.0
0	1334	3.69	0.0
0	1335	3.66	0.0
0	1336	3.66	0.0
0	1337	3.65	0.0
0	1338	3.64	2.42
0	1339	3.62	0.0
0	1340	3.62	0.42
0	1341	3.62	0.0
0	1342	3.61	0.98
0	1343	3.6	0.0
0	1344	3.59	0.0
0	1345	3.58	1.42
0	1346	3.57	0.0
0	1347	3.57	0.0
0	1348	3.56	0.39
0	1349	3.55	0.0
0	1350	3.53	0.0
0	1351	3.52	0.0
0	1352	3.5	1.52
0	1353	3.5	0.54
0	1354	3.5	0.0
0	1355	3.49	0.0
0	1356	3.48	0.0
0	1357	3.48	0.0
0	1358	3.47	0.0
0	1359	3.46	0.0
0	1360	3.44	0.0
0	1361	3.44	0.0
0	1362	3.43	2.9
0	1363	3.43	2.1
0	1364	3.41	0.0
0	1365	3.4	0.0
0	1366	3.38	0.0
0	1367	3.38	1.71
0	1368	3.37	2.9
0	1369	3.36	1.86
0	1370	3.34	0.0
0	1371	3.34	0.0
0	1372	3.33	0.0
0	1373	3.33	2.21
0	1374	3.32	0.51
0	1375	3.32	0.17
0	1376	3.31	0.0
0	1377	3.31	0.0
0	1378	3.31	0.0
0	1379	3.31	0.0
0	1380	3.28	1.47
0	1381	3.27	0.0
0	1382	3.26	0.0
0	1383	3.22	0.0
0	1384	3.21	2.03
0	1385	3.2	1.61
0	1386	3.17	0.0
0	1387	3.13	1.88
0	1388	3.12	2.57
0	1389	3.12	0.0
0	1390	3.11	0.0
0	1391	3.1	0.0
0	1392	3.09	2.6
0	1393	3.04	0.0
0	1394	3.02	0.0
0	1395	3.01	0.0
0	1396	2.98	0.0
0	1397	2.97	0.0
0	1398	2.96	0.0
0	1399	2.94	0.0
0	1400	2.93	0.0
0	1401	2.91	2.88
0	1402	2.9	0.0
0	1403	2.9	2.79
0	1404	2.89	0.0
0	1405	2.89	0.0
0	1406	2.86	0.0
0	1407	2.86	0.0
0	1408	2.85	0.0
0	1409	2.84	1.03
0	1410	2.84	0.0
0	1411	2.83	0.0
0	1412	2.82	1.19
0	1413	2.81	0.73
0	1414	2.8	0.0
0	1415	2.8	0.0
0	1416	2.75	0.0
0	1417	2.71	0.69
0	1418	2.7	0.0
0	1419	2.69	0.0
0	1420	2.69	0.0
0	1421	2.68	0.21
0	1422	2.67	0.0
0	1423	2.64	2.17
0	1424	2.62	0.0
0	1425	2.62	0.0
0	1426	2.6	0.0
0	1427	2.59	0.0
0	1428	2.59	0.0
0	1429	2.56	0.0
0	1430	2.56	0.0
0	1431	2.55	0.0
0	1432	2.54	0.0
0	1433	2.53	2.35
0	1434	2.47	0.0
0	1435	2.44	0.05
0	1436	2.44	0.0
0	1437	2.43	1.33
0	1438	2.41	0.0
0	1439	2.4	0.0
0	1440	2.4	2.33
0	1441	2.4	0.0
0	1442	2.4	0.0
0	1443	2.39	0.0
0	1444	2.39	1.74
0	1445	2.39	0.0
0	1446	2.37	0.0
0	1447	2.37	0.0
0	1448	2.35	0.0
0	1449	2.33	1.28
0	1450	2.33	0.0
0	1451	2.31	0.0
0	1452	2.29	1.63
0	1453	2.28	0.0
0	1454	2.28	0.0
0	1455	2.27	0.0
0	1456	2.26	0.0
0	1457	2.26	0.0
0	1458	2.24	1.52
0	1459	2.23	0.0
0	1460	2.23	0.0
0	1461	2.21	0.0
0	1462	2.2	0.0
0	1463	2.19	0.0
0	1464	2.19	0.0
0	1465	2.18	0.0
0	1466	2.16	0.0
0	1467	2.15	0.88
0	1468	2.15	0.0
0	1469	2.14	0.0
0	1470	2.13	0.0
0	1471	2.12	0.0
0	1472	2.12	0.95
0	1473	2.11	0.0
0	1474	2.1	0.0
0	1475	2.08	0.0
0	1476	2.06	0.0
0	1477	2.04	0.0
0	1478	2.02	0.0
0	1479	1.99	0.0
0	1480	1.99	0.0
0	1481	1.98	0.0
0	1482	1.97	1.11
0	1483	1.92	1.76
0	1484	1.92	0.0
0	1485	1.9	0.0
0	1486	1.89	0.0
0	1487	1.88	0.0
0	1488	1.87	0.81
0	1489	1.86	1.42
0	1490	1.85	0.0
0	1491	1.83	0.0
0	1492	1.82	0.1
0	1493	1.81	0.0
0	1494	1.8	0.57
0	1495	1.8	1.21
0	1496	1.78	0.0
0	1497	1.77	0.0
0	1498	1.76	0.69
0	1499	1.74	0.65
0	1500	1.71	0.0
0	1501	1.71	1.19
0	1502	1.71	0.0
0	1503	1.7	0.0
0	1504	1.69	0.0
0	1505	1.69	0.0
0	1506	1.68	0.0
0	1507	1.67	0.0
0	1508	1.67	0.83
0	1509	1.67	0.42
0	1510	1.66	0.0
0	1511	1.66	0.0
0	1512	1.64	0.0
0	1513	1.63	0.0
0	1514	1.63	0.0
0	1515	1.62	0.0
0	1516	1.59	0.0
0	1517	1.59	0.0
0	1518	1.58	0.0
0	1519	1.57	0.0
0	1520	1.56	0.0
0	1521	1.53	0.0
0	1522	1.51	0.0
0	1523	1.51	0.0
0	1524	1.5	0.0
0	1525	1.49	0.0
0	1526	1.48	0.0
0	1527	1.47	0.0
0	1528	1.46	0.0
0	1529	1.43	0.0
0	1530	1.43	0.0
0	1531	1.42	0.0
0	1532	1.42	0.0
0	1533	1.41	0.0
0	1534	1.4	0.0
0	1535	1.39	0.86
0	1536	1.38	0.0
0	1537	1.38	0.0
0	1538	1.38	0.35
0	1539	1.38	0.0
0	1540	1.36	0.0
0	1541	1.33	0.0
0	1542	1.31	0.0
0	1543	1.3	0.97
0	1544	1.29	0.0
0	1545	1.29	0.0
0	1546	1.29	0.0
0	1547	1.21	0.0
0	1548	1.2	0.0
0	1549	1.18	0.0
0	1550	1.17	0.0
0	1551	1.17	0.0
0	1552	1.15	0.0
0	1553	1.1	0.0
0	1554	1.1	0.0
0	1555	1.08	0.0
0	1556	1.08	0.0
0	1557	1.08	0.0
0	1558	1.07	0.0
0	1559	1.06	0.0
0	1560	1.06	0.32
0	1561	1.05	0.0
0	1562	1.04	0.0
0	1563	1.04	0.0
0	1564	1.04	0.0
0	1565	1.03	0.0
0	1566	1.03	0.0
0	1567	1.02	0.0
0	1568	1.01	0.0
0	1569	1.01	0.0
0	1570	1.0	0.0
0	1571	0.98	0.0
0	1572	0.97	0.0
0	1573	0.97	0.0
0	1574	0.96	0.0
0	1575	0.96	0.0
0	1576	0.96	0.0
0	1577	0.93	0.0
0	1578	0.92	0.0
0	1579	0.92	0.0
0	1580	0.9	0.0
0	1581	0.9	0.0
0	1582	0.89	0.0
0	1583	0.88	0.0
0	1584	0.87	0.0
0	1585	0.86	0.0
0	1586	0.84	0.0
0	1587	0.83	0.0
0	1588	0.83	0.0
0	1589	0.82	0.0
0	1590	0.82	0.0
0	1591	0.82	0.71
0	1592	0.78	0.0
0	1593	0.78	0.0
0	1594	0.76	0.0
0	1595	0.74	0.0
0	1596	0.74	0.0
0	1597	0.74	0.0
0	1598	0.73	0.0
0	1599	0.73	0.0
0	1600	0.7	0.63
0	1601	0.7	0.0
0	1602	0.7	0.0
0	1603	0.68	0.0
0	1604	0.67	0.0
0	1605	0.63	0.0
0	1606	0.63	0.0
0	1607	0.62	0.0
0	1608	0.62	0.0
0	1609	0.61	0.0
0	1610	0.61	0.0
0	1611	0.61	0.05
0	1612	0.6	0.0
0	1613	0.6	0.0
0	1614	0.59	0.0
0	1615	0.59	0.0
0	1616	0.58	0.0
0	1617	0.58	0.0
0	1618	0.57	0.0
0	1619	0.57	0.0
0	1620	0.56	0.0
0	1621	0.56	0.0
0	1622	0.54	0.29
0	1623	0.54	0.0
0	1624	0.54	0.0
0	1625	0.54	0.0
0	1626	0.52	0.0
0	1627	0.51	0.0
0	1628	0.49	0.0
0	1629	0.49	0.0
0	1630	0.49	0.0
0	1631	0.48	0.0
0	1632	0.48	0.0
0	1633	0.47	0.0
0	1634	0.47	0.09
0	1635	0.46	0.0
0	1636	0.45	0.0
0	1637	0.45	0.31
0	1638	0.45	0.0
0	1639	0.45	0.0
0	1640	0.44	0.0
0	1641	0.42	0.0
0	1642	0.4	0.0
0	1643	0.37	0.0
0	1644	0.35	0.0
0	1645	0.35	0.0
0	1646	0.34	0.0
0	1647	0.34	0.0
0	1648	0.33	0.0
0	1649	0.33	0.0
0	1650	0.32	0.0
0	1651	0.32	0.0
0	1652	0.31	0.0
0	1653	0.3	0.0
0	1654	0.27	0.0
0	1655	0.27	0.0
0	1656	0.26	0.0
0	1657	0.26	0.0
0	1658	0.25	0.0
0	1659	0.25	0.0
0	1660	0.24	0.0
0	1661	0.24	0.0
0	1662	0.23	0.0
0	1663	0.22	0.0
0	1664	0.22	0.0
0	1665	0.22	0.0
0	1666	0.22	0.0
0	1667	0.21	0.0
0	1668	0.21	0.0
0	1669	0.19	0.0
0	1670	0.17	0.0
0	1671	0.16	0.0
0	1672	0.15	0.0
0	1673	0.15	0.0
0	1674	0.14	0.0
0	1675	0.14	0.0
0	1676	0.13	0.0
0	1677	0.13	0.0
0	1678	0.12	0.0
0	1679	0.11	0.0
0	1680	0.11	0.0
0	1681	0.11	0.0
0	1682	0.09	0.0
0	1683	0.09	0.0
0	1684	0.08	0.0
0	1685	0.08	0.0
0	1686	0.08	0.0
0	1687	0.06	0.0
0	1688	0.06	0.0
0	1689	0.05	0.0
0	1690	0.03	0.0
0	1691	0.03	0.0
0	1692	0.02	0.0
0	1693	0.01	0.0
