clade	species	ts	te
0	1	100.0	51.43
0	2	98.06	93.99
0	3	92.89	87.72
0	4	87.14	59.2
0	5	74.75	73.5
0	6	72.5	61.2
0	7	71.71	66.89
0	8	70.68	61.64
0	9	70.62	66.75
0	10	70.48	60.62
0	11	68.07	50.11
0	12	66.6	58.47
0	13	64.62	62.97
0	14	64.01	63.12
0	15	63.9	58.44
0	16	63.47	44.75
0	17	63.03	44.6
0	18	62.91	62.58
0	19	62.57	59.62
0	20	62.36	47.15
0	21	61.3	58.68
0	22	61.22	60.62
0	23	60.33	36.43
0	24	59.37	58.26
0	25	58.7	47.12
0	26	57.79	55.69
0	27	57.42	45.32
0	28	56.91	46.54
0	29	56.66	38.7
0	30	55.49	25.91
0	31	55.48	55.25
0	32	55.11	48.19
0	33	54.86	32.64
0	34	54.09	51.34
0	35	54.07	42.54
0	36	54.05	19.94
0	37	53.68	46.13
0	38	52.71	38.75
0	39	52.71	44.0
0	40	52.43	44.2
0	41	52.09	35.84
0	42	51.48	26.13
0	43	51.32	33.25
0	44	50.88	49.24
0	45	50.72	47.99
0	46	49.93	41.12
0	47	49.93	49.91
0	48	49.72	12.6
0	49	49.6	49.34
0	50	49.54	20.12
0	51	49.28	40.52
0	52	48.68	47.92
0	53	48.45	44.19
0	54	48.27	45.42
0	55	48.23	42.17
0	56	48.15	29.68
0	57	48.12	45.07
0	58	47.73	32.26
0	59	47.68	36.67
0	60	47.33	25.89
0	61	47.2	44.8
0	62	46.92	38.18
0	63	46.38	35.87
0	64	46.28	22.42
0	65	46.22	33.06
0	66	45.77	39.79
0	67	45.73	40.9
0	68	45.26	43.59
0	69	44.73	44.17
0	70	44.56	33.74
0	71	44.47	38.56
0	72	44.28	37.86
0	73	44.22	43.45
0	74	43.19	30.77
0	75	43.17	24.6
0	76	43.09	26.76
0	77	43.04	2.45
0	78	42.71	35.03
0	79	42.6	34.53
0	80	42.6	34.36
0	81	42.54	32.7
0	82	42.34	33.48
0	83	42.29	38.35
0	84	42.02	34.26
0	85	41.86	27.47
0	86	41.79	31.1
0	87	41.57	11.35
0	88	41.36	38.35
0	89	40.87	40.81
0	90	40.7	36.11
0	91	40.49	27.12
0	92	40.32	37.49
0	93	40.19	38.81
0	94	40.16	34.53
0	95	40.07	33.33
0	96	40.03	38.41
0	97	39.98	33.25
0	98	39.79	8.5
0	99	39.75	32.78
0	100	39.64	36.01
0	101	39.13	36.09
0	102	39.12	24.44
0	103	39.04	15.92
0	104	38.8	33.3
0	105	38.75	32.55
0	106	38.45	27.45
0	107	38.31	37.53
0	108	38.26	6.35
0	109	38.18	22.45
0	110	38.16	26.52
0	111	38.08	34.37
0	112	37.95	37.54
0	113	37.79	28.73
0	114	37.62	35.59
0	115	37.58	34.49
0	116	37.56	33.38
0	117	37.47	36.99
0	118	37.36	24.39
0	119	37.21	24.63
0	120	37.09	17.28
0	121	37.0	17.97
0	122	36.97	34.28
0	123	36.95	33.48
0	124	36.92	27.8
0	125	36.88	35.48
0	126	36.87	2.11
0	127	36.65	32.22
0	128	36.59	32.79
0	129	36.5	33.27
0	130	36.33	34.76
0	131	36.3	23.43
0	132	36.27	27.63
0	133	36.25	24.75
0	134	36.11	27.85
0	135	36.11	23.27
0	136	35.81	34.94
0	137	35.66	33.53
0	138	35.64	19.93
0	139	35.62	32.7
0	140	35.53	32.7
0	141	35.14	33.95
0	142	35.12	34.58
0	143	35.11	5.24
0	144	35.09	26.94
0	145	34.98	19.73
0	146	34.9	20.96
0	147	34.89	31.91
0	148	34.7	32.17
0	149	34.67	34.55
0	150	34.63	15.0
0	151	34.48	27.04
0	152	34.44	25.71
0	153	34.44	14.65
0	154	34.42	32.41
0	155	34.39	24.76
0	156	34.3	26.76
0	157	34.27	19.9
0	158	34.26	25.48
0	159	34.25	33.07
0	160	34.23	30.2
0	161	34.18	30.71
0	162	34.17	31.87
0	163	33.93	24.7
0	164	33.7	30.07
0	165	33.7	6.07
0	166	33.47	32.56
0	167	33.45	19.19
0	168	33.43	14.4
0	169	33.28	11.66
0	170	33.15	10.44
0	171	33.14	21.8
0	172	33.12	22.19
0	173	32.75	28.69
0	174	32.58	28.35
0	175	32.37	28.52
0	176	32.33	18.2
0	177	32.21	31.07
0	178	31.83	24.76
0	179	31.64	0.0
0	180	31.64	31.21
0	181	31.59	27.69
0	182	31.53	3.6
0	183	31.51	26.3
0	184	31.37	20.25
0	185	31.18	30.28
0	186	31.11	21.6
0	187	31.1	24.92
0	188	31.09	27.95
0	189	30.95	28.88
0	190	30.89	28.59
0	191	30.89	26.8
0	192	30.88	29.28
0	193	30.83	27.47
0	194	30.61	25.08
0	195	30.43	21.09
0	196	30.37	26.45
0	197	30.33	24.6
0	198	30.21	27.59
0	199	30.13	12.93
0	200	30.13	9.47
0	201	30.08	5.64
0	202	30.07	24.27
0	203	29.99	24.73
0	204	29.99	21.72
0	205	29.86	3.5
0	206	29.74	29.58
0	207	29.71	20.9
0	208	29.66	10.9
0	209	29.61	22.6
0	210	29.42	17.92
0	211	29.42	18.67
0	212	29.38	27.49
0	213	29.32	6.83
0	214	29.23	26.83
0	215	29.22	20.53
0	216	29.21	12.32
0	217	29.21	6.8
0	218	29.17	20.28
0	219	29.15	15.75
0	220	29.11	24.95
0	221	29.01	5.95
0	222	28.96	10.93
0	223	28.94	5.14
0	224	28.89	17.24
0	225	28.87	12.27
0	226	28.85	26.09
0	227	28.79	26.48
0	228	28.77	25.34
0	229	28.71	27.24
0	230	28.68	13.38
0	231	28.52	0.0
0	232	28.51	28.23
0	233	28.42	19.27
0	234	28.42	19.88
0	235	28.42	25.88
0	236	28.34	20.11
0	237	28.15	11.58
0	238	28.14	18.26
0	239	28.11	17.99
0	240	28.07	22.68
0	241	28.07	14.51
0	242	27.92	14.25
0	243	27.83	3.93
0	244	27.75	20.34
0	245	27.69	21.6
0	246	27.66	25.88
0	247	27.61	18.36
0	248	27.6	22.09
0	249	27.5	15.78
0	250	27.5	19.94
0	251	27.42	25.63
0	252	27.34	16.43
0	253	27.26	22.92
0	254	27.14	16.06
0	255	27.14	27.01
0	256	27.12	24.38
0	257	27.09	0.0
0	258	27.06	3.57
0	259	27.0	17.1
0	260	26.98	24.46
0	261	26.94	0.0
0	262	26.89	19.16
0	263	26.86	2.95
0	264	26.77	22.06
0	265	26.74	23.54
0	266	26.73	0.0
0	267	26.68	21.16
0	268	26.66	6.2
0	269	26.55	18.26
0	270	26.54	19.87
0	271	26.5	13.9
0	272	26.46	23.3
0	273	26.4	0.0
0	274	26.31	20.82
0	275	26.31	16.25
0	276	26.26	9.19
0	277	26.25	19.35
0	278	26.24	12.69
0	279	26.11	16.51
0	280	26.08	22.93
0	281	25.98	22.85
0	282	25.93	0.0
0	283	25.85	7.85
0	284	25.69	23.69
0	285	25.63	21.98
0	286	25.63	5.76
0	287	25.58	20.97
0	288	25.54	17.86
0	289	25.49	23.33
0	290	25.44	13.61
0	291	25.42	10.37
0	292	25.33	23.17
0	293	25.3	21.11
0	294	25.26	7.49
0	295	25.16	10.85
0	296	25.15	4.33
0	297	25.11	21.12
0	298	25.05	20.92
0	299	25.0	6.38
0	300	24.95	0.81
0	301	24.95	22.93
0	302	24.93	6.45
0	303	24.92	19.54
0	304	24.75	23.89
0	305	24.73	3.88
0	306	24.66	20.76
0	307	24.57	19.61
0	308	24.46	19.6
0	309	24.4	20.0
0	310	24.4	0.0
0	311	24.36	14.29
0	312	24.35	23.68
0	313	24.33	20.92
0	314	24.32	14.05
0	315	24.28	6.69
0	316	24.26	24.01
0	317	24.18	0.0
0	318	24.15	23.84
0	319	24.08	22.6
0	320	24.03	14.34
0	321	24.01	0.0
0	322	24.0	16.94
0	323	23.99	22.45
0	324	23.95	17.14
0	325	23.92	7.28
0	326	23.9	15.52
0	327	23.89	23.71
0	328	23.86	13.85
0	329	23.85	23.42
0	330	23.8	0.37
0	331	23.67	22.87
0	332	23.61	16.71
0	333	23.56	22.53
0	334	23.55	16.72
0	335	23.55	1.63
0	336	23.51	5.06
0	337	23.49	13.38
0	338	23.43	15.11
0	339	23.41	18.53
0	340	23.37	12.87
0	341	23.36	8.95
0	342	23.31	0.0
0	343	23.28	22.86
0	344	23.24	12.95
0	345	23.2	2.04
0	346	23.14	16.66
0	347	23.13	2.73
0	348	23.13	22.86
0	349	23.12	17.36
0	350	22.83	17.03
0	351	22.79	21.05
0	352	22.79	12.53
0	353	22.67	15.26
0	354	22.63	5.95
0	355	22.47	16.52
0	356	22.46	19.56
0	357	22.34	17.03
0	358	22.3	15.66
0	359	22.26	21.05
0	360	22.13	22.04
0	361	22.13	20.56
0	362	22.06	21.84
0	363	22.04	19.6
0	364	22.01	0.0
0	365	21.99	21.78
0	366	21.76	17.02
0	367	21.72	0.0
0	368	21.71	9.47
0	369	21.71	11.2
0	370	21.7	0.0
0	371	21.67	13.4
0	372	21.65	15.69
0	373	21.64	0.0
0	374	21.6	12.26
0	375	21.57	12.06
0	376	21.56	19.67
0	377	21.56	17.25
0	378	21.54	5.61
0	379	21.46	13.95
0	380	21.46	19.74
0	381	21.46	16.58
0	382	21.39	20.24
0	383	21.36	6.26
0	384	21.28	6.12
0	385	21.23	12.76
0	386	21.22	20.98
0	387	21.17	0.0
0	388	21.1	17.41
0	389	21.0	19.33
0	390	20.9	18.57
0	391	20.83	20.38
0	392	20.82	6.74
0	393	20.8	0.0
0	394	20.79	0.0
0	395	20.75	15.32
0	396	20.65	19.78
0	397	20.62	15.07
0	398	20.6	16.47
0	399	20.48	12.34
0	400	20.47	5.31
0	401	20.44	15.78
0	402	20.4	15.49
0	403	20.34	20.12
0	404	20.33	0.0
0	405	20.32	18.54
0	406	20.31	5.31
0	407	20.24	10.34
0	408	20.1	0.0
0	409	20.06	10.36
0	410	19.93	10.29
0	411	19.93	18.48
0	412	19.92	1.26
0	413	19.78	18.36
0	414	19.77	0.0
0	415	19.72	13.69
0	416	19.7	13.37
0	417	19.68	8.79
0	418	19.66	16.91
0	419	19.65	12.91
0	420	19.57	12.1
0	421	19.54	11.11
0	422	19.5	12.31
0	423	19.47	6.32
0	424	19.45	13.54
0	425	19.35	18.56
0	426	19.34	0.0
0	427	19.31	11.57
0	428	19.15	16.17
0	429	19.11	0.0
0	430	19.08	13.44
0	431	19.05	6.7
0	432	19.03	13.66
0	433	19.01	16.06
0	434	19.0	0.0
0	435	18.9	17.61
0	436	18.88	9.83
0	437	18.86	8.7
0	438	18.85	8.32
0	439	18.7	6.69
0	440	18.67	10.09
0	441	18.65	17.75
0	442	18.59	0.0
0	443	18.58	3.29
0	444	18.48	16.44
0	445	18.46	0.0
0	446	18.41	0.0
0	447	18.39	17.09
0	448	18.37	17.29
0	449	18.35	13.42
0	450	18.34	15.03
0	451	18.33	11.34
0	452	18.31	16.47
0	453	18.3	0.0
0	454	18.27	0.0
0	455	18.26	9.42
0	456	18.11	17.69
0	457	18.09	15.35
0	458	18.02	17.17
0	459	17.98	6.95
0	460	17.95	8.92
0	461	17.95	6.62
0	462	17.89	0.53
0	463	17.86	6.11
0	464	17.86	0.0
0	465	17.84	9.78
0	466	17.83	16.67
0	467	17.73	15.79
0	468	17.66	17.06
0	469	17.66	0.0
0	470	17.63	16.05
0	471	17.62	15.11
0	472	17.61	16.75
0	473	17.6	14.44
0	474	17.54	14.05
0	475	17.49	16.05
0	476	17.47	0.0
0	477	17.44	12.96
0	478	17.43	13.4
0	479	17.41	8.43
0	480	17.4	0.0
0	481	17.39	10.17
0	482	17.38	14.18
0	483	17.38	16.21
0	484	17.37	0.92
0	485	17.35	14.64
0	486	17.32	13.19
0	487	17.32	12.45
0	488	17.32	7.31
0	489	17.24	2.24
0	490	17.23	7.54
0	491	17.22	0.0
0	492	17.2	0.0
0	493	17.18	0.0
0	494	17.06	8.94
0	495	16.96	13.43
0	496	16.95	0.0
0	497	16.93	0.0
0	498	16.92	6.65
0	499	16.9	16.33
0	500	16.87	0.0
0	501	16.86	6.84
0	502	16.86	15.93
0	503	16.86	16.72
0	504	16.83	0.0
0	505	16.82	0.48
0	506	16.77	2.47
0	507	16.67	1.94
0	508	16.61	3.33
0	509	16.59	2.47
0	510	16.59	7.15
0	511	16.57	11.53
0	512	16.53	5.15
0	513	16.53	15.79
0	514	16.5	12.63
0	515	16.47	0.0
0	516	16.46	12.76
0	517	16.42	11.08
0	518	16.37	12.9
0	519	16.33	13.83
0	520	16.31	0.0
0	521	16.3	12.23
0	522	16.26	15.32
0	523	16.25	0.0
0	524	16.25	7.24
0	525	16.22	10.83
0	526	16.13	15.14
0	527	16.12	3.78
0	528	16.1	0.0
0	529	16.08	15.36
0	530	16.02	0.0
0	531	15.98	4.43
0	532	15.98	13.94
0	533	15.98	6.89
0	534	15.98	4.28
0	535	15.96	15.22
0	536	15.96	13.18
0	537	15.95	15.51
0	538	15.92	12.65
0	539	15.92	9.07
0	540	15.89	0.0
0	541	15.87	9.64
0	542	15.81	0.0
0	543	15.8	0.0
0	544	15.8	6.41
0	545	15.78	13.47
0	546	15.75	12.63
0	547	15.73	11.23
0	548	15.7	14.26
0	549	15.67	0.44
0	550	15.66	0.0
0	551	15.64	12.39
0	552	15.6	0.0
0	553	15.6	7.92
0	554	15.53	15.3
0	555	15.52	15.1
0	556	15.5	1.62
0	557	15.45	11.94
0	558	15.41	0.21
0	559	15.41	0.34
0	560	15.37	8.71
0	561	15.35	0.0
0	562	15.3	11.57
0	563	15.24	13.99
0	564	15.24	0.0
0	565	15.08	11.59
0	566	15.06	3.84
0	567	15.04	0.0
0	568	14.96	10.61
0	569	14.96	12.37
0	570	14.93	2.66
0	571	14.89	14.42
0	572	14.89	12.96
0	573	14.87	1.37
0	574	14.86	0.59
0	575	14.83	6.18
0	576	14.83	10.25
0	577	14.81	14.72
0	578	14.77	0.0
0	579	14.74	0.0
0	580	14.74	9.02
0	581	14.72	0.0
0	582	14.65	13.34
0	583	14.63	14.18
0	584	14.61	0.0
0	585	14.58	10.3
0	586	14.55	7.04
0	587	14.52	11.32
0	588	14.52	10.58
0	589	14.5	4.11
0	590	14.5	10.18
0	591	14.43	11.36
0	592	14.3	0.23
0	593	14.3	0.12
0	594	14.27	4.48
0	595	14.26	8.89
0	596	14.19	1.87
0	597	14.19	4.07
0	598	14.14	4.12
0	599	14.13	0.0
0	600	14.12	9.57
0	601	13.99	6.62
0	602	13.97	8.52
0	603	13.95	8.22
0	604	13.94	8.94
0	605	13.92	7.88
0	606	13.88	0.0
0	607	13.86	11.78
0	608	13.84	5.9
0	609	13.83	0.0
0	610	13.79	12.77
0	611	13.78	0.0
0	612	13.74	10.99
0	613	13.73	9.92
0	614	13.73	10.11
0	615	13.72	0.0
0	616	13.71	3.36
0	617	13.7	6.64
0	618	13.7	0.0
0	619	13.68	0.0
0	620	13.64	0.0
0	621	13.52	6.13
0	622	13.5	10.63
0	623	13.49	7.4
0	624	13.48	4.31
0	625	13.48	5.66
0	626	13.45	10.84
0	627	13.32	8.35
0	628	13.32	12.07
0	629	13.3	9.25
0	630	13.28	0.0
0	631	13.21	7.34
0	632	13.19	5.49
0	633	13.17	0.0
0	634	13.14	6.63
0	635	13.13	0.0
0	636	13.11	6.49
0	637	13.1	2.9
0	638	13.09	11.72
0	639	13.09	5.89
0	640	13.06	12.52
0	641	13.06	0.0
0	642	13.05	3.09
0	643	13.03	10.78
0	644	12.98	6.26
0	645	12.97	0.0
0	646	12.96	11.53
0	647	12.96	0.0
0	648	12.92	0.0
0	649	12.91	1.72
0	650	12.85	5.66
0	651	12.84	2.75
0	652	12.82	0.0
0	653	12.81	7.94
0	654	12.8	0.0
0	655	12.77	2.21
0	656	12.75	0.0
0	657	12.74	9.83
0	658	12.71	0.0
0	659	12.69	0.0
0	660	12.67	0.0
0	661	12.66	0.0
0	662	12.66	6.33
0	663	12.64	0.0
0	664	12.61	11.07
0	665	12.58	9.44
0	666	12.52	0.0
0	667	12.5	5.82
0	668	12.49	4.9
0	669	12.48	0.0
0	670	12.48	0.0
0	671	12.45	12.1
0	672	12.43	0.0
0	673	12.4	0.0
0	674	12.39	6.56
0	675	12.37	0.0
0	676	12.29	0.0
0	677	12.29	11.51
0	678	12.29	8.98
0	679	12.26	4.77
0	680	12.25	0.46
0	681	12.23	8.79
0	682	12.23	6.19
0	683	12.21	12.19
0	684	12.19	10.08
0	685	12.19	6.69
0	686	12.18	0.0
0	687	12.14	6.58
0	688	12.1	10.33
0	689	12.08	9.7
0	690	12.07	1.55
0	691	12.05	0.0
0	692	12.0	11.65
0	693	11.99	10.88
0	694	11.98	6.01
0	695	11.97	0.86
0	696	11.94	1.93
0	697	11.94	2.57
0	698	11.92	0.0
0	699	11.9	0.0
0	700	11.9	0.0
0	701	11.88	1.02
0	702	11.87	0.0
0	703	11.84	2.76
0	704	11.84	9.31
0	705	11.82	9.27
0	706	11.81	10.34
0	707	11.77	8.11
0	708	11.77	0.0
0	709	11.73	9.63
0	710	11.68	0.0
0	711	11.67	0.0
0	712	11.65	0.0
0	713	11.64	11.12
0	714	11.6	0.0
0	715	11.56	0.0
0	716	11.52	2.82
0	717	11.52	0.0
0	718	11.51	4.8
0	719	11.49	5.88
0	720	11.48	5.83
0	721	11.48	8.68
0	722	11.47	11.04
0	723	11.45	7.92
0	724	11.44	0.0
0	725	11.43	3.29
0	726	11.41	9.92
0	727	11.39	0.0
0	728	11.38	2.95
0	729	11.37	10.46
0	730	11.36	9.7
0	731	11.34	7.35
0	732	11.32	4.36
0	733	11.3	0.0
0	734	11.3	9.21
0	735	11.29	9.09
0	736	11.27	5.69
0	737	11.27	6.72
0	738	11.23	5.89
0	739	11.22	0.0
0	740	11.2	7.67
0	741	11.18	5.24
0	742	11.08	7.41
0	743	11.06	10.85
0	744	11.04	0.0
0	745	10.99	0.0
0	746	10.96	6.08
0	747	10.96	5.58
0	748	10.95	0.0
0	749	10.94	6.54
0	750	10.92	0.0
0	751	10.92	4.75
0	752	10.9	0.0
0	753	10.88	1.06
0	754	10.87	7.56
0	755	10.86	0.0
0	756	10.85	4.1
0	757	10.85	0.84
0	758	10.85	10.7
0	759	10.84	0.0
0	760	10.83	0.0
0	761	10.77	9.7
0	762	10.74	0.0
0	763	10.74	0.0
0	764	10.74	3.85
0	765	10.71	3.63
0	766	10.71	8.03
0	767	10.65	8.55
0	768	10.65	8.44
0	769	10.64	6.07
0	770	10.62	9.18
0	771	10.61	0.0
0	772	10.61	8.66
0	773	10.6	8.62
0	774	10.6	3.09
0	775	10.6	0.0
0	776	10.54	0.0
0	777	10.53	0.0
0	778	10.51	4.96
0	779	10.49	10.23
0	780	10.48	0.0
0	781	10.47	9.47
0	782	10.44	2.92
0	783	10.44	0.0
0	784	10.43	6.36
0	785	10.43	4.69
0	786	10.42	8.15
0	787	10.37	0.0
0	788	10.37	0.0
0	789	10.36	0.0
0	790	10.33	5.11
0	791	10.32	8.21
0	792	10.27	6.0
0	793	10.25	0.0
0	794	10.24	9.31
0	795	10.23	7.24
0	796	10.22	0.0
0	797	10.22	9.22
0	798	10.21	0.0
0	799	10.21	7.44
0	800	10.21	10.0
0	801	10.21	9.02
0	802	10.19	5.7
0	803	10.17	0.0
0	804	10.17	2.54
0	805	10.13	2.39
0	806	10.11	5.5
0	807	10.11	9.4
0	808	10.09	0.02
0	809	10.09	2.52
0	810	10.09	0.0
0	811	10.08	0.0
0	812	10.07	0.0
0	813	10.04	3.62
0	814	10.02	9.71
0	815	9.99	0.0
0	816	9.94	0.0
0	817	9.86	6.01
0	818	9.85	7.86
0	819	9.83	1.62
0	820	9.82	0.0
0	821	9.8	9.14
0	822	9.73	4.96
0	823	9.72	7.26
0	824	9.6	8.6
0	825	9.56	0.0
0	826	9.52	0.43
0	827	9.49	0.0
0	828	9.49	0.0
0	829	9.46	4.15
0	830	9.45	4.42
0	831	9.45	5.95
0	832	9.45	9.25
0	833	9.42	0.0
0	834	9.41	8.12
0	835	9.41	1.73
0	836	9.39	9.28
0	837	9.38	0.0
0	838	9.34	3.29
0	839	9.32	0.0
0	840	9.32	0.0
0	841	9.31	4.12
0	842	9.3	4.63
0	843	9.3	0.86
0	844	9.21	8.75
0	845	9.19	0.0
0	846	9.19	1.17
0	847	9.17	0.0
0	848	9.13	0.0
0	849	9.09	0.0
0	850	9.09	0.0
0	851	9.06	4.13
0	852	9.05	0.0
0	853	9.05	0.0
0	854	9.04	0.0
0	855	9.03	0.0
0	856	9.0	2.08
0	857	9.0	3.07
0	858	8.99	0.0
0	859	8.99	0.0
0	860	8.91	1.77
0	861	8.88	6.88
0	862	8.86	5.42
0	863	8.85	0.0
0	864	8.85	0.0
0	865	8.85	5.86
0	866	8.84	7.66
0	867	8.84	6.33
0	868	8.84	7.05
0	869	8.82	7.61
0	870	8.82	8.33
0	871	8.81	0.0
0	872	8.81	5.14
0	873	8.81	6.57
0	874	8.8	0.0
0	875	8.79	0.48
0	876	8.79	5.98
0	877	8.77	6.88
0	878	8.77	6.31
0	879	8.75	0.0
0	880	8.74	0.0
0	881	8.73	0.0
0	882	8.72	0.0
0	883	8.7	0.0
0	884	8.69	0.0
0	885	8.69	0.0
0	886	8.68	8.67
0	887	8.68	0.0
0	888	8.64	4.83
0	889	8.64	5.71
0	890	8.58	6.46
0	891	8.58	7.37
0	892	8.55	0.0
0	893	8.5	6.35
0	894	8.48	4.56
0	895	8.48	0.0
0	896	8.48	6.12
0	897	8.4	4.66
0	898	8.38	2.62
0	899	8.37	5.15
0	900	8.37	0.0
0	901	8.36	0.0
0	902	8.34	8.17
0	903	8.31	8.04
0	904	8.28	7.83
0	905	8.28	7.35
0	906	8.25	2.71
0	907	8.25	0.0
0	908	8.25	0.0
0	909	8.24	0.0
0	910	8.23	0.0
0	911	8.22	0.0
0	912	8.2	6.56
0	913	8.2	0.0
0	914	8.19	2.81
0	915	8.18	0.0
0	916	8.18	0.0
0	917	8.17	3.08
0	918	8.17	2.57
0	919	8.12	4.29
0	920	8.12	0.64
0	921	8.11	0.0
0	922	8.09	8.01
0	923	8.07	5.92
0	924	8.06	0.0
0	925	8.05	3.68
0	926	8.05	0.0
0	927	8.04	4.55
0	928	8.04	7.72
0	929	8.03	0.08
0	930	8.03	0.0
0	931	8.02	5.95
0	932	8.01	0.0
0	933	8.0	0.0
0	934	7.99	0.0
0	935	7.99	6.66
0	936	7.98	0.0
0	937	7.98	6.45
0	938	7.95	0.0
0	939	7.95	0.0
0	940	7.93	0.0
0	941	7.93	4.55
0	942	7.85	0.0
0	943	7.84	0.58
0	944	7.83	0.0
0	945	7.81	2.99
0	946	7.78	0.0
0	947	7.75	5.42
0	948	7.74	1.99
0	949	7.71	0.0
0	950	7.7	0.0
0	951	7.7	0.0
0	952	7.69	0.0
0	953	7.67	4.1
0	954	7.64	4.07
0	955	7.63	0.0
0	956	7.63	2.96
0	957	7.63	3.22
0	958	7.62	0.0
0	959	7.6	7.15
0	960	7.6	2.26
0	961	7.59	0.0
0	962	7.58	0.0
0	963	7.57	0.0
0	964	7.56	0.0
0	965	7.52	0.0
0	966	7.51	0.0
0	967	7.48	0.0
0	968	7.48	3.81
0	969	7.47	2.25
0	970	7.46	0.0
0	971	7.45	6.13
0	972	7.44	2.78
0	973	7.43	0.0
0	974	7.4	0.0
0	975	7.4	5.81
0	976	7.4	0.0
0	977	7.39	2.41
0	978	7.39	1.39
0	979	7.38	1.86
0	980	7.38	2.07
0	981	7.36	0.0
0	982	7.36	1.14
0	983	7.35	3.24
0	984	7.33	3.58
0	985	7.33	5.39
0	986	7.33	0.0
0	987	7.31	2.23
0	988	7.28	0.0
0	989	7.27	0.0
0	990	7.26	6.17
0	991	7.25	5.22
0	992	7.21	0.0
0	993	7.21	0.0
0	994	7.18	0.0
0	995	7.18	0.0
0	996	7.18	5.55
0	997	7.18	3.27
0	998	7.16	4.8
0	999	7.15	5.28
0	1000	7.15	2.68
0	1001	7.12	0.0
0	1002	7.1	0.0
0	1003	7.07	0.0
0	1004	7.05	0.0
0	1005	7.05	0.0
0	1006	7.03	3.06
0	1007	7.03	6.05
0	1008	7.03	2.28
0	1009	7.01	0.0
0	1010	7.0	0.0
0	1011	7.0	5.37
0	1012	7.0	0.0
0	1013	6.99	6.46
0	1014	6.98	6.83
0	1015	6.98	6.85
0	1016	6.97	0.0
0	1017	6.95	0.0
0	1018	6.95	0.0
0	1019	6.94	0.0
0	1020	6.94	0.0
0	1021	6.94	0.0
0	1022	6.93	5.11
0	1023	6.93	5.46
0	1024	6.92	3.98
0	1025	6.91	0.0
0	1026	6.9	0.0
0	1027	6.89	2.27
0	1028	6.87	0.0
0	1029	6.86	0.0
0	1030	6.86	0.0
0	1031	6.83	1.68
0	1032	6.82	0.0
0	1033	6.81	4.91
0	1034	6.81	6.12
0	1035	6.81	0.0
0	1036	6.79	2.67
0	1037	6.77	0.37
0	1038	6.75	6.42
0	1039	6.75	3.54
0	1040	6.75	0.73
0	1041	6.74	1.94
0	1042	6.74	0.0
0	1043	6.74	4.76
0	1044	6.73	4.36
0	1045	6.71	3.67
0	1046	6.68	5.56
0	1047	6.68	2.54
0	1048	6.67	0.0
0	1049	6.66	1.49
0	1050	6.65	5.67
0	1051	6.62	2.76
0	1052	6.62	0.0
0	1053	6.61	0.0
0	1054	6.57	0.0
0	1055	6.56	5.25
0	1056	6.56	2.6
0	1057	6.55	0.0
0	1058	6.55	0.0
0	1059	6.54	0.0
0	1060	6.53	0.32
0	1061	6.51	3.45
0	1062	6.49	4.64
0	1063	6.48	0.99
0	1064	6.47	0.0
0	1065	6.47	0.0
0	1066	6.44	3.53
0	1067	6.44	0.0
0	1068	6.4	2.98
0	1069	6.39	0.0
0	1070	6.38	0.0
0	1071	6.38	0.0
0	1072	6.38	2.83
0	1073	6.37	0.0
0	1074	6.37	5.97
0	1075	6.35	3.02
0	1076	6.34	0.0
0	1077	6.32	0.0
0	1078	6.3	1.44
0	1079	6.25	0.0
0	1080	6.24	2.2
0	1081	6.22	0.0
0	1082	6.22	0.0
0	1083	6.21	4.73
0	1084	6.17	0.0
0	1085	6.16	0.0
0	1086	6.16	0.0
0	1087	6.16	0.0
0	1088	6.15	5.08
0	1089	6.11	0.16
0	1090	6.08	5.77
0	1091	6.07	0.0
0	1092	6.06	0.0
0	1093	6.06	2.82
0	1094	6.05	5.15
0	1095	6.03	1.13
0	1096	6.02	4.56
0	1097	6.01	0.0
0	1098	6.01	0.0
0	1099	6.01	0.34
0	1100	6.0	0.0
0	1101	5.99	4.11
0	1102	5.99	0.0
0	1103	5.98	0.0
0	1104	5.98	0.0
0	1105	5.98	3.94
0	1106	5.98	0.0
0	1107	5.94	0.0
0	1108	5.93	2.55
0	1109	5.93	2.59
0	1110	5.91	0.0
0	1111	5.9	0.0
0	1112	5.89	0.0
0	1113	5.89	5.27
0	1114	5.84	1.12
0	1115	5.84	0.0
0	1116	5.84	0.0
0	1117	5.84	4.24
0	1118	5.83	0.0
0	1119	5.83	5.25
0	1120	5.83	0.0
0	1121	5.79	0.0
0	1122	5.78	4.17
0	1123	5.78	0.26
0	1124	5.76	0.0
0	1125	5.75	0.22
0	1126	5.75	1.59
0	1127	5.74	0.0
0	1128	5.73	0.0
0	1129	5.71	0.0
0	1130	5.7	3.12
0	1131	5.68	0.0
0	1132	5.66	4.94
0	1133	5.62	0.0
0	1134	5.61	0.0
0	1135	5.6	0.84
0	1136	5.59	0.0
0	1137	5.59	1.43
0	1138	5.57	0.0
0	1139	5.57	0.32
0	1140	5.52	0.0
0	1141	5.48	1.33
0	1142	5.48	0.0
0	1143	5.45	2.85
0	1144	5.44	4.96
0	1145	5.42	0.97
0	1146	5.39	0.0
0	1147	5.39	2.89
0	1148	5.38	0.7
0	1149	5.38	0.0
0	1150	5.37	2.47
0	1151	5.35	2.43
0	1152	5.34	0.0
0	1153	5.31	0.0
0	1154	5.31	4.36
0	1155	5.31	0.0
0	1156	5.3	0.0
0	1157	5.3	0.0
0	1158	5.25	0.0
0	1159	5.24	3.3
0	1160	5.22	2.04
0	1161	5.21	1.23
0	1162	5.21	4.24
0	1163	5.18	2.24
0	1164	5.18	0.0
0	1165	5.17	0.0
0	1166	5.15	0.0
0	1167	5.13	4.6
0	1168	5.11	4.03
0	1169	5.09	2.22
0	1170	5.08	0.0
0	1171	5.07	0.0
0	1172	5.06	0.0
0	1173	5.06	0.0
0	1174	5.03	0.0
0	1175	5.03	4.6
0	1176	5.02	0.0
0	1177	5.02	0.0
0	1178	5.02	2.94
0	1179	5.01	3.02
0	1180	4.99	2.84
0	1181	4.98	0.0
0	1182	4.96	0.0
0	1183	4.95	0.0
0	1184	4.93	1.8
0	1185	4.92	0.83
0	1186	4.92	0.0
0	1187	4.9	0.0
0	1188	4.87	2.94
0	1189	4.86	0.0
0	1190	4.86	0.0
0	1191	4.85	0.0
0	1192	4.84	0.0
0	1193	4.79	0.0
0	1194	4.79	0.0
0	1195	4.79	3.97
0	1196	4.79	0.0
0	1197	4.77	0.0
0	1198	4.77	0.0
0	1199	4.76	4.61
0	1200	4.73	0.0
0	1201	4.73	0.0
0	1202	4.73	0.0
0	1203	4.72	0.0
0	1204	4.69	0.0
0	1205	4.66	0.0
0	1206	4.66	0.15
0	1207	4.65	3.21
0	1208	4.65	0.0
0	1209	4.64	0.0
0	1210	4.61	0.0
0	1211	4.6	0.0
0	1212	4.6	0.0
0	1213	4.59	0.0
0	1214	4.57	0.0
0	1215	4.52	0.0
0	1216	4.52	0.0
0	1217	4.51	0.0
0	1218	4.51	2.81
0	1219	4.5	0.0
0	1220	4.5	2.37
0	1221	4.49	0.0
0	1222	4.47	0.0
0	1223	4.46	2.76
0	1224	4.43	0.0
0	1225	4.42	4.08
0	1226	4.41	0.0
0	1227	4.39	0.0
0	1228	4.39	4.25
0	1229	4.38	0.4
0	1230	4.37	0.0
0	1231	4.37	0.0
0	1232	4.37	0.0
0	1233	4.35	2.42
0	1234	4.35	3.0
0	1235	4.32	0.19
0	1236	4.29	3.49
0	1237	4.29	0.81
0	1238	4.29	0.0
0	1239	4.23	0.0
0	1240	4.23	0.0
0	1241	4.22	0.0
0	1242	4.22	0.0
0	1243	4.22	3.96
0	1244	4.2	0.0
0	1245	4.18	2.33
0	1246	4.17	0.61
0	1247	4.17	0.0
0	1248	4.17	0.0
0	1249	4.16	0.0
0	1250	4.15	0.0
0	1251	4.09	0.0
0	1252	4.09	0.0
0	1253	4.07	0.0
0	1254	4.07	0.0
0	1255	4.05	0.0
0	1256	4.04	1.93
0	1257	4.03	0.0
0	1258	4.02	0.0
0	1259	4.01	1.79
0	1260	4.01	0.0
0	1261	4.01	0.0
0	1262	4.0	0.0
0	1263	3.99	0.0
0	1264	3.98	0.0
0	1265	3.95	0.0
0	1266	3.95	3.43
0	1267	3.93	0.0
0	1268	3.89	0.0
0	1269	3.87	0.0
0	1270	3.84	0.0
0	1271	3.8	0.0
0	1272	3.79	0.0
0	1273	3.78	3.23
0	1274	3.77	2.32
0	1275	3.74	3.32
0	1276	3.73	0.0
0	1277	3.66	3.54
0	1278	3.66	3.19
0	1279	3.65	0.0
0	1280	3.63	2.16
0	1281	3.62	2.07
0	1282	3.62	0.0
0	1283	3.62	1.12
0	1284	3.61	1.75
0	1285	3.6	1.28
0	1286	3.59	0.0
0	1287	3.56	2.48
0	1288	3.56	1.58
0	1289	3.54	0.0
0	1290	3.54	2.98
0	1291	3.54	2.5
0	1292	3.52	0.0
0	1293	3.51	0.0
0	1294	3.51	0.0
0	1295	3.5	0.0
0	1296	3.5	1.05
0	1297	3.5	0.0
0	1298	3.48	0.0
0	1299	3.48	0.0
0	1300	3.48	0.0
0	1301	3.47	0.0
0	1302	3.45	0.0
0	1303	3.44	0.0
0	1304	3.43	0.0
0	1305	3.43	0.0
0	1306	3.42	0.0
0	1307	3.38	0.0
0	1308	3.38	0.0
0	1309	3.37	2.05
0	1310	3.36	0.0
0	1311	3.35	0.0
0	1312	3.35	0.0
0	1313	3.34	0.0
0	1314	3.33	0.0
0	1315	3.32	2.35
0	1316	3.32	0.0
0	1317	3.3	0.0
0	1318	3.29	1.86
0	1319	3.27	0.0
0	1320	3.25	0.0
0	1321	3.23	0.0
0	1322	3.22	0.0
0	1323	3.21	0.0
0	1324	3.2	0.0
0	1325	3.19	0.0
0	1326	3.19	0.0
0	1327	3.18	0.0
0	1328	3.17	0.0
0	1329	3.16	0.0
0	1330	3.13	1.58
0	1331	3.13	0.0
0	1332	3.12	0.0
0	1333	3.11	0.0
0	1334	3.1	0.0
0	1335	3.1	0.0
0	1336	3.07	0.0
0	1337	3.06	0.0
0	1338	3.03	0.0
0	1339	3.02	0.0
0	1340	3.02	0.0
0	1341	3.0	0.0
0	1342	2.98	0.0
0	1343	2.97	0.0
0	1344	2.97	0.0
0	1345	2.96	0.0
0	1346	2.94	0.0
0	1347	2.93	0.46
0	1348	2.93	0.0
0	1349	2.93	0.0
0	1350	2.92	2.45
0	1351	2.9	2.87
0	1352	2.87	0.0
0	1353	2.87	0.0
0	1354	2.86	0.0
0	1355	2.85	1.39
0	1356	2.81	0.0
0	1357	2.79	0.0
0	1358	2.79	0.0
0	1359	2.78	0.0
0	1360	2.78	1.71
0	1361	2.76	0.0
0	1362	2.75	0.0
0	1363	2.68	2.57
0	1364	2.67	0.0
0	1365	2.66	0.0
0	1366	2.65	0.0
0	1367	2.65	0.0
0	1368	2.62	0.0
0	1369	2.62	0.0
0	1370	2.61	0.0
0	1371	2.61	0.0
0	1372	2.61	0.0
0	1373	2.59	0.0
0	1374	2.58	0.0
0	1375	2.57	2.1
0	1376	2.56	0.64
0	1377	2.55	0.0
0	1378	2.53	0.0
0	1379	2.52	0.0
0	1380	2.52	0.0
0	1381	2.51	0.0
0	1382	2.51	1.09
0	1383	2.51	0.48
0	1384	2.5	0.0
0	1385	2.5	0.0
0	1386	2.45	1.13
0	1387	2.44	0.0
0	1388	2.43	0.57
0	1389	2.42	1.48
0	1390	2.36	0.0
0	1391	2.36	1.2
0	1392	2.34	0.0
0	1393	2.34	0.0
0	1394	2.33	0.0
0	1395	2.33	1.21
0	1396	2.31	1.8
0	1397	2.3	0.0
0	1398	2.28	0.0
0	1399	2.27	0.0
0	1400	2.26	0.0
0	1401	2.25	1.61
0	1402	2.24	0.0
0	1403	2.24	0.0
0	1404	2.23	0.4
0	1405	2.22	1.64
0	1406	2.21	0.0
0	1407	2.16	0.0
0	1408	2.13	0.0
0	1409	2.12	0.0
0	1410	2.1	0.0
0	1411	2.09	0.0
0	1412	2.08	0.0
0	1413	2.08	0.0
0	1414	2.07	0.0
0	1415	2.07	0.0
0	1416	2.07	1.17
0	1417	2.06	0.0
0	1418	2.06	0.0
0	1419	2.05	0.0
0	1420	2.04	0.0
0	1421	2.03	0.0
0	1422	2.01	0.0
0	1423	2.01	0.0
0	1424	2.0	0.0
0	1425	1.99	0.0
0	1426	1.99	0.0
0	1427	1.96	0.0
0	1428	1.96	0.0
0	1429	1.92	0.0
0	1430	1.91	0.0
0	1431	1.9	0.0
0	1432	1.89	0.01
0	1433	1.88	0.0
0	1434	1.88	0.0
0	1435	1.86	0.0
0	1436	1.84	0.0
0	1437	1.84	0.0
0	1438	1.84	0.0
0	1439	1.84	0.0
0	1440	1.82	1.11
0	1441	1.82	0.0
0	1442	1.81	0.37
0	1443	1.81	0.0
0	1444	1.8	0.0
0	1445	1.78	0.0
0	1446	1.77	0.0
0	1447	1.73	0.0
0	1448	1.72	0.0
0	1449	1.72	0.0
0	1450	1.72	0.0
0	1451	1.7	0.0
0	1452	1.69	0.0
0	1453	1.69	0.0
0	1454	1.68	0.42
0	1455	1.68	0.0
0	1456	1.68	0.0
0	1457	1.68	0.0
0	1458	1.67	0.0
0	1459	1.67	0.0
0	1460	1.66	0.0
0	1461	1.62	0.0
0	1462	1.62	0.0
0	1463	1.62	0.0
0	1464	1.61	0.69
0	1465	1.6	0.0
0	1466	1.57	0.0
0	1467	1.57	0.0
0	1468	1.55	0.0
0	1469	1.54	1.06
0	1470	1.54	0.0
0	1471	1.54	0.0
0	1472	1.54	0.0
0	1473	1.54	0.29
0	1474	1.53	0.0
0	1475	1.52	0.0
0	1476	1.48	0.0
0	1477	1.46	1.08
0	1478	1.46	0.0
0	1479	1.46	0.0
0	1480	1.46	0.0
0	1481	1.46	0.0
0	1482	1.44	0.96
0	1483	1.43	0.1
0	1484	1.43	0.0
0	1485	1.42	0.0
0	1486	1.42	0.0
0	1487	1.4	0.0
0	1488	1.4	0.0
0	1489	1.39	0.0
0	1490	1.38	0.92
0	1491	1.37	0.0
0	1492	1.35	0.0
0	1493	1.35	0.0
0	1494	1.34	0.0
0	1495	1.32	0.0
0	1496	1.32	0.0
0	1497	1.32	0.0
0	1498	1.28	0.0
0	1499	1.27	0.0
0	1500	1.26	1.04
0	1501	1.26	0.0
0	1502	1.26	1.2
0	1503	1.26	0.08
0	1504	1.26	0.0
0	1505	1.25	0.0
0	1506	1.25	0.0
0	1507	1.23	0.0
0	1508	1.22	0.0
0	1509	1.21	0.0
0	1510	1.21	0.64
0	1511	1.2	0.0
0	1512	1.19	0.0
0	1513	1.19	0.0
0	1514	1.17	0.0
0	1515	1.16	0.0
0	1516	1.16	0.0
0	1517	1.16	0.0
0	1518	1.15	0.0
0	1519	1.15	0.4
0	1520	1.14	0.0
0	1521	1.13	0.0
0	1522	1.11	0.91
0	1523	1.1	0.0
0	1524	1.1	0.0
0	1525	1.07	0.0
0	1526	1.05	0.0
0	1527	1.04	0.0
0	1528	1.02	0.0
0	1529	1.01	0.0
0	1530	1.0	0.0
0	1531	1.0	0.0
0	1532	0.99	0.0
0	1533	0.97	0.0
0	1534	0.97	0.0
0	1535	0.94	0.0
0	1536	0.93	0.0
0	1537	0.91	0.0
0	1538	0.89	0.0
0	1539	0.88	0.0
0	1540	0.88	0.0
0	1541	0.88	0.0
0	1542	0.88	0.0
0	1543	0.86	0.0
0	1544	0.85	0.0
0	1545	0.84	0.0
0	1546	0.83	0.0
0	1547	0.83	0.0
0	1548	0.82	0.0
0	1549	0.82	0.0
0	1550	0.81	0.0
0	1551	0.78	0.0
0	1552	0.76	0.0
0	1553	0.75	0.0
0	1554	0.75	0.0
0	1555	0.75	0.46
0	1556	0.74	0.0
0	1557	0.74	0.0
0	1558	0.74	0.0
0	1559	0.73	0.14
0	1560	0.73	0.0
0	1561	0.72	0.5
0	1562	0.72	0.0
0	1563	0.72	0.0
0	1564	0.71	0.0
0	1565	0.71	0.0
0	1566	0.7	0.0
0	1567	0.69	0.0
0	1568	0.69	0.0
0	1569	0.66	0.0
0	1570	0.66	0.0
0	1571	0.66	0.0
0	1572	0.64	0.0
0	1573	0.61	0.0
0	1574	0.59	0.0
0	1575	0.59	0.0
0	1576	0.59	0.0
0	1577	0.59	0.0
0	1578	0.58	0.0
0	1579	0.58	0.0
0	1580	0.57	0.0
0	1581	0.56	0.0
0	1582	0.55	0.0
0	1583	0.52	0.0
0	1584	0.52	0.0
0	1585	0.51	0.0
0	1586	0.51	0.0
0	1587	0.5	0.0
0	1588	0.5	0.0
0	1589	0.49	0.0
0	1590	0.47	0.0
0	1591	0.47	0.0
0	1592	0.47	0.0
0	1593	0.46	0.0
0	1594	0.45	0.0
0	1595	0.44	0.0
0	1596	0.43	0.0
0	1597	0.41	0.0
0	1598	0.39	0.0
0	1599	0.38	0.0
0	1600	0.37	0.0
0	1601	0.37	0.0
0	1602	0.36	0.0
0	1603	0.36	0.0
0	1604	0.35	0.0
0	1605	0.34	0.0
0	1606	0.33	0.0
0	1607	0.33	0.0
0	1608	0.33	0.0
0	1609	0.3	0.0
0	1610	0.3	0.0
0	1611	0.28	0.0
0	1612	0.28	0.0
0	1613	0.28	0.0
0	1614	0.27	0.0
0	1615	0.27	0.0
0	1616	0.27	0.0
0	1617	0.25	0.0
0	1618	0.25	0.0
0	1619	0.23	0.0
0	1620	0.22	0.0
0	1621	0.22	0.0
0	1622	0.22	0.0
0	1623	0.22	0.0
0	1624	0.2	0.0
0	1625	0.2	0.0
0	1626	0.18	0.0
0	1627	0.16	0.0
0	1628	0.16	0.0
0	1629	0.15	0.0
0	1630	0.15	0.0
0	1631	0.13	0.08
0	1632	0.12	0.0
0	1633	0.1	0.0
0	1634	0.08	0.0
0	1635	0.06	0.0
0	1636	0.05	0.0
0	1637	0.05	0.0
0	1638	0.04	0.0
0	1639	0.03	0.0
0	1640	0.03	0.0
0	1641	0.02	0.0
