clade	species	ts	te
0	1	100.0	86.93
0	2	91.03	85.8
0	3	87.77	76.5
0	4	84.74	70.04
0	5	81.8	77.06
0	6	78.6	70.69
0	7	77.31	69.88
0	8	75.74	43.28
0	9	73.51	58.37
0	10	73.19	59.05
0	11	71.41	59.04
0	12	71.29	62.85
0	13	70.18	63.49
0	14	69.58	53.15
0	15	69.13	68.24
0	16	68.38	55.59
0	17	67.85	64.92
0	18	66.05	63.52
0	19	64.98	57.37
0	20	63.01	50.98
0	21	62.18	45.99
0	22	62.06	58.34
0	23	61.71	55.55
0	24	61.26	59.4
0	25	61.22	51.96
0	26	60.81	37.43
0	27	59.46	57.44
0	28	59.17	39.28
0	29	58.97	43.67
0	30	58.75	40.94
0	31	58.55	58.39
0	32	57.19	49.57
0	33	56.97	52.35
0	34	56.65	45.83
0	35	56.56	46.1
0	36	55.35	46.82
0	37	55.15	53.13
0	38	54.8	43.47
0	39	54.75	53.3
0	40	54.57	52.45
0	41	54.23	20.67
0	42	53.99	49.24
0	43	53.59	44.61
0	44	53.54	53.37
0	45	53.42	37.75
0	46	53.25	25.55
0	47	52.92	50.0
0	48	52.74	46.21
0	49	51.91	47.99
0	50	51.74	39.06
0	51	51.72	32.3
0	52	51.63	48.19
0	53	51.45	45.28
0	54	51.08	34.17
0	55	50.88	46.86
0	56	50.2	37.37
0	57	49.98	39.2
0	58	49.88	33.39
0	59	49.76	26.02
0	60	49.25	16.24
0	61	49.18	34.93
0	62	49.1	40.16
0	63	47.89	38.14
0	64	47.04	0.0
0	65	46.9	40.7
0	66	46.79	46.13
0	67	46.45	31.88
0	68	46.44	36.88
0	69	46.39	0.0
0	70	46.39	35.81
0	71	46.36	36.66
0	72	46.3	44.61
0	73	46.2	34.16
0	74	45.71	39.11
0	75	45.48	41.81
0	76	45.39	19.08
0	77	45.29	32.9
0	78	45.12	37.21
0	79	44.91	16.95
0	80	44.72	42.97
0	81	44.67	34.3
0	82	44.6	19.95
0	83	44.11	41.2
0	84	44.03	0.0
0	85	43.99	34.63
0	86	43.62	35.86
0	87	43.4	39.17
0	88	43.22	39.93
0	89	42.95	35.88
0	90	42.94	36.36
0	91	42.93	41.05
0	92	42.85	38.89
0	93	42.32	21.98
0	94	42.3	37.26
0	95	42.23	31.79
0	96	42.22	36.07
0	97	42.14	33.95
0	98	42.12	36.38
0	99	42.08	10.23
0	100	42.07	37.25
0	101	42.0	17.59
0	102	41.97	38.71
0	103	41.89	38.97
0	104	41.32	37.68
0	105	41.31	20.99
0	106	41.04	38.02
0	107	40.97	33.41
0	108	40.95	40.58
0	109	40.91	21.41
0	110	40.76	38.52
0	111	40.64	38.53
0	112	40.44	39.18
0	113	40.35	28.17
0	114	40.34	39.88
0	115	40.29	20.64
0	116	40.26	27.69
0	117	39.96	10.72
0	118	39.82	36.76
0	119	39.81	24.47
0	120	39.74	21.86
0	121	39.73	37.7
0	122	39.56	19.6
0	123	39.45	36.33
0	124	39.3	38.94
0	125	39.27	33.02
0	126	39.25	14.06
0	127	39.21	35.73
0	128	38.96	28.92
0	129	38.64	33.52
0	130	38.57	18.84
0	131	38.51	36.09
0	132	38.41	29.32
0	133	38.4	38.33
0	134	38.35	33.38
0	135	37.87	34.61
0	136	37.82	21.2
0	137	37.66	34.58
0	138	37.66	32.62
0	139	37.24	34.09
0	140	37.17	32.89
0	141	37.04	29.81
0	142	37.04	26.41
0	143	37.01	33.6
0	144	36.96	3.44
0	145	36.95	31.32
0	146	36.93	29.32
0	147	36.85	36.42
0	148	36.82	27.32
0	149	36.78	31.68
0	150	36.71	8.82
0	151	36.53	33.67
0	152	36.45	28.28
0	153	36.44	16.86
0	154	36.17	29.03
0	155	36.13	30.14
0	156	35.86	31.19
0	157	35.81	34.75
0	158	35.8	27.68
0	159	35.62	34.53
0	160	35.56	35.45
0	161	35.53	23.7
0	162	35.51	29.05
0	163	35.43	28.1
0	164	35.2	27.98
0	165	35.09	27.9
0	166	35.07	23.54
0	167	35.04	31.9
0	168	35.01	34.07
0	169	35.0	19.5
0	170	34.85	13.74
0	171	34.77	27.73
0	172	34.75	29.29
0	173	34.64	32.82
0	174	34.48	20.39
0	175	34.42	34.19
0	176	34.33	13.85
0	177	34.29	32.2
0	178	34.28	30.92
0	179	34.27	28.18
0	180	34.21	14.88
0	181	34.2	22.83
0	182	34.19	26.08
0	183	34.13	24.6
0	184	34.1	9.92
0	185	34.09	31.77
0	186	34.05	13.23
0	187	34.04	32.51
0	188	34.02	32.65
0	189	34.01	28.29
0	190	33.96	32.81
0	191	33.95	16.12
0	192	33.89	20.37
0	193	33.83	22.55
0	194	33.73	24.09
0	195	33.71	19.46
0	196	33.66	31.5
0	197	33.45	32.31
0	198	33.42	31.08
0	199	33.39	25.96
0	200	33.38	10.64
0	201	33.36	27.09
0	202	33.34	24.93
0	203	33.19	24.66
0	204	33.14	8.25
0	205	33.14	19.07
0	206	33.14	28.18
0	207	33.11	22.65
0	208	33.07	30.57
0	209	33.06	28.18
0	210	32.88	29.69
0	211	32.87	32.07
0	212	32.8	14.52
0	213	32.75	31.89
0	214	32.7	22.77
0	215	32.65	28.64
0	216	32.65	30.52
0	217	32.48	24.06
0	218	32.39	28.09
0	219	32.39	11.83
0	220	32.35	29.52
0	221	32.25	27.56
0	222	32.23	16.16
0	223	32.21	24.69
0	224	32.21	32.13
0	225	32.18	31.27
0	226	32.15	29.95
0	227	32.12	31.2
0	228	32.12	32.02
0	229	32.11	30.91
0	230	31.97	27.88
0	231	31.92	25.32
0	232	31.83	29.72
0	233	31.82	31.67
0	234	31.65	28.91
0	235	31.62	31.29
0	236	31.61	26.7
0	237	31.59	31.26
0	238	31.53	31.21
0	239	31.51	22.4
0	240	31.51	25.85
0	241	31.49	30.3
0	242	31.46	17.07
0	243	31.46	30.39
0	244	31.38	13.7
0	245	31.35	30.69
0	246	31.31	30.89
0	247	31.31	19.35
0	248	31.24	26.71
0	249	31.06	22.83
0	250	30.96	27.84
0	251	30.94	22.14
0	252	30.9	30.73
0	253	30.85	21.95
0	254	30.84	10.53
0	255	30.82	27.91
0	256	30.81	17.11
0	257	30.75	30.19
0	258	30.71	21.43
0	259	30.69	11.52
0	260	30.57	29.22
0	261	30.57	26.29
0	262	30.54	15.84
0	263	30.48	26.67
0	264	30.45	19.33
0	265	30.35	24.74
0	266	30.32	29.12
0	267	30.27	8.1
0	268	30.24	25.92
0	269	30.23	29.08
0	270	30.19	20.53
0	271	30.11	5.89
0	272	30.07	12.63
0	273	29.93	26.81
0	274	29.91	14.5
0	275	29.75	27.89
0	276	29.71	16.14
0	277	29.69	15.7
0	278	29.68	21.98
0	279	29.68	12.6
0	280	29.65	18.54
0	281	29.63	23.26
0	282	29.61	24.68
0	283	29.51	27.99
0	284	29.49	9.36
0	285	29.46	11.08
0	286	29.45	21.08
0	287	29.44	18.48
0	288	29.43	6.46
0	289	29.4	6.14
0	290	29.33	28.08
0	291	29.2	20.89
0	292	29.19	28.8
0	293	29.12	29.08
0	294	29.06	24.73
0	295	29.04	10.31
0	296	29.03	3.18
0	297	29.02	25.41
0	298	29.0	16.45
0	299	28.92	27.29
0	300	28.91	4.24
0	301	28.88	17.42
0	302	28.85	15.24
0	303	28.61	12.24
0	304	28.56	23.69
0	305	28.51	4.63
0	306	28.5	15.83
0	307	28.47	24.58
0	308	28.44	17.2
0	309	28.41	27.64
0	310	28.33	21.05
0	311	28.33	23.5
0	312	28.31	4.27
0	313	28.27	17.44
0	314	28.27	25.63
0	315	28.21	27.46
0	316	28.18	22.46
0	317	28.14	8.91
0	318	28.14	15.28
0	319	28.12	27.51
0	320	28.09	24.97
0	321	28.05	26.95
0	322	27.96	19.89
0	323	27.95	2.08
0	324	27.93	27.78
0	325	27.87	20.99
0	326	27.83	19.94
0	327	27.77	26.09
0	328	27.75	27.19
0	329	27.73	24.13
0	330	27.7	25.97
0	331	27.69	14.45
0	332	27.58	2.47
0	333	27.56	26.48
0	334	27.5	23.84
0	335	27.19	24.51
0	336	27.11	24.27
0	337	26.98	26.7
0	338	26.97	21.11
0	339	26.94	17.43
0	340	26.94	26.81
0	341	26.93	23.58
0	342	26.92	16.77
0	343	26.88	26.19
0	344	26.87	24.26
0	345	26.76	21.81
0	346	26.73	14.63
0	347	26.7	16.44
0	348	26.6	15.34
0	349	26.57	25.64
0	350	26.55	13.19
0	351	26.44	11.5
0	352	26.32	22.06
0	353	26.24	25.52
0	354	26.22	20.53
0	355	26.19	24.18
0	356	26.18	19.98
0	357	26.17	16.2
0	358	26.14	12.36
0	359	26.13	13.92
0	360	26.09	20.48
0	361	26.06	8.44
0	362	26.04	22.88
0	363	26.0	17.28
0	364	25.92	11.38
0	365	25.89	7.92
0	366	25.88	24.9
0	367	25.87	5.92
0	368	25.86	19.08
0	369	25.86	25.0
0	370	25.85	11.73
0	371	25.84	16.44
0	372	25.82	6.91
0	373	25.81	15.39
0	374	25.76	0.0
0	375	25.72	4.83
0	376	25.69	24.65
0	377	25.67	24.99
0	378	25.67	6.97
0	379	25.65	18.88
0	380	25.64	17.29
0	381	25.61	22.0
0	382	25.59	18.95
0	383	25.59	22.54
0	384	25.54	25.38
0	385	25.53	1.05
0	386	25.5	25.14
0	387	25.49	0.0
0	388	25.48	22.19
0	389	25.45	6.3
0	390	25.44	20.75
0	391	25.41	21.33
0	392	25.34	13.54
0	393	25.31	24.14
0	394	25.24	15.34
0	395	25.15	19.31
0	396	25.15	22.03
0	397	25.05	24.78
0	398	24.97	21.53
0	399	24.94	21.98
0	400	24.9	17.03
0	401	24.88	23.46
0	402	24.88	16.88
0	403	24.84	0.0
0	404	24.83	19.29
0	405	24.7	14.31
0	406	24.67	18.04
0	407	24.59	20.92
0	408	24.57	0.0
0	409	24.56	16.83
0	410	24.51	12.34
0	411	24.5	18.67
0	412	24.5	3.8
0	413	24.48	14.17
0	414	24.4	17.93
0	415	24.38	15.04
0	416	24.34	21.94
0	417	24.33	21.42
0	418	24.32	20.85
0	419	24.28	23.76
0	420	24.27	22.21
0	421	24.26	0.0
0	422	24.24	14.43
0	423	24.15	24.13
0	424	24.12	23.26
0	425	24.09	0.76
0	426	24.04	21.83
0	427	24.03	6.16
0	428	24.01	10.04
0	429	24.01	23.78
0	430	24.01	0.0
0	431	24.0	16.74
0	432	23.99	13.89
0	433	23.98	14.02
0	434	23.98	0.0
0	435	23.96	2.75
0	436	23.9	0.01
0	437	23.88	16.57
0	438	23.85	0.0
0	439	23.78	8.34
0	440	23.76	16.51
0	441	23.75	20.66
0	442	23.68	13.05
0	443	23.62	22.88
0	444	23.6	0.0
0	445	23.53	12.19
0	446	23.5	9.45
0	447	23.44	13.14
0	448	23.42	0.0
0	449	23.39	22.93
0	450	23.38	0.48
0	451	23.36	13.06
0	452	23.31	22.89
0	453	23.3	21.2
0	454	23.25	18.93
0	455	23.21	22.42
0	456	23.19	22.29
0	457	23.07	22.1
0	458	23.06	20.4
0	459	23.05	18.73
0	460	23.04	20.36
0	461	23.0	22.26
0	462	22.95	20.08
0	463	22.87	21.29
0	464	22.86	16.41
0	465	22.78	14.61
0	466	22.75	0.0
0	467	22.73	5.33
0	468	22.71	1.5
0	469	22.71	19.2
0	470	22.66	13.83
0	471	22.65	7.27
0	472	22.65	12.12
0	473	22.62	0.0
0	474	22.61	17.35
0	475	22.59	6.91
0	476	22.5	21.49
0	477	22.42	0.0
0	478	22.34	18.78
0	479	22.34	0.0
0	480	22.33	20.78
0	481	22.29	18.39
0	482	22.27	11.15
0	483	22.24	12.66
0	484	22.19	22.18
0	485	22.15	21.57
0	486	22.08	20.66
0	487	22.06	17.11
0	488	22.05	5.71
0	489	22.04	8.71
0	490	22.02	2.87
0	491	22.01	12.0
0	492	21.97	0.0
0	493	21.97	0.0
0	494	21.95	21.14
0	495	21.87	7.6
0	496	21.81	20.96
0	497	21.71	0.0
0	498	21.68	20.23
0	499	21.65	12.6
0	500	21.64	16.69
0	501	21.63	14.14
0	502	21.62	17.59
0	503	21.57	2.27
0	504	21.54	10.24
0	505	21.53	0.11
0	506	21.49	19.4
0	507	21.42	15.97
0	508	21.4	9.54
0	509	21.38	7.44
0	510	21.33	0.0
0	511	21.25	12.02
0	512	21.24	19.38
0	513	21.22	0.0
0	514	21.22	0.0
0	515	21.17	11.09
0	516	21.16	17.83
0	517	21.16	6.28
0	518	21.14	9.63
0	519	21.14	16.14
0	520	21.1	18.53
0	521	21.09	20.75
0	522	21.09	0.0
0	523	21.08	14.26
0	524	21.07	20.26
0	525	21.05	8.74
0	526	21.02	11.7
0	527	21.02	20.34
0	528	21.0	11.15
0	529	21.0	8.35
0	530	20.98	15.86
0	531	20.96	16.46
0	532	20.94	20.09
0	533	20.84	0.0
0	534	20.82	7.5
0	535	20.79	17.43
0	536	20.74	18.65
0	537	20.68	16.77
0	538	20.66	13.2
0	539	20.65	15.69
0	540	20.63	2.64
0	541	20.61	15.68
0	542	20.6	20.19
0	543	20.57	18.39
0	544	20.56	13.97
0	545	20.54	5.32
0	546	20.52	13.22
0	547	20.49	0.0
0	548	20.47	17.74
0	549	20.41	14.22
0	550	20.36	18.12
0	551	20.34	11.0
0	552	20.32	15.99
0	553	20.3	0.0
0	554	20.27	12.92
0	555	20.15	20.07
0	556	20.13	12.42
0	557	20.08	10.13
0	558	20.08	8.99
0	559	20.06	16.85
0	560	20.05	7.01
0	561	19.96	0.0
0	562	19.95	15.98
0	563	19.94	18.83
0	564	19.93	10.16
0	565	19.93	19.06
0	566	19.89	10.02
0	567	19.87	6.2
0	568	19.87	18.84
0	569	19.84	14.05
0	570	19.8	12.13
0	571	19.7	6.02
0	572	19.68	3.51
0	573	19.65	0.0
0	574	19.6	13.83
0	575	19.59	7.31
0	576	19.58	16.31
0	577	19.55	0.0
0	578	19.54	10.25
0	579	19.5	6.76
0	580	19.44	1.86
0	581	19.41	15.98
0	582	19.36	11.19
0	583	19.34	16.27
0	584	19.27	6.32
0	585	19.14	14.84
0	586	19.13	0.0
0	587	19.11	15.09
0	588	19.09	17.62
0	589	19.09	13.8
0	590	19.03	16.79
0	591	19.01	0.0
0	592	18.96	0.0
0	593	18.94	10.06
0	594	18.91	17.32
0	595	18.9	0.39
0	596	18.9	0.0
0	597	18.85	8.58
0	598	18.82	1.56
0	599	18.82	16.55
0	600	18.81	6.22
0	601	18.79	7.4
0	602	18.74	2.92
0	603	18.71	5.97
0	604	18.67	15.88
0	605	18.63	0.0
0	606	18.63	17.32
0	607	18.62	13.51
0	608	18.53	0.0
0	609	18.5	17.94
0	610	18.49	18.47
0	611	18.49	11.64
0	612	18.48	17.83
0	613	18.48	0.0
0	614	18.46	17.41
0	615	18.45	0.0
0	616	18.44	12.88
0	617	18.43	11.01
0	618	18.42	13.46
0	619	18.35	13.26
0	620	18.33	0.0
0	621	18.29	13.73
0	622	18.26	13.79
0	623	18.16	5.37
0	624	18.15	7.44
0	625	18.14	17.23
0	626	18.07	13.27
0	627	18.04	3.2
0	628	18.01	11.5
0	629	18.0	15.83
0	630	17.99	8.07
0	631	17.97	7.63
0	632	17.96	15.68
0	633	17.89	3.52
0	634	17.89	3.83
0	635	17.84	0.0
0	636	17.81	16.21
0	637	17.81	13.92
0	638	17.81	13.1
0	639	17.8	15.45
0	640	17.8	16.11
0	641	17.79	16.62
0	642	17.77	9.3
0	643	17.77	14.68
0	644	17.74	15.86
0	645	17.73	0.0
0	646	17.73	2.49
0	647	17.73	15.74
0	648	17.69	10.57
0	649	17.68	0.0
0	650	17.68	15.1
0	651	17.67	10.52
0	652	17.65	10.0
0	653	17.64	11.66
0	654	17.64	0.0
0	655	17.61	11.04
0	656	17.57	14.29
0	657	17.54	11.52
0	658	17.54	15.93
0	659	17.54	0.0
0	660	17.52	4.69
0	661	17.51	0.0
0	662	17.48	13.79
0	663	17.45	10.62
0	664	17.4	12.35
0	665	17.39	16.52
0	666	17.35	8.78
0	667	17.32	10.21
0	668	17.32	11.64
0	669	17.32	8.17
0	670	17.31	2.91
0	671	17.27	5.04
0	672	17.26	5.14
0	673	17.26	5.8
0	674	17.26	11.38
0	675	17.25	13.17
0	676	17.22	2.86
0	677	17.17	0.0
0	678	17.16	15.61
0	679	17.15	10.86
0	680	17.11	10.06
0	681	17.11	2.45
0	682	17.09	13.89
0	683	17.05	10.88
0	684	17.05	15.62
0	685	17.05	7.96
0	686	17.04	14.82
0	687	16.95	0.0
0	688	16.92	12.44
0	689	16.91	0.93
0	690	16.82	15.56
0	691	16.8	1.74
0	692	16.76	3.18
0	693	16.75	16.29
0	694	16.74	0.0
0	695	16.73	14.23
0	696	16.73	14.51
0	697	16.72	15.71
0	698	16.72	16.17
0	699	16.71	13.08
0	700	16.7	9.93
0	701	16.69	3.16
0	702	16.69	15.25
0	703	16.63	0.0
0	704	16.62	7.46
0	705	16.58	4.69
0	706	16.55	7.9
0	707	16.55	16.33
0	708	16.54	11.75
0	709	16.54	5.83
0	710	16.51	16.2
0	711	16.5	15.14
0	712	16.49	11.58
0	713	16.48	12.44
0	714	16.48	8.48
0	715	16.47	11.65
0	716	16.47	14.17
0	717	16.45	0.0
0	718	16.43	0.0
0	719	16.42	15.32
0	720	16.42	12.85
0	721	16.41	13.14
0	722	16.4	12.39
0	723	16.38	9.53
0	724	16.37	10.07
0	725	16.36	10.47
0	726	16.31	0.0
0	727	16.28	0.0
0	728	16.24	3.43
0	729	16.22	0.0
0	730	16.21	15.02
0	731	16.17	9.25
0	732	16.15	15.56
0	733	16.1	10.07
0	734	16.05	0.63
0	735	16.02	14.5
0	736	16.01	14.7
0	737	16.01	3.59
0	738	15.95	0.0
0	739	15.94	13.82
0	740	15.9	2.92
0	741	15.89	6.88
0	742	15.88	0.0
0	743	15.88	8.55
0	744	15.87	0.0
0	745	15.8	10.71
0	746	15.79	8.45
0	747	15.78	0.0
0	748	15.73	0.0
0	749	15.72	8.09
0	750	15.72	15.4
0	751	15.71	7.7
0	752	15.71	11.53
0	753	15.68	12.05
0	754	15.64	5.98
0	755	15.61	13.32
0	756	15.6	10.28
0	757	15.57	14.57
0	758	15.52	0.0
0	759	15.49	11.63
0	760	15.45	11.33
0	761	15.44	6.05
0	762	15.42	9.94
0	763	15.4	0.0
0	764	15.39	3.01
0	765	15.38	0.0
0	766	15.37	9.34
0	767	15.36	0.0
0	768	15.33	13.58
0	769	15.32	11.79
0	770	15.31	0.0
0	771	15.27	4.43
0	772	15.23	9.45
0	773	15.16	13.2
0	774	15.16	14.56
0	775	15.15	2.71
0	776	15.15	12.78
0	777	15.15	10.87
0	778	15.08	0.0
0	779	15.07	8.52
0	780	15.07	12.72
0	781	15.03	0.0
0	782	15.02	0.0
0	783	14.99	6.09
0	784	14.97	11.87
0	785	14.89	11.98
0	786	14.86	12.76
0	787	14.82	13.05
0	788	14.81	8.94
0	789	14.79	13.31
0	790	14.78	4.31
0	791	14.74	2.33
0	792	14.72	4.48
0	793	14.7	3.75
0	794	14.68	10.53
0	795	14.6	12.55
0	796	14.59	10.85
0	797	14.5	8.31
0	798	14.48	13.66
0	799	14.47	0.0
0	800	14.46	6.28
0	801	14.46	8.07
0	802	14.43	12.79
0	803	14.4	0.0
0	804	14.37	0.0
0	805	14.35	0.0
0	806	14.31	6.38
0	807	14.3	9.35
0	808	14.28	0.0
0	809	14.28	9.43
0	810	14.24	13.57
0	811	14.22	13.46
0	812	14.2	9.73
0	813	14.19	13.75
0	814	14.19	10.78
0	815	14.17	0.0
0	816	14.17	9.01
0	817	14.16	9.32
0	818	14.14	11.01
0	819	14.12	6.66
0	820	14.1	4.51
0	821	14.1	4.33
0	822	14.1	10.7
0	823	14.1	12.16
0	824	14.07	13.18
0	825	14.01	10.3
0	826	14.01	5.33
0	827	13.97	0.25
0	828	13.95	0.35
0	829	13.92	13.21
0	830	13.84	9.68
0	831	13.82	0.93
0	832	13.8	8.45
0	833	13.79	0.0
0	834	13.78	8.04
0	835	13.77	13.33
0	836	13.77	11.07
0	837	13.73	10.91
0	838	13.7	9.32
0	839	13.7	2.47
0	840	13.68	12.25
0	841	13.68	7.79
0	842	13.64	7.73
0	843	13.62	11.06
0	844	13.58	4.82
0	845	13.58	5.18
0	846	13.57	5.29
0	847	13.55	0.0
0	848	13.54	11.3
0	849	13.54	0.0
0	850	13.51	8.86
0	851	13.47	0.0
0	852	13.47	4.11
0	853	13.46	11.48
0	854	13.41	9.7
0	855	13.36	7.53
0	856	13.31	0.0
0	857	13.31	6.93
0	858	13.3	9.69
0	859	13.29	10.01
0	860	13.27	10.14
0	861	13.27	4.92
0	862	13.26	9.88
0	863	13.23	7.52
0	864	13.2	12.01
0	865	13.15	9.34
0	866	13.14	3.45
0	867	13.12	12.22
0	868	13.06	12.26
0	869	13.03	2.63
0	870	13.0	0.0
0	871	12.96	0.0
0	872	12.96	5.15
0	873	12.94	6.72
0	874	12.91	5.79
0	875	12.9	12.1
0	876	12.88	0.0
0	877	12.85	12.14
0	878	12.85	11.64
0	879	12.83	10.54
0	880	12.82	9.96
0	881	12.77	8.24
0	882	12.75	7.64
0	883	12.72	6.51
0	884	12.7	12.23
0	885	12.7	0.0
0	886	12.69	2.25
0	887	12.63	10.54
0	888	12.59	11.02
0	889	12.58	7.66
0	890	12.58	0.0
0	891	12.57	0.0
0	892	12.55	5.17
0	893	12.54	11.53
0	894	12.5	7.13
0	895	12.5	11.47
0	896	12.48	10.37
0	897	12.45	10.72
0	898	12.42	0.0
0	899	12.42	11.09
0	900	12.41	0.0
0	901	12.38	9.88
0	902	12.38	9.29
0	903	12.37	4.36
0	904	12.36	5.74
0	905	12.35	10.25
0	906	12.35	0.0
0	907	12.34	0.0
0	908	12.34	0.0
0	909	12.32	5.4
0	910	12.31	9.04
0	911	12.3	10.92
0	912	12.22	0.0
0	913	12.19	10.47
0	914	12.17	11.59
0	915	12.07	1.26
0	916	12.07	0.0
0	917	12.06	8.56
0	918	12.0	4.32
0	919	11.98	11.65
0	920	11.94	0.0
0	921	11.92	10.44
0	922	11.86	0.0
0	923	11.86	7.72
0	924	11.85	9.91
0	925	11.85	10.25
0	926	11.8	6.43
0	927	11.79	0.0
0	928	11.78	8.21
0	929	11.74	9.62
0	930	11.74	0.0
0	931	11.73	9.8
0	932	11.72	0.0
0	933	11.71	0.0
0	934	11.7	10.25
0	935	11.63	0.0
0	936	11.63	0.0
0	937	11.63	11.35
0	938	11.59	1.98
0	939	11.58	9.82
0	940	11.58	0.0
0	941	11.56	0.12
0	942	11.53	0.06
0	943	11.52	6.01
0	944	11.51	0.0
0	945	11.5	0.0
0	946	11.49	6.78
0	947	11.49	0.0
0	948	11.45	0.0
0	949	11.45	0.0
0	950	11.43	7.73
0	951	11.43	8.2
0	952	11.4	10.62
0	953	11.4	0.98
0	954	11.34	10.97
0	955	11.33	3.77
0	956	11.32	0.0
0	957	11.3	0.05
0	958	11.28	0.0
0	959	11.26	8.88
0	960	11.23	0.0
0	961	11.21	0.0
0	962	11.2	0.0
0	963	11.2	10.48
0	964	11.17	6.6
0	965	11.17	9.85
0	966	11.11	0.36
0	967	11.09	0.0
0	968	11.08	0.0
0	969	11.08	9.06
0	970	11.07	0.0
0	971	11.05	3.91
0	972	11.03	8.79
0	973	11.03	0.0
0	974	11.03	7.81
0	975	11.01	0.67
0	976	11.01	8.4
0	977	10.99	7.4
0	978	10.99	0.0
0	979	10.96	0.0
0	980	10.93	0.0
0	981	10.92	10.18
0	982	10.88	0.0
0	983	10.88	5.92
0	984	10.87	3.46
0	985	10.87	0.0
0	986	10.85	0.0
0	987	10.79	4.58
0	988	10.79	7.19
0	989	10.78	0.0
0	990	10.76	4.48
0	991	10.75	4.57
0	992	10.71	4.98
0	993	10.7	10.54
0	994	10.69	4.94
0	995	10.68	4.31
0	996	10.67	0.0
0	997	10.65	9.8
0	998	10.63	7.3
0	999	10.62	5.38
0	1000	10.6	9.28
0	1001	10.59	6.14
0	1002	10.56	10.31
0	1003	10.55	0.0
0	1004	10.53	0.0
0	1005	10.53	10.34
0	1006	10.52	6.39
0	1007	10.51	0.0
0	1008	10.51	5.65
0	1009	10.5	0.0
0	1010	10.5	0.76
0	1011	10.49	9.68
0	1012	10.47	2.85
0	1013	10.47	10.36
0	1014	10.46	8.65
0	1015	10.4	2.0
0	1016	10.39	0.0
0	1017	10.38	5.09
0	1018	10.38	9.46
0	1019	10.37	10.0
0	1020	10.34	0.0
0	1021	10.34	9.05
0	1022	10.32	5.94
0	1023	10.29	8.36
0	1024	10.29	8.72
0	1025	10.29	0.0
0	1026	10.27	5.04
0	1027	10.22	7.51
0	1028	10.21	8.67
0	1029	10.18	7.72
0	1030	10.17	0.0
0	1031	10.16	0.0
0	1032	10.14	8.41
0	1033	10.1	5.33
0	1034	10.08	6.8
0	1035	10.03	2.4
0	1036	10.01	0.0
0	1037	10.01	0.0
0	1038	10.0	0.0
0	1039	9.98	9.77
0	1040	9.97	6.1
0	1041	9.96	8.66
0	1042	9.93	5.1
0	1043	9.93	9.0
0	1044	9.92	4.94
0	1045	9.92	6.83
0	1046	9.91	0.0
0	1047	9.9	1.7
0	1048	9.88	1.55
0	1049	9.88	6.55
0	1050	9.88	0.0
0	1051	9.88	3.92
0	1052	9.87	5.18
0	1053	9.85	1.74
0	1054	9.83	0.0
0	1055	9.81	7.77
0	1056	9.81	3.91
0	1057	9.78	4.78
0	1058	9.74	6.83
0	1059	9.71	0.0
0	1060	9.7	8.38
0	1061	9.62	8.14
0	1062	9.61	8.6
0	1063	9.56	0.0
0	1064	9.55	1.51
0	1065	9.54	7.61
0	1066	9.54	1.62
0	1067	9.53	4.96
0	1068	9.53	2.99
0	1069	9.51	3.7
0	1070	9.49	6.66
0	1071	9.48	9.21
0	1072	9.46	8.1
0	1073	9.46	0.0
0	1074	9.46	4.39
0	1075	9.42	0.0
0	1076	9.41	0.0
0	1077	9.4	0.07
0	1078	9.38	2.05
0	1079	9.37	3.59
0	1080	9.36	0.0
0	1081	9.33	0.08
0	1082	9.29	8.81
0	1083	9.29	3.57
0	1084	9.27	0.0
0	1085	9.26	0.0
0	1086	9.25	3.53
0	1087	9.24	0.0
0	1088	9.21	5.47
0	1089	9.18	3.58
0	1090	9.16	8.89
0	1091	9.15	0.0
0	1092	9.15	7.11
0	1093	9.13	8.48
0	1094	9.13	3.4
0	1095	9.13	0.0
0	1096	9.08	0.25
0	1097	9.06	7.72
0	1098	9.05	0.0
0	1099	9.04	5.07
0	1100	9.01	0.0
0	1101	9.01	0.0
0	1102	8.99	5.99
0	1103	8.98	0.0
0	1104	8.96	1.53
0	1105	8.91	5.4
0	1106	8.9	0.0
0	1107	8.86	0.0
0	1108	8.86	6.08
0	1109	8.83	0.0
0	1110	8.82	0.0
0	1111	8.8	5.42
0	1112	8.79	0.0
0	1113	8.79	0.0
0	1114	8.78	5.92
0	1115	8.77	1.29
0	1116	8.77	2.8
0	1117	8.76	5.95
0	1118	8.75	7.21
0	1119	8.75	4.92
0	1120	8.73	1.47
0	1121	8.69	0.0
0	1122	8.69	7.31
0	1123	8.68	4.43
0	1124	8.66	0.0
0	1125	8.66	2.31
0	1126	8.64	8.43
0	1127	8.62	3.02
0	1128	8.62	0.77
0	1129	8.62	0.23
0	1130	8.61	0.0
0	1131	8.59	0.0
0	1132	8.58	7.53
0	1133	8.57	3.8
0	1134	8.56	3.7
0	1135	8.56	7.59
0	1136	8.54	3.36
0	1137	8.54	4.84
0	1138	8.53	0.0
0	1139	8.53	5.72
0	1140	8.5	3.58
0	1141	8.49	0.0
0	1142	8.49	6.14
0	1143	8.47	8.05
0	1144	8.44	3.21
0	1145	8.44	6.74
0	1146	8.43	0.0
0	1147	8.39	4.49
0	1148	8.39	0.0
0	1149	8.36	0.0
0	1150	8.35	0.0
0	1151	8.33	4.12
0	1152	8.31	0.0
0	1153	8.28	2.69
0	1154	8.28	3.91
0	1155	8.26	3.45
0	1156	8.26	8.13
0	1157	8.26	0.23
0	1158	8.26	0.0
0	1159	8.25	0.65
0	1160	8.24	0.0
0	1161	8.23	1.0
0	1162	8.22	0.0
0	1163	8.22	0.0
0	1164	8.2	5.97
0	1165	8.19	0.0
0	1166	8.19	2.63
0	1167	8.19	0.0
0	1168	8.18	0.0
0	1169	8.15	6.27
0	1170	8.14	8.1
0	1171	8.14	7.48
0	1172	8.12	4.63
0	1173	8.11	7.13
0	1174	8.11	7.23
0	1175	8.09	0.0
0	1176	8.08	0.0
0	1177	8.07	2.34
0	1178	8.06	0.0
0	1179	8.04	6.18
0	1180	8.04	6.29
0	1181	8.01	0.0
0	1182	7.99	0.69
0	1183	7.95	0.0
0	1184	7.94	0.0
0	1185	7.9	6.07
0	1186	7.88	4.26
0	1187	7.88	0.0
0	1188	7.86	0.37
0	1189	7.84	5.19
0	1190	7.82	0.0
0	1191	7.82	6.06
0	1192	7.81	3.48
0	1193	7.81	0.0
0	1194	7.81	0.0
0	1195	7.8	0.0
0	1196	7.8	3.54
0	1197	7.74	0.0
0	1198	7.74	0.0
0	1199	7.73	0.0
0	1200	7.73	0.0
0	1201	7.73	0.7
0	1202	7.72	0.0
0	1203	7.7	0.0
0	1204	7.7	6.84
0	1205	7.69	5.11
0	1206	7.68	0.0
0	1207	7.67	2.7
0	1208	7.67	0.69
0	1209	7.67	0.0
0	1210	7.65	0.42
0	1211	7.65	6.62
0	1212	7.62	0.0
0	1213	7.59	6.44
0	1214	7.59	0.0
0	1215	7.59	0.0
0	1216	7.56	0.0
0	1217	7.56	4.06
0	1218	7.54	1.14
0	1219	7.54	0.0
0	1220	7.52	0.0
0	1221	7.51	3.56
0	1222	7.51	0.0
0	1223	7.5	0.0
0	1224	7.49	6.71
0	1225	7.48	0.0
0	1226	7.47	0.0
0	1227	7.45	0.0
0	1228	7.44	1.67
0	1229	7.43	0.93
0	1230	7.41	6.34
0	1231	7.4	0.0
0	1232	7.38	0.0
0	1233	7.38	1.75
0	1234	7.36	0.65
0	1235	7.33	0.0
0	1236	7.33	0.0
0	1237	7.31	4.02
0	1238	7.31	0.0
0	1239	7.3	3.04
0	1240	7.3	0.0
0	1241	7.28	3.51
0	1242	7.27	1.19
0	1243	7.27	2.52
0	1244	7.26	6.77
0	1245	7.25	1.84
0	1246	7.25	4.61
0	1247	7.24	5.36
0	1248	7.24	5.14
0	1249	7.23	0.0
0	1250	7.23	0.0
0	1251	7.23	0.0
0	1252	7.22	0.0
0	1253	7.21	0.0
0	1254	7.17	0.0
0	1255	7.13	3.17
0	1256	7.1	5.7
0	1257	7.09	0.0
0	1258	7.08	0.0
0	1259	7.07	0.0
0	1260	7.07	6.61
0	1261	7.06	0.0
0	1262	7.04	2.31
0	1263	7.04	6.24
0	1264	7.03	0.0
0	1265	7.0	6.7
0	1266	7.0	3.16
0	1267	6.96	0.0
0	1268	6.93	2.54
0	1269	6.92	2.82
0	1270	6.86	0.0
0	1271	6.86	0.0
0	1272	6.85	0.0
0	1273	6.83	0.0
0	1274	6.82	1.51
0	1275	6.8	0.0
0	1276	6.79	0.0
0	1277	6.78	4.49
0	1278	6.77	3.31
0	1279	6.74	4.92
0	1280	6.73	0.0
0	1281	6.71	0.0
0	1282	6.71	4.6
0	1283	6.71	0.0
0	1284	6.69	0.0
0	1285	6.69	0.05
0	1286	6.68	0.0
0	1287	6.67	0.0
0	1288	6.66	6.15
0	1289	6.65	4.44
0	1290	6.62	0.24
0	1291	6.59	0.0
0	1292	6.58	4.42
0	1293	6.57	0.0
0	1294	6.57	1.07
0	1295	6.53	4.42
0	1296	6.51	0.0
0	1297	6.51	0.0
0	1298	6.51	0.0
0	1299	6.5	4.55
0	1300	6.48	0.0
0	1301	6.47	0.0
0	1302	6.47	0.0
0	1303	6.45	0.0
0	1304	6.45	0.0
0	1305	6.42	3.56
0	1306	6.42	6.04
0	1307	6.41	0.0
0	1308	6.4	5.69
0	1309	6.4	0.73
0	1310	6.39	5.43
0	1311	6.37	0.0
0	1312	6.34	0.0
0	1313	6.34	0.0
0	1314	6.34	0.0
0	1315	6.32	0.0
0	1316	6.31	0.0
0	1317	6.31	0.0
0	1318	6.29	0.0
0	1319	6.28	0.0
0	1320	6.27	0.0
0	1321	6.26	0.0
0	1322	6.26	4.59
0	1323	6.24	1.22
0	1324	6.24	0.0
0	1325	6.22	2.81
0	1326	6.22	0.0
0	1327	6.19	3.55
0	1328	6.19	0.0
0	1329	6.19	1.94
0	1330	6.14	0.0
0	1331	6.14	0.0
0	1332	6.12	2.17
0	1333	6.12	0.0
0	1334	6.11	4.48
0	1335	6.11	2.76
0	1336	6.07	0.0
0	1337	6.06	3.35
0	1338	6.06	0.0
0	1339	6.05	4.79
0	1340	6.04	0.0
0	1341	6.03	0.0
0	1342	6.02	0.0
0	1343	5.99	0.0
0	1344	5.99	0.0
0	1345	5.98	5.21
0	1346	5.97	0.0
0	1347	5.97	4.9
0	1348	5.96	0.0
0	1349	5.95	2.34
0	1350	5.95	0.0
0	1351	5.93	3.66
0	1352	5.91	2.25
0	1353	5.89	0.0
0	1354	5.87	1.5
0	1355	5.87	3.01
0	1356	5.84	0.0
0	1357	5.83	2.41
0	1358	5.82	0.0
0	1359	5.8	4.84
0	1360	5.77	0.0
0	1361	5.76	0.0
0	1362	5.75	0.38
0	1363	5.74	0.0
0	1364	5.74	4.25
0	1365	5.73	5.57
0	1366	5.71	0.0
0	1367	5.7	5.38
0	1368	5.69	0.0
0	1369	5.68	0.0
0	1370	5.68	0.0
0	1371	5.66	4.41
0	1372	5.64	0.0
0	1373	5.59	2.28
0	1374	5.58	1.73
0	1375	5.56	3.06
0	1376	5.51	0.0
0	1377	5.49	4.05
0	1378	5.49	2.79
0	1379	5.49	3.12
0	1380	5.45	2.93
0	1381	5.44	0.0
0	1382	5.43	3.49
0	1383	5.41	3.85
0	1384	5.39	3.05
0	1385	5.37	3.26
0	1386	5.36	0.0
0	1387	5.34	3.65
0	1388	5.34	4.78
0	1389	5.33	0.0
0	1390	5.33	0.0
0	1391	5.32	5.22
0	1392	5.32	2.8
0	1393	5.31	4.42
0	1394	5.31	3.01
0	1395	5.3	0.0
0	1396	5.3	0.0
0	1397	5.26	0.0
0	1398	5.26	3.07
0	1399	5.25	0.0
0	1400	5.24	0.0
0	1401	5.22	0.0
0	1402	5.19	4.99
0	1403	5.17	1.47
0	1404	5.16	0.0
0	1405	5.16	0.0
0	1406	5.13	2.14
0	1407	5.13	0.0
0	1408	5.12	3.07
0	1409	5.1	0.0
0	1410	5.09	0.0
0	1411	5.09	0.0
0	1412	5.07	0.0
0	1413	5.06	0.0
0	1414	5.03	0.63
0	1415	5.02	0.0
0	1416	5.01	2.74
0	1417	4.98	4.57
0	1418	4.98	2.51
0	1419	4.97	0.0
0	1420	4.97	0.18
0	1421	4.96	0.0
0	1422	4.95	0.0
0	1423	4.95	0.0
0	1424	4.93	1.39
0	1425	4.89	0.58
0	1426	4.87	0.0
0	1427	4.87	0.0
0	1428	4.87	3.84
0	1429	4.87	3.36
0	1430	4.86	0.0
0	1431	4.86	0.0
0	1432	4.85	4.75
0	1433	4.84	0.0
0	1434	4.83	3.73
0	1435	4.82	0.69
0	1436	4.82	0.0
0	1437	4.82	0.0
0	1438	4.8	0.0
0	1439	4.79	2.28
0	1440	4.79	0.0
0	1441	4.79	0.0
0	1442	4.79	1.77
0	1443	4.79	0.0
0	1444	4.76	0.0
0	1445	4.75	0.0
0	1446	4.75	4.09
0	1447	4.74	0.0
0	1448	4.74	0.0
0	1449	4.73	0.0
0	1450	4.72	3.84
0	1451	4.72	0.0
0	1452	4.72	2.57
0	1453	4.7	0.0
0	1454	4.7	2.41
0	1455	4.68	0.0
0	1456	4.64	4.13
0	1457	4.63	3.31
0	1458	4.63	0.0
0	1459	4.62	0.0
0	1460	4.58	0.0
0	1461	4.58	2.42
0	1462	4.58	0.0
0	1463	4.58	2.98
0	1464	4.57	0.0
0	1465	4.57	4.32
0	1466	4.56	0.0
0	1467	4.55	0.1
0	1468	4.51	3.36
0	1469	4.51	2.72
0	1470	4.5	0.0
0	1471	4.5	4.19
0	1472	4.49	1.83
0	1473	4.47	0.0
0	1474	4.47	0.0
0	1475	4.45	0.0
0	1476	4.44	0.0
0	1477	4.38	2.22
0	1478	4.38	0.0
0	1479	4.38	0.73
0	1480	4.37	0.0
0	1481	4.37	0.0
0	1482	4.36	0.0
0	1483	4.35	1.69
0	1484	4.33	0.0
0	1485	4.33	2.84
0	1486	4.3	0.0
0	1487	4.3	0.0
0	1488	4.29	0.0
0	1489	4.27	0.0
0	1490	4.27	0.0
0	1491	4.27	0.0
0	1492	4.26	0.0
0	1493	4.23	3.14
0	1494	4.23	0.0
0	1495	4.22	0.0
0	1496	4.22	0.98
0	1497	4.21	0.0
0	1498	4.21	0.0
0	1499	4.19	0.0
0	1500	4.18	0.0
0	1501	4.17	2.43
0	1502	4.17	1.33
0	1503	4.15	0.0
0	1504	4.13	0.0
0	1505	4.12	0.0
0	1506	4.11	0.0
0	1507	4.11	1.22
0	1508	4.1	0.0
0	1509	4.1	0.83
0	1510	4.08	0.0
0	1511	4.08	1.73
0	1512	4.04	0.0
0	1513	4.03	0.0
0	1514	4.0	3.56
0	1515	3.95	0.0
0	1516	3.94	0.0
0	1517	3.9	3.87
0	1518	3.89	3.73
0	1519	3.89	1.45
0	1520	3.88	0.0
0	1521	3.88	0.0
0	1522	3.84	0.0
0	1523	3.84	0.0
0	1524	3.83	3.27
0	1525	3.83	0.0
0	1526	3.83	3.44
0	1527	3.82	0.0
0	1528	3.81	0.0
0	1529	3.79	0.0
0	1530	3.79	0.0
0	1531	3.79	0.0
0	1532	3.79	0.0
0	1533	3.73	2.99
0	1534	3.72	0.0
0	1535	3.72	0.0
0	1536	3.72	3.2
0	1537	3.71	0.6
0	1538	3.71	1.61
0	1539	3.7	0.0
0	1540	3.67	2.23
0	1541	3.65	0.0
0	1542	3.64	0.0
0	1543	3.64	0.0
0	1544	3.61	0.0
0	1545	3.61	0.0
0	1546	3.6	0.39
0	1547	3.58	2.37
0	1548	3.55	0.0
0	1549	3.54	0.0
0	1550	3.49	0.0
0	1551	3.42	0.37
0	1552	3.41	0.0
0	1553	3.41	3.33
0	1554	3.4	0.0
0	1555	3.36	0.0
0	1556	3.35	2.03
0	1557	3.35	0.0
0	1558	3.35	0.0
0	1559	3.33	0.0
0	1560	3.33	0.0
0	1561	3.31	1.71
0	1562	3.24	0.0
0	1563	3.23	0.76
0	1564	3.22	0.0
0	1565	3.21	0.0
0	1566	3.18	0.0
0	1567	3.18	0.0
0	1568	3.16	0.0
0	1569	3.12	0.0
0	1570	3.11	2.05
0	1571	3.09	0.0
0	1572	3.08	0.0
0	1573	3.06	0.0
0	1574	3.04	0.0
0	1575	3.03	0.0
0	1576	3.02	0.0
0	1577	3.01	0.0
0	1578	3.0	1.96
0	1579	2.97	0.0
0	1580	2.97	0.15
0	1581	2.96	0.0
0	1582	2.96	0.0
0	1583	2.96	0.0
0	1584	2.96	0.0
0	1585	2.96	0.0
0	1586	2.96	0.0
0	1587	2.95	0.0
0	1588	2.94	2.49
0	1589	2.94	0.0
0	1590	2.92	0.0
0	1591	2.87	0.0
0	1592	2.87	0.0
0	1593	2.85	0.0
0	1594	2.85	0.0
0	1595	2.84	0.0
0	1596	2.82	0.53
0	1597	2.82	2.41
0	1598	2.82	0.0
0	1599	2.8	0.0
0	1600	2.79	0.0
0	1601	2.79	0.0
0	1602	2.79	0.0
0	1603	2.79	1.0
0	1604	2.78	2.57
0	1605	2.77	0.0
0	1606	2.74	0.0
0	1607	2.71	0.0
0	1608	2.7	0.0
0	1609	2.69	0.0
0	1610	2.68	0.0
0	1611	2.65	0.0
0	1612	2.62	2.12
0	1613	2.61	0.0
0	1614	2.6	2.46
0	1615	2.54	1.8
0	1616	2.54	0.26
0	1617	2.52	0.56
0	1618	2.51	1.18
0	1619	2.49	0.0
0	1620	2.49	0.0
0	1621	2.47	0.0
0	1622	2.47	0.0
0	1623	2.44	0.0
0	1624	2.44	0.0
0	1625	2.42	0.43
0	1626	2.41	0.0
0	1627	2.4	0.0
0	1628	2.39	0.0
0	1629	2.37	0.0
0	1630	2.34	2.27
0	1631	2.34	0.0
0	1632	2.33	0.0
0	1633	2.31	0.0
0	1634	2.31	2.22
0	1635	2.3	0.0
0	1636	2.27	0.0
0	1637	2.27	0.0
0	1638	2.26	0.0
0	1639	2.26	0.0
0	1640	2.24	0.0
0	1641	2.24	0.0
0	1642	2.23	0.0
0	1643	2.23	0.0
0	1644	2.21	1.87
0	1645	2.18	0.0
0	1646	2.18	0.0
0	1647	2.15	2.11
0	1648	2.15	1.42
0	1649	2.15	0.0
0	1650	2.12	0.0
0	1651	2.12	0.0
0	1652	2.11	0.0
0	1653	2.09	0.0
0	1654	2.09	1.9
0	1655	2.08	0.0
0	1656	2.04	0.0
0	1657	2.04	0.0
0	1658	2.03	0.0
0	1659	2.03	0.0
0	1660	2.03	0.0
0	1661	2.02	0.0
0	1662	2.01	0.18
0	1663	2.01	0.44
0	1664	2.0	0.0
0	1665	2.0	0.0
0	1666	1.97	1.22
0	1667	1.96	1.7
0	1668	1.96	0.0
0	1669	1.95	0.0
0	1670	1.95	0.0
0	1671	1.95	0.0
0	1672	1.95	0.0
0	1673	1.94	0.0
0	1674	1.93	0.0
0	1675	1.93	0.0
0	1676	1.92	0.0
0	1677	1.92	0.0
0	1678	1.92	0.0
0	1679	1.92	0.0
0	1680	1.9	0.0
0	1681	1.9	0.0
0	1682	1.9	0.0
0	1683	1.89	0.0
0	1684	1.89	0.0
0	1685	1.88	0.0
0	1686	1.87	0.0
0	1687	1.87	0.0
0	1688	1.84	0.0
0	1689	1.84	1.06
0	1690	1.82	1.78
0	1691	1.81	0.0
0	1692	1.79	0.34
0	1693	1.78	0.0
0	1694	1.78	0.0
0	1695	1.78	0.0
0	1696	1.77	0.0
0	1697	1.76	0.0
0	1698	1.76	0.0
0	1699	1.74	0.0
0	1700	1.74	0.0
0	1701	1.72	1.62
0	1702	1.69	0.0
0	1703	1.68	0.78
0	1704	1.67	0.0
0	1705	1.66	0.0
0	1706	1.66	0.0
0	1707	1.63	1.6
0	1708	1.63	0.0
0	1709	1.62	0.0
0	1710	1.62	0.0
0	1711	1.6	0.0
0	1712	1.6	0.0
0	1713	1.58	0.0
0	1714	1.56	0.0
0	1715	1.56	0.0
0	1716	1.55	0.0
0	1717	1.55	0.36
0	1718	1.55	0.0
0	1719	1.54	0.0
0	1720	1.54	0.3
0	1721	1.52	0.0
0	1722	1.47	0.39
0	1723	1.47	0.0
0	1724	1.45	0.03
0	1725	1.44	0.0
0	1726	1.44	0.0
0	1727	1.44	0.0
0	1728	1.43	1.0
0	1729	1.43	0.0
0	1730	1.43	0.74
0	1731	1.41	0.0
0	1732	1.41	0.0
0	1733	1.4	0.0
0	1734	1.37	0.0
0	1735	1.36	0.0
0	1736	1.35	0.0
0	1737	1.32	0.0
0	1738	1.31	0.0
0	1739	1.3	0.0
0	1740	1.29	0.0
0	1741	1.28	0.0
0	1742	1.28	0.0
0	1743	1.26	0.0
0	1744	1.22	0.0
0	1745	1.22	0.0
0	1746	1.22	0.0
0	1747	1.2	0.0
0	1748	1.19	0.0
0	1749	1.17	0.0
0	1750	1.15	0.0
0	1751	1.13	0.0
0	1752	1.13	1.01
0	1753	1.09	0.0
0	1754	1.08	0.0
0	1755	1.07	0.0
0	1756	1.06	0.0
0	1757	1.05	0.0
0	1758	1.04	0.0
0	1759	1.04	0.0
0	1760	1.02	0.0
0	1761	1.0	0.0
0	1762	0.99	0.0
0	1763	0.96	0.0
0	1764	0.96	0.0
0	1765	0.95	0.0
0	1766	0.94	0.0
0	1767	0.94	0.0
0	1768	0.92	0.0
0	1769	0.91	0.0
0	1770	0.84	0.0
0	1771	0.83	0.0
0	1772	0.82	0.0
0	1773	0.82	0.62
0	1774	0.82	0.0
0	1775	0.8	0.0
0	1776	0.8	0.0
0	1777	0.8	0.0
0	1778	0.79	0.0
0	1779	0.78	0.0
0	1780	0.77	0.0
0	1781	0.76	0.0
0	1782	0.76	0.28
0	1783	0.75	0.0
0	1784	0.74	0.0
0	1785	0.73	0.0
0	1786	0.72	0.0
0	1787	0.72	0.0
0	1788	0.71	0.3
0	1789	0.71	0.0
0	1790	0.7	0.0
0	1791	0.69	0.16
0	1792	0.67	0.0
0	1793	0.65	0.0
0	1794	0.65	0.0
0	1795	0.63	0.0
0	1796	0.63	0.0
0	1797	0.61	0.0
0	1798	0.61	0.0
0	1799	0.59	0.0
0	1800	0.56	0.0
0	1801	0.55	0.0
0	1802	0.55	0.0
0	1803	0.55	0.0
0	1804	0.55	0.0
0	1805	0.53	0.0
0	1806	0.53	0.0
0	1807	0.51	0.0
0	1808	0.5	0.0
0	1809	0.5	0.0
0	1810	0.5	0.0
0	1811	0.49	0.0
0	1812	0.48	0.12
0	1813	0.48	0.0
0	1814	0.47	0.0
0	1815	0.46	0.0
0	1816	0.45	0.0
0	1817	0.44	0.0
0	1818	0.43	0.0
0	1819	0.43	0.0
0	1820	0.42	0.0
0	1821	0.4	0.0
0	1822	0.4	0.0
0	1823	0.4	0.0
0	1824	0.39	0.0
0	1825	0.38	0.0
0	1826	0.37	0.0
0	1827	0.36	0.0
0	1828	0.35	0.0
0	1829	0.35	0.0
0	1830	0.35	0.0
0	1831	0.34	0.0
0	1832	0.34	0.0
0	1833	0.34	0.0
0	1834	0.33	0.0
0	1835	0.33	0.0
0	1836	0.32	0.0
0	1837	0.31	0.0
0	1838	0.31	0.0
0	1839	0.31	0.0
0	1840	0.31	0.0
0	1841	0.3	0.0
0	1842	0.3	0.0
0	1843	0.29	0.0
0	1844	0.29	0.0
0	1845	0.28	0.0
0	1846	0.24	0.0
0	1847	0.23	0.0
0	1848	0.22	0.0
0	1849	0.21	0.0
0	1850	0.17	0.0
0	1851	0.17	0.0
0	1852	0.16	0.0
0	1853	0.15	0.0
0	1854	0.13	0.0
0	1855	0.12	0.0
0	1856	0.11	0.0
0	1857	0.11	0.0
0	1858	0.1	0.0
0	1859	0.09	0.0
0	1860	0.09	0.0
0	1861	0.09	0.04
0	1862	0.09	0.0
0	1863	0.07	0.0
0	1864	0.07	0.0
0	1865	0.07	0.0
0	1866	0.06	0.0
0	1867	0.06	0.0
0	1868	0.06	0.0
0	1869	0.06	0.0
0	1870	0.05	0.0
0	1871	0.05	0.0
0	1872	0.05	0.0
0	1873	0.03	0.0
0	1874	0.03	0.0
0	1875	0.03	0.0
0	1876	0.02	0.0
