clade	species	ts	te
0	1	100.0	93.76
0	2	99.9	82.59
0	3	98.2	94.39
0	4	97.19	95.66
0	5	96.2	94.09
0	6	95.69	81.45
0	7	95.68	94.0
0	8	95.63	87.15
0	9	95.54	94.1
0	10	93.86	89.45
0	11	91.67	89.31
0	12	89.57	81.79
0	13	84.93	84.22
0	14	84.81	81.89
0	15	82.41	74.97
0	16	82.14	79.49
0	17	81.99	69.07
0	18	79.77	58.44
0	19	78.75	78.51
0	20	78.41	74.41
0	21	76.6	76.02
0	22	75.59	61.04
0	23	72.75	70.16
0	24	72.5	59.93
0	25	71.94	70.93
0	26	70.31	54.07
0	27	70.22	65.03
0	28	67.96	57.55
0	29	66.98	53.63
0	30	66.64	47.81
0	31	66.44	50.01
0	32	65.78	62.55
0	33	65.09	56.29
0	34	64.48	52.42
0	35	64.31	32.96
0	36	64.27	44.61
0	37	63.39	54.87
0	38	62.84	49.36
0	39	62.22	59.42
0	40	61.86	59.98
0	41	61.82	58.95
0	42	61.52	47.1
0	43	61.5	60.88
0	44	61.27	48.1
0	45	60.92	59.2
0	46	60.79	28.71
0	47	60.59	48.62
0	48	60.28	55.1
0	49	60.22	57.58
0	50	60.21	55.57
0	51	60.2	37.92
0	52	59.65	37.05
0	53	59.21	48.72
0	54	58.88	53.16
0	55	58.7	53.34
0	56	57.76	54.97
0	57	57.56	52.15
0	58	57.37	41.42
0	59	56.98	48.29
0	60	56.91	47.29
0	61	56.55	55.24
0	62	56.19	55.85
0	63	56.07	34.22
0	64	55.96	54.04
0	65	55.05	43.28
0	66	54.77	34.03
0	67	54.7	47.15
0	68	54.65	39.82
0	69	54.28	33.63
0	70	54.05	39.67
0	71	53.76	46.61
0	72	53.61	52.32
0	73	53.47	46.61
0	74	53.29	52.37
0	75	53.15	52.96
0	76	52.86	16.18
0	77	52.82	0.0
0	78	52.79	47.99
0	79	52.68	50.81
0	80	52.39	43.22
0	81	52.32	51.44
0	82	51.33	48.06
0	83	51.3	40.19
0	84	50.9	50.03
0	85	50.62	50.58
0	86	49.82	44.34
0	87	49.52	48.93
0	88	49.21	44.8
0	89	48.83	48.26
0	90	48.68	40.15
0	91	48.64	37.84
0	92	48.59	44.71
0	93	48.42	41.59
0	94	48.41	47.56
0	95	48.35	30.68
0	96	47.81	42.33
0	97	47.74	11.8
0	98	47.64	43.78
0	99	47.18	44.14
0	100	47.04	35.45
0	101	46.71	34.92
0	102	46.64	45.2
0	103	46.44	37.76
0	104	46.33	45.88
0	105	46.19	45.09
0	106	46.17	22.8
0	107	46.11	36.6
0	108	45.86	43.6
0	109	45.75	43.85
0	110	45.22	43.61
0	111	44.62	13.44
0	112	44.57	25.88
0	113	44.41	27.66
0	114	44.38	41.74
0	115	44.26	2.0
0	116	44.16	29.49
0	117	43.26	34.09
0	118	42.61	30.9
0	119	42.35	27.57
0	120	42.31	16.18
0	121	42.09	33.12
0	122	41.99	35.69
0	123	41.72	26.72
0	124	41.34	34.91
0	125	41.27	29.58
0	126	40.89	26.32
0	127	40.44	29.57
0	128	40.41	0.0
0	129	40.25	13.51
0	130	40.14	36.39
0	131	39.9	19.87
0	132	39.85	18.6
0	133	39.81	33.13
0	134	39.74	37.08
0	135	39.63	24.29
0	136	39.51	31.36
0	137	39.4	20.62
0	138	39.3	6.43
0	139	39.21	32.19
0	140	39.09	38.53
0	141	38.93	34.93
0	142	38.7	36.84
0	143	38.66	32.56
0	144	38.62	33.26
0	145	38.44	35.15
0	146	38.3	37.51
0	147	38.28	37.18
0	148	38.02	37.94
0	149	37.73	4.96
0	150	37.65	18.77
0	151	37.64	32.47
0	152	37.45	33.28
0	153	37.43	20.98
0	154	37.28	37.05
0	155	37.13	30.98
0	156	37.12	21.94
0	157	36.97	11.33
0	158	36.69	30.49
0	159	36.63	13.9
0	160	36.62	9.45
0	161	36.46	32.79
0	162	36.36	30.87
0	163	36.34	14.85
0	164	36.31	0.0
0	165	36.08	32.79
0	166	35.99	22.21
0	167	35.94	31.4
0	168	35.83	35.65
0	169	35.64	29.59
0	170	35.47	0.0
0	171	35.32	33.91
0	172	35.26	28.09
0	173	35.13	32.07
0	174	34.82	26.98
0	175	34.72	26.71
0	176	34.72	19.31
0	177	34.44	34.13
0	178	34.4	24.37
0	179	34.3	4.16
0	180	34.18	32.34
0	181	34.16	29.47
0	182	34.04	24.94
0	183	33.89	0.0
0	184	33.84	9.92
0	185	33.69	22.31
0	186	33.68	26.68
0	187	33.67	18.23
0	188	33.6	32.08
0	189	33.57	28.09
0	190	33.52	0.0
0	191	33.5	27.61
0	192	33.48	23.95
0	193	33.47	25.65
0	194	33.46	29.58
0	195	33.43	32.29
0	196	33.33	29.19
0	197	33.09	19.64
0	198	33.06	28.48
0	199	32.99	23.93
0	200	32.98	27.95
0	201	32.79	0.0
0	202	32.71	0.0
0	203	32.39	29.68
0	204	32.37	28.3
0	205	32.28	7.18
0	206	32.16	26.51
0	207	32.11	30.45
0	208	32.08	26.21
0	209	31.9	22.27
0	210	31.85	28.88
0	211	31.79	30.2
0	212	31.75	1.58
0	213	31.68	26.15
0	214	31.64	30.66
0	215	31.57	13.99
0	216	31.55	22.42
0	217	31.53	28.91
0	218	31.38	26.55
0	219	31.37	10.88
0	220	31.35	25.74
0	221	31.22	13.66
0	222	31.16	26.18
0	223	31.1	1.45
0	224	31.05	13.66
0	225	30.99	6.93
0	226	30.94	7.2
0	227	30.93	28.3
0	228	30.93	28.09
0	229	30.93	25.48
0	230	30.74	26.12
0	231	30.71	18.42
0	232	30.7	26.87
0	233	30.65	28.4
0	234	30.46	21.15
0	235	30.38	19.16
0	236	30.38	18.21
0	237	30.28	25.79
0	238	30.27	27.42
0	239	30.19	28.79
0	240	30.19	27.19
0	241	30.13	4.06
0	242	30.11	21.04
0	243	30.1	20.79
0	244	30.1	2.02
0	245	30.09	21.41
0	246	30.02	29.46
0	247	29.95	24.44
0	248	29.92	24.29
0	249	29.82	26.23
0	250	29.8	9.31
0	251	29.8	13.67
0	252	29.74	25.81
0	253	29.71	29.66
0	254	29.59	7.65
0	255	29.39	23.98
0	256	29.34	6.89
0	257	29.33	18.56
0	258	29.32	18.89
0	259	29.25	23.93
0	260	29.17	9.66
0	261	29.05	15.12
0	262	28.96	8.19
0	263	28.93	18.04
0	264	28.87	28.15
0	265	28.82	25.3
0	266	28.57	26.24
0	267	28.57	28.48
0	268	28.42	25.07
0	269	28.39	14.15
0	270	28.25	25.55
0	271	28.17	27.03
0	272	28.13	18.94
0	273	28.1	24.06
0	274	28.03	24.58
0	275	27.97	26.19
0	276	27.93	24.55
0	277	27.92	26.4
0	278	27.86	19.42
0	279	27.85	15.04
0	280	27.79	7.48
0	281	27.69	24.34
0	282	27.65	2.03
0	283	27.64	23.46
0	284	27.64	8.07
0	285	27.63	17.74
0	286	27.52	26.06
0	287	27.45	25.96
0	288	27.37	20.87
0	289	27.36	0.38
0	290	27.32	14.85
0	291	27.28	19.43
0	292	27.25	0.62
0	293	27.11	25.58
0	294	27.06	25.34
0	295	26.95	15.87
0	296	26.89	25.95
0	297	26.75	25.86
0	298	26.69	21.4
0	299	26.69	22.43
0	300	26.63	25.72
0	301	26.6	25.6
0	302	26.49	24.85
0	303	26.44	22.01
0	304	26.41	16.77
0	305	26.38	13.38
0	306	26.26	16.91
0	307	26.23	22.07
0	308	26.2	18.18
0	309	25.9	25.0
0	310	25.89	17.78
0	311	25.79	4.99
0	312	25.76	20.96
0	313	25.75	7.88
0	314	25.74	1.7
0	315	25.72	0.0
0	316	25.63	24.93
0	317	25.6	15.53
0	318	25.54	22.63
0	319	25.53	19.33
0	320	25.53	5.93
0	321	25.5	19.14
0	322	25.47	17.22
0	323	25.47	17.76
0	324	25.36	17.92
0	325	25.27	3.19
0	326	25.06	22.22
0	327	25.04	14.97
0	328	25.02	21.31
0	329	24.91	5.05
0	330	24.9	7.56
0	331	24.88	24.6
0	332	24.83	23.55
0	333	24.82	9.72
0	334	24.65	9.2
0	335	24.62	14.48
0	336	24.56	19.51
0	337	24.55	22.8
0	338	24.52	11.58
0	339	24.51	0.0
0	340	24.49	22.73
0	341	24.4	22.68
0	342	24.39	0.0
0	343	24.36	22.86
0	344	24.34	21.54
0	345	24.19	23.77
0	346	24.15	18.14
0	347	24.14	9.32
0	348	24.13	18.82
0	349	24.1	21.32
0	350	24.03	4.08
0	351	24.0	5.48
0	352	23.99	1.44
0	353	23.98	22.38
0	354	23.97	12.99
0	355	23.87	20.15
0	356	23.83	17.09
0	357	23.81	9.19
0	358	23.77	16.68
0	359	23.75	18.26
0	360	23.74	13.22
0	361	23.69	20.09
0	362	23.62	21.19
0	363	23.6	18.21
0	364	23.51	21.26
0	365	23.51	10.7
0	366	23.48	17.84
0	367	23.44	11.82
0	368	23.43	16.73
0	369	23.29	15.93
0	370	23.29	16.03
0	371	23.26	14.84
0	372	23.22	6.45
0	373	23.2	7.91
0	374	23.1	22.03
0	375	23.06	0.0
0	376	23.06	22.7
0	377	23.03	8.71
0	378	23.01	12.29
0	379	23.0	14.88
0	380	22.98	14.17
0	381	22.89	22.39
0	382	22.86	17.58
0	383	22.82	22.62
0	384	22.77	21.95
0	385	22.77	18.39
0	386	22.69	15.43
0	387	22.64	10.2
0	388	22.55	12.47
0	389	22.52	15.41
0	390	22.51	20.5
0	391	22.45	15.3
0	392	22.45	9.24
0	393	22.44	19.19
0	394	22.42	11.12
0	395	22.36	0.0
0	396	22.34	20.41
0	397	22.33	21.92
0	398	22.29	9.19
0	399	22.28	21.55
0	400	22.26	4.16
0	401	22.21	15.42
0	402	22.19	4.51
0	403	22.15	0.81
0	404	22.14	7.65
0	405	22.07	17.42
0	406	22.03	16.71
0	407	21.94	13.32
0	408	21.88	11.87
0	409	21.84	18.22
0	410	21.81	0.0
0	411	21.75	16.24
0	412	21.74	6.94
0	413	21.66	15.5
0	414	21.64	10.53
0	415	21.58	19.6
0	416	21.57	18.53
0	417	21.53	9.33
0	418	21.52	16.83
0	419	21.44	3.38
0	420	21.34	18.52
0	421	21.31	18.18
0	422	21.29	16.07
0	423	21.2	0.0
0	424	21.17	0.0
0	425	21.14	16.97
0	426	21.13	21.01
0	427	21.08	19.88
0	428	20.98	13.63
0	429	20.96	1.8
0	430	20.95	14.26
0	431	20.89	0.0
0	432	20.89	0.0
0	433	20.88	14.19
0	434	20.83	15.94
0	435	20.76	7.07
0	436	20.68	12.46
0	437	20.62	18.91
0	438	20.59	13.97
0	439	20.58	19.47
0	440	20.56	0.0
0	441	20.49	0.0
0	442	20.42	18.22
0	443	20.34	20.28
0	444	20.22	15.24
0	445	20.18	10.58
0	446	20.1	18.76
0	447	20.08	19.69
0	448	20.07	12.57
0	449	20.05	14.83
0	450	19.88	13.19
0	451	19.87	16.25
0	452	19.79	16.8
0	453	19.72	4.07
0	454	19.67	3.56
0	455	19.66	18.99
0	456	19.65	9.56
0	457	19.6	14.82
0	458	19.54	0.0
0	459	19.51	11.85
0	460	19.49	11.52
0	461	19.45	19.05
0	462	19.43	15.94
0	463	19.4	17.62
0	464	19.3	11.78
0	465	19.27	17.8
0	466	19.24	16.56
0	467	19.19	15.88
0	468	19.11	10.66
0	469	19.09	14.23
0	470	19.08	15.13
0	471	19.06	10.36
0	472	19.04	12.43
0	473	19.01	18.57
0	474	18.96	14.96
0	475	18.92	18.53
0	476	18.92	18.81
0	477	18.86	14.16
0	478	18.85	15.39
0	479	18.84	12.2
0	480	18.83	10.79
0	481	18.79	15.24
0	482	18.75	0.0
0	483	18.71	13.87
0	484	18.64	0.0
0	485	18.63	0.0
0	486	18.58	16.24
0	487	18.52	7.37
0	488	18.51	4.15
0	489	18.51	17.19
0	490	18.49	12.43
0	491	18.48	6.8
0	492	18.45	15.44
0	493	18.44	9.9
0	494	18.39	13.63
0	495	18.36	1.85
0	496	18.31	10.83
0	497	18.3	16.98
0	498	18.28	11.61
0	499	18.27	9.54
0	500	18.23	0.0
0	501	18.22	12.8
0	502	18.17	7.87
0	503	18.14	0.0
0	504	18.1	17.6
0	505	18.08	13.27
0	506	18.07	11.37
0	507	18.07	17.61
0	508	18.05	6.34
0	509	17.99	10.19
0	510	17.97	15.34
0	511	17.83	14.99
0	512	17.83	10.89
0	513	17.79	14.62
0	514	17.78	11.06
0	515	17.75	13.09
0	516	17.74	0.0
0	517	17.66	14.75
0	518	17.66	13.4
0	519	17.63	2.33
0	520	17.61	13.45
0	521	17.54	15.46
0	522	17.52	0.0
0	523	17.49	0.0
0	524	17.39	16.86
0	525	17.35	0.0
0	526	17.35	10.07
0	527	17.35	0.0
0	528	17.22	15.55
0	529	17.18	12.41
0	530	17.14	16.88
0	531	17.14	15.9
0	532	17.1	16.68
0	533	17.1	14.83
0	534	17.1	0.0
0	535	17.07	13.15
0	536	17.03	12.96
0	537	17.02	11.84
0	538	17.01	0.0
0	539	17.0	0.0
0	540	16.98	11.32
0	541	16.84	16.41
0	542	16.82	14.53
0	543	16.78	3.67
0	544	16.78	12.24
0	545	16.77	2.4
0	546	16.75	10.7
0	547	16.73	12.32
0	548	16.73	0.0
0	549	16.72	6.08
0	550	16.7	0.06
0	551	16.69	5.79
0	552	16.68	7.88
0	553	16.61	16.0
0	554	16.6	0.0
0	555	16.6	15.25
0	556	16.56	9.6
0	557	16.55	5.77
0	558	16.52	9.17
0	559	16.51	6.14
0	560	16.5	0.0
0	561	16.49	10.67
0	562	16.48	12.28
0	563	16.48	0.0
0	564	16.4	14.77
0	565	16.39	11.05
0	566	16.36	4.94
0	567	16.36	0.0
0	568	16.34	0.43
0	569	16.31	13.69
0	570	16.26	7.97
0	571	16.26	9.12
0	572	16.24	12.43
0	573	16.23	6.65
0	574	16.22	0.0
0	575	16.22	2.1
0	576	16.21	11.68
0	577	16.19	7.71
0	578	16.19	0.0
0	579	16.18	14.12
0	580	16.16	13.35
0	581	16.1	11.06
0	582	16.09	0.0
0	583	16.05	0.0
0	584	16.03	14.19
0	585	16.0	13.03
0	586	15.99	1.98
0	587	15.92	7.74
0	588	15.9	11.86
0	589	15.79	10.6
0	590	15.77	14.87
0	591	15.76	4.2
0	592	15.75	2.7
0	593	15.68	0.0
0	594	15.65	10.9
0	595	15.64	8.92
0	596	15.62	14.8
0	597	15.54	11.49
0	598	15.51	14.7
0	599	15.48	14.4
0	600	15.46	0.85
0	601	15.46	0.0
0	602	15.45	8.93
0	603	15.45	3.02
0	604	15.42	0.76
0	605	15.41	0.0
0	606	15.37	15.36
0	607	15.31	7.1
0	608	15.3	15.29
0	609	15.28	0.0
0	610	15.24	8.35
0	611	15.2	2.25
0	612	15.19	13.73
0	613	15.18	9.94
0	614	15.17	0.0
0	615	15.12	11.27
0	616	15.09	8.19
0	617	15.06	13.08
0	618	15.05	0.77
0	619	15.02	7.98
0	620	15.0	13.06
0	621	14.93	7.81
0	622	14.91	0.0
0	623	14.88	0.0
0	624	14.88	0.0
0	625	14.82	4.71
0	626	14.81	13.89
0	627	14.81	11.5
0	628	14.79	13.63
0	629	14.79	8.03
0	630	14.78	14.33
0	631	14.78	0.88
0	632	14.75	0.0
0	633	14.73	0.0
0	634	14.72	11.46
0	635	14.72	8.15
0	636	14.64	12.56
0	637	14.59	9.99
0	638	14.57	8.69
0	639	14.57	0.0
0	640	14.54	0.0
0	641	14.52	11.9
0	642	14.51	12.69
0	643	14.5	11.54
0	644	14.49	5.6
0	645	14.48	0.0
0	646	14.45	9.58
0	647	14.44	11.45
0	648	14.42	10.96
0	649	14.35	4.59
0	650	14.34	4.28
0	651	14.32	13.23
0	652	14.3	11.78
0	653	14.3	9.22
0	654	14.27	11.11
0	655	14.25	12.43
0	656	14.24	0.0
0	657	14.24	9.11
0	658	14.24	10.79
0	659	14.16	0.0
0	660	14.13	10.97
0	661	14.1	12.46
0	662	14.06	12.65
0	663	14.01	4.29
0	664	14.01	1.36
0	665	14.01	4.75
0	666	14.01	8.1
0	667	13.99	12.22
0	668	13.99	8.06
0	669	13.95	3.95
0	670	13.94	2.48
0	671	13.89	1.54
0	672	13.88	2.56
0	673	13.87	9.19
0	674	13.85	7.27
0	675	13.79	10.59
0	676	13.77	12.17
0	677	13.76	6.36
0	678	13.73	11.71
0	679	13.71	8.94
0	680	13.69	0.0
0	681	13.67	9.42
0	682	13.66	10.03
0	683	13.58	0.0
0	684	13.56	10.48
0	685	13.55	3.57
0	686	13.54	1.33
0	687	13.54	2.26
0	688	13.54	10.52
0	689	13.52	12.57
0	690	13.47	8.76
0	691	13.47	0.18
0	692	13.46	9.6
0	693	13.46	0.0
0	694	13.41	13.34
0	695	13.39	11.82
0	696	13.37	0.0
0	697	13.36	7.71
0	698	13.36	0.0
0	699	13.31	12.93
0	700	13.25	12.52
0	701	13.23	4.79
0	702	13.23	9.85
0	703	13.22	6.89
0	704	13.22	0.51
0	705	13.2	0.0
0	706	13.2	2.28
0	707	13.17	8.07
0	708	13.15	0.0
0	709	13.15	3.89
0	710	13.11	9.91
0	711	13.09	6.5
0	712	13.09	12.88
0	713	13.06	10.8
0	714	13.04	11.21
0	715	12.99	0.0
0	716	12.97	6.23
0	717	12.95	0.06
0	718	12.94	12.3
0	719	12.9	4.49
0	720	12.87	12.24
0	721	12.81	0.0
0	722	12.81	4.38
0	723	12.78	8.32
0	724	12.76	0.0
0	725	12.76	2.28
0	726	12.75	10.23
0	727	12.7	9.42
0	728	12.7	0.93
0	729	12.69	0.0
0	730	12.66	9.58
0	731	12.66	0.0
0	732	12.65	12.3
0	733	12.63	12.48
0	734	12.59	9.2
0	735	12.58	0.0
0	736	12.58	0.0
0	737	12.58	0.0
0	738	12.57	0.0
0	739	12.56	2.61
0	740	12.52	8.69
0	741	12.51	12.37
0	742	12.5	0.0
0	743	12.5	0.0
0	744	12.49	2.07
0	745	12.46	0.0
0	746	12.45	0.0
0	747	12.45	0.0
0	748	12.43	7.98
0	749	12.41	7.31
0	750	12.4	11.45
0	751	12.38	6.8
0	752	12.38	0.0
0	753	12.37	9.89
0	754	12.32	4.67
0	755	12.31	8.51
0	756	12.3	0.0
0	757	12.3	3.56
0	758	12.22	0.0
0	759	12.19	0.0
0	760	12.15	6.64
0	761	12.15	1.61
0	762	12.15	6.73
0	763	12.14	9.62
0	764	12.13	0.0
0	765	12.1	8.11
0	766	12.08	0.0
0	767	12.07	7.52
0	768	12.06	6.45
0	769	12.0	11.86
0	770	11.99	0.0
0	771	11.98	0.13
0	772	11.97	6.49
0	773	11.96	9.82
0	774	11.87	2.01
0	775	11.85	3.56
0	776	11.85	8.77
0	777	11.84	0.0
0	778	11.84	2.54
0	779	11.83	0.0
0	780	11.76	0.0
0	781	11.75	4.09
0	782	11.71	0.0
0	783	11.71	5.17
0	784	11.71	8.34
0	785	11.7	9.11
0	786	11.7	6.58
0	787	11.68	0.0
0	788	11.65	3.6
0	789	11.65	0.64
0	790	11.65	0.0
0	791	11.63	0.0
0	792	11.62	11.49
0	793	11.61	0.0
0	794	11.58	1.45
0	795	11.57	10.4
0	796	11.48	0.89
0	797	11.47	5.22
0	798	11.47	10.85
0	799	11.46	7.47
0	800	11.44	0.0
0	801	11.44	1.22
0	802	11.43	5.47
0	803	11.39	0.0
0	804	11.39	10.23
0	805	11.34	8.28
0	806	11.33	0.0
0	807	11.33	10.02
0	808	11.33	7.08
0	809	11.28	0.0
0	810	11.16	4.31
0	811	11.16	2.13
0	812	11.11	4.2
0	813	11.1	4.49
0	814	11.09	0.0
0	815	11.08	5.07
0	816	11.07	0.0
0	817	11.07	0.0
0	818	11.06	2.34
0	819	11.03	10.79
0	820	10.99	0.0
0	821	10.97	2.58
0	822	10.92	10.08
0	823	10.91	5.07
0	824	10.89	4.29
0	825	10.87	10.32
0	826	10.86	5.68
0	827	10.85	0.0
0	828	10.84	8.13
0	829	10.82	9.31
0	830	10.78	0.0
0	831	10.73	5.48
0	832	10.71	4.72
0	833	10.66	8.13
0	834	10.61	0.0
0	835	10.59	8.08
0	836	10.57	0.0
0	837	10.54	0.0
0	838	10.51	0.47
0	839	10.51	0.0
0	840	10.48	8.22
0	841	10.45	0.0
0	842	10.44	0.0
0	843	10.44	0.0
0	844	10.42	1.95
0	845	10.41	1.57
0	846	10.38	0.0
0	847	10.36	0.0
0	848	10.36	1.03
0	849	10.36	0.0
0	850	10.35	0.0
0	851	10.33	0.0
0	852	10.3	2.81
0	853	10.28	4.4
0	854	10.26	0.0
0	855	10.23	0.0
0	856	10.22	3.48
0	857	10.21	0.0
0	858	10.2	9.46
0	859	10.19	9.17
0	860	10.16	0.0
0	861	10.12	0.0
0	862	10.08	9.61
0	863	10.07	0.0
0	864	10.07	4.9
0	865	10.05	0.0
0	866	10.05	7.83
0	867	10.02	7.81
0	868	10.0	0.0
0	869	9.98	0.0
0	870	9.96	8.43
0	871	9.95	0.0
0	872	9.95	8.3
0	873	9.93	2.39
0	874	9.92	0.0
0	875	9.92	1.24
0	876	9.89	2.64
0	877	9.88	1.17
0	878	9.86	0.77
0	879	9.85	0.0
0	880	9.83	6.07
0	881	9.76	4.91
0	882	9.74	5.98
0	883	9.73	3.37
0	884	9.7	0.0
0	885	9.68	4.86
0	886	9.67	5.52
0	887	9.65	0.0
0	888	9.64	0.0
0	889	9.63	9.12
0	890	9.63	5.46
0	891	9.62	6.48
0	892	9.58	3.12
0	893	9.57	6.98
0	894	9.57	7.46
0	895	9.55	3.92
0	896	9.55	0.0
0	897	9.53	0.0
0	898	9.52	2.1
0	899	9.49	0.0
0	900	9.48	0.0
0	901	9.47	0.0
0	902	9.46	7.69
0	903	9.43	2.98
0	904	9.39	0.0
0	905	9.38	0.0
0	906	9.34	0.0
0	907	9.33	0.0
0	908	9.29	0.0
0	909	9.29	8.97
0	910	9.28	4.38
0	911	9.22	6.59
0	912	9.19	3.39
0	913	9.15	5.88
0	914	9.14	0.0
0	915	9.14	0.0
0	916	9.09	0.0
0	917	9.08	0.0
0	918	9.07	7.66
0	919	9.07	0.0
0	920	9.06	5.07
0	921	9.04	0.0
0	922	9.03	0.0
0	923	9.03	4.61
0	924	8.99	8.64
0	925	8.91	0.0
0	926	8.91	0.0
0	927	8.9	2.62
0	928	8.88	0.0
0	929	8.88	1.07
0	930	8.87	0.0
0	931	8.86	7.85
0	932	8.82	4.53
0	933	8.82	5.86
0	934	8.81	4.98
0	935	8.8	2.52
0	936	8.77	0.0
0	937	8.74	8.31
0	938	8.73	5.26
0	939	8.72	8.51
0	940	8.71	0.0
0	941	8.71	6.2
0	942	8.71	5.3
0	943	8.68	6.08
0	944	8.67	0.0
0	945	8.66	2.38
0	946	8.66	1.03
0	947	8.66	5.81
0	948	8.66	4.07
0	949	8.64	0.0
0	950	8.59	0.24
0	951	8.59	0.0
0	952	8.57	0.0
0	953	8.56	0.0
0	954	8.55	0.0
0	955	8.54	0.0
0	956	8.52	8.51
0	957	8.51	0.0
0	958	8.49	0.0
0	959	8.48	3.43
0	960	8.45	0.0
0	961	8.45	4.17
0	962	8.44	0.0
0	963	8.43	0.0
0	964	8.43	7.09
0	965	8.43	0.0
0	966	8.39	0.0
0	967	8.37	0.0
0	968	8.37	0.0
0	969	8.36	0.0
0	970	8.35	0.0
0	971	8.34	0.0
0	972	8.33	5.88
0	973	8.3	0.0
0	974	8.3	0.0
0	975	8.3	0.0
0	976	8.28	0.0
0	977	8.28	0.0
0	978	8.26	0.0
0	979	8.26	4.38
0	980	8.25	2.69
0	981	8.23	0.0
0	982	8.22	0.0
0	983	8.2	0.0
0	984	8.18	6.77
0	985	8.18	3.29
0	986	8.18	0.0
0	987	8.1	4.78
0	988	8.1	7.62
0	989	8.09	0.0
0	990	8.07	0.0
0	991	8.04	0.42
0	992	7.98	0.0
0	993	7.96	0.0
0	994	7.94	4.96
0	995	7.93	0.0
0	996	7.92	0.0
0	997	7.9	6.3
0	998	7.89	0.0
0	999	7.86	0.0
0	1000	7.82	0.0
0	1001	7.81	6.2
0	1002	7.78	4.44
0	1003	7.77	4.77
0	1004	7.77	0.0
0	1005	7.77	2.4
0	1006	7.66	2.3
0	1007	7.64	6.47
0	1008	7.63	4.93
0	1009	7.58	0.0
0	1010	7.56	5.81
0	1011	7.55	0.0
0	1012	7.55	2.46
0	1013	7.55	0.0
0	1014	7.44	6.74
0	1015	7.42	6.05
0	1016	7.4	0.0
0	1017	7.37	0.0
0	1018	7.36	0.0
0	1019	7.36	4.02
0	1020	7.35	0.0
0	1021	7.35	0.0
0	1022	7.34	0.0
0	1023	7.34	1.71
0	1024	7.32	6.1
0	1025	7.31	1.57
0	1026	7.29	6.23
0	1027	7.26	0.0
0	1028	7.25	0.0
0	1029	7.24	2.7
0	1030	7.23	6.2
0	1031	7.2	4.01
0	1032	7.19	6.13
0	1033	7.18	3.63
0	1034	7.15	0.0
0	1035	7.12	6.19
0	1036	7.1	0.0
0	1037	7.1	0.0
0	1038	7.07	0.29
0	1039	7.03	0.0
0	1040	7.01	6.36
0	1041	7.0	2.41
0	1042	6.96	0.0
0	1043	6.94	5.42
0	1044	6.93	0.0
0	1045	6.92	0.0
0	1046	6.92	0.0
0	1047	6.91	0.0
0	1048	6.89	0.0
0	1049	6.88	0.0
0	1050	6.88	4.38
0	1051	6.85	0.0
0	1052	6.85	0.0
0	1053	6.84	1.9
0	1054	6.83	0.0
0	1055	6.83	3.69
0	1056	6.83	0.0
0	1057	6.82	0.0
0	1058	6.8	6.43
0	1059	6.8	0.0
0	1060	6.8	5.76
0	1061	6.79	0.0
0	1062	6.78	0.0
0	1063	6.76	0.0
0	1064	6.75	0.0
0	1065	6.74	0.0
0	1066	6.74	4.67
0	1067	6.74	3.37
0	1068	6.69	0.0
0	1069	6.64	0.96
0	1070	6.59	0.0
0	1071	6.59	3.43
0	1072	6.58	0.0
0	1073	6.58	0.0
0	1074	6.57	3.23
0	1075	6.56	4.87
0	1076	6.54	0.78
0	1077	6.52	0.0
0	1078	6.5	0.0
0	1079	6.5	4.1
0	1080	6.49	6.04
0	1081	6.48	1.1
0	1082	6.48	0.0
0	1083	6.45	0.0
0	1084	6.43	0.0
0	1085	6.39	6.37
0	1086	6.39	4.75
0	1087	6.38	0.0
0	1088	6.33	0.0
0	1089	6.31	5.21
0	1090	6.28	1.28
0	1091	6.27	0.0
0	1092	6.25	2.17
0	1093	6.24	0.0
0	1094	6.24	0.0
0	1095	6.23	0.0
0	1096	6.23	5.56
0	1097	6.23	0.0
0	1098	6.2	0.0
0	1099	6.2	5.46
0	1100	6.18	4.42
0	1101	6.17	0.0
0	1102	6.17	0.0
0	1103	6.17	0.0
0	1104	6.16	0.0
0	1105	6.15	0.0
0	1106	6.14	5.88
0	1107	6.13	1.79
0	1108	6.13	0.0
0	1109	6.12	5.66
0	1110	6.12	2.18
0	1111	6.1	2.38
0	1112	6.09	0.0
0	1113	6.08	0.0
0	1114	6.06	4.34
0	1115	6.06	0.0
0	1116	6.02	4.82
0	1117	6.01	4.89
0	1118	6.0	2.42
0	1119	5.98	0.0
0	1120	5.98	0.0
0	1121	5.98	1.52
0	1122	5.97	0.0
0	1123	5.96	3.59
0	1124	5.93	0.0
0	1125	5.91	0.0
0	1126	5.89	2.44
0	1127	5.88	4.87
0	1128	5.82	2.23
0	1129	5.82	0.0
0	1130	5.8	0.0
0	1131	5.8	0.0
0	1132	5.78	5.21
0	1133	5.78	0.0
0	1134	5.78	2.72
0	1135	5.76	0.59
0	1136	5.76	0.0
0	1137	5.75	0.0
0	1138	5.74	0.0
0	1139	5.72	0.0
0	1140	5.71	1.0
0	1141	5.71	0.0
0	1142	5.69	1.87
0	1143	5.67	1.3
0	1144	5.66	2.46
0	1145	5.66	0.0
0	1146	5.66	0.0
0	1147	5.66	2.94
0	1148	5.65	0.0
0	1149	5.61	5.23
0	1150	5.59	3.83
0	1151	5.59	0.0
0	1152	5.59	0.0
0	1153	5.58	0.0
0	1154	5.48	0.97
0	1155	5.48	0.0
0	1156	5.46	0.0
0	1157	5.46	0.0
0	1158	5.45	0.0
0	1159	5.45	4.99
0	1160	5.45	1.5
0	1161	5.45	0.0
0	1162	5.44	1.5
0	1163	5.44	1.21
0	1164	5.4	3.65
0	1165	5.38	4.73
0	1166	5.38	0.0
0	1167	5.36	0.0
0	1168	5.34	0.0
0	1169	5.33	0.0
0	1170	5.33	0.0
0	1171	5.33	0.0
0	1172	5.32	0.0
0	1173	5.32	0.0
0	1174	5.31	0.0
0	1175	5.31	0.0
0	1176	5.29	0.0
0	1177	5.29	0.0
0	1178	5.28	0.0
0	1179	5.25	0.0
0	1180	5.23	0.0
0	1181	5.23	0.0
0	1182	5.22	5.07
0	1183	5.2	0.45
0	1184	5.19	0.0
0	1185	5.19	0.31
0	1186	5.19	0.0
0	1187	5.18	0.0
0	1188	5.18	1.56
0	1189	5.17	2.29
0	1190	5.17	1.18
0	1191	5.16	4.45
0	1192	5.16	4.14
0	1193	5.13	0.0
0	1194	5.13	0.72
0	1195	5.12	0.49
0	1196	5.11	3.88
0	1197	5.09	0.0
0	1198	5.08	4.49
0	1199	5.06	0.0
0	1200	5.06	4.64
0	1201	5.02	0.95
0	1202	5.01	3.08
0	1203	5.01	0.0
0	1204	5.0	0.0
0	1205	5.0	3.34
0	1206	4.98	2.42
0	1207	4.98	0.0
0	1208	4.94	0.0
0	1209	4.92	0.0
0	1210	4.92	2.74
0	1211	4.91	0.0
0	1212	4.91	0.0
0	1213	4.91	0.0
0	1214	4.9	4.69
0	1215	4.89	4.83
0	1216	4.88	0.0
0	1217	4.88	0.0
0	1218	4.87	0.0
0	1219	4.86	0.0
0	1220	4.86	4.06
0	1221	4.86	2.41
0	1222	4.85	0.0
0	1223	4.84	0.0
0	1224	4.81	2.14
0	1225	4.8	0.0
0	1226	4.8	0.0
0	1227	4.8	0.0
0	1228	4.79	3.52
0	1229	4.77	0.0
0	1230	4.77	0.0
0	1231	4.75	0.04
0	1232	4.74	1.42
0	1233	4.73	0.0
0	1234	4.71	0.0
0	1235	4.7	1.01
0	1236	4.7	3.05
0	1237	4.7	0.0
0	1238	4.69	0.0
0	1239	4.69	0.0
0	1240	4.68	3.96
0	1241	4.68	0.0
0	1242	4.68	1.91
0	1243	4.66	0.0
0	1244	4.66	3.27
0	1245	4.62	0.0
0	1246	4.55	0.0
0	1247	4.53	0.25
0	1248	4.51	0.0
0	1249	4.5	0.0
0	1250	4.49	0.0
0	1251	4.48	1.23
0	1252	4.47	0.0
0	1253	4.45	0.0
0	1254	4.45	2.53
0	1255	4.44	4.03
0	1256	4.44	0.0
0	1257	4.44	0.0
0	1258	4.43	0.0
0	1259	4.42	0.0
0	1260	4.41	1.03
0	1261	4.41	0.0
0	1262	4.39	3.84
0	1263	4.38	0.0
0	1264	4.38	0.0
0	1265	4.38	0.0
0	1266	4.38	0.05
0	1267	4.35	3.86
0	1268	4.35	1.01
0	1269	4.34	3.05
0	1270	4.34	0.0
0	1271	4.34	0.0
0	1272	4.33	0.0
0	1273	4.32	3.47
0	1274	4.32	0.0
0	1275	4.29	2.32
0	1276	4.29	0.0
0	1277	4.29	2.94
0	1278	4.28	0.0
0	1279	4.28	0.66
0	1280	4.28	0.0
0	1281	4.26	0.0
0	1282	4.25	0.0
0	1283	4.23	0.0
0	1284	4.2	0.0
0	1285	4.17	0.0
0	1286	4.17	0.0
0	1287	4.17	3.1
0	1288	4.13	1.64
0	1289	4.13	0.0
0	1290	4.11	3.04
0	1291	4.11	0.0
0	1292	4.1	3.24
0	1293	4.1	0.0
0	1294	4.09	3.06
0	1295	4.07	0.0
0	1296	4.06	1.51
0	1297	4.05	0.0
0	1298	4.05	0.59
0	1299	4.04	0.0
0	1300	4.03	0.0
0	1301	4.03	0.0
0	1302	4.01	0.0
0	1303	4.01	3.44
0	1304	4.0	2.65
0	1305	4.0	3.43
0	1306	3.99	2.12
0	1307	3.98	0.0
0	1308	3.97	1.51
0	1309	3.97	0.0
0	1310	3.96	0.0
0	1311	3.96	0.0
0	1312	3.96	0.34
0	1313	3.95	0.0
0	1314	3.94	0.0
0	1315	3.94	0.0
0	1316	3.93	0.0
0	1317	3.93	3.05
0	1318	3.92	0.0
0	1319	3.92	1.02
0	1320	3.92	0.0
0	1321	3.91	0.0
0	1322	3.9	0.0
0	1323	3.88	0.0
0	1324	3.88	0.0
0	1325	3.88	0.0
0	1326	3.87	2.52
0	1327	3.87	0.0
0	1328	3.86	0.0
0	1329	3.86	2.95
0	1330	3.85	0.0
0	1331	3.79	0.0
0	1332	3.79	0.0
0	1333	3.77	0.0
0	1334	3.75	0.0
0	1335	3.74	0.0
0	1336	3.71	3.14
0	1337	3.69	3.34
0	1338	3.68	0.0
0	1339	3.68	0.0
0	1340	3.68	0.0
0	1341	3.67	0.0
0	1342	3.67	0.0
0	1343	3.65	0.0
0	1344	3.65	0.95
0	1345	3.63	0.0
0	1346	3.61	1.72
0	1347	3.61	0.0
0	1348	3.6	0.0
0	1349	3.6	0.77
0	1350	3.6	0.0
0	1351	3.57	1.82
0	1352	3.57	0.37
0	1353	3.56	0.0
0	1354	3.56	0.0
0	1355	3.56	0.0
0	1356	3.53	0.0
0	1357	3.53	0.0
0	1358	3.51	0.0
0	1359	3.51	0.0
0	1360	3.49	0.0
0	1361	3.49	0.0
0	1362	3.49	0.0
0	1363	3.49	0.37
0	1364	3.47	0.0
0	1365	3.46	1.1
0	1366	3.45	0.0
0	1367	3.45	0.0
0	1368	3.44	0.0
0	1369	3.41	0.0
0	1370	3.4	3.1
0	1371	3.4	0.0
0	1372	3.39	1.98
0	1373	3.39	0.0
0	1374	3.37	0.0
0	1375	3.33	0.0
0	1376	3.32	0.0
0	1377	3.31	0.0
0	1378	3.29	0.0
0	1379	3.29	0.0
0	1380	3.29	0.0
0	1381	3.29	1.61
0	1382	3.28	0.0
0	1383	3.26	0.0
0	1384	3.25	0.0
0	1385	3.25	0.0
0	1386	3.24	1.69
0	1387	3.24	0.0
0	1388	3.22	0.0
0	1389	3.2	0.0
0	1390	3.18	0.64
0	1391	3.18	0.0
0	1392	3.17	1.15
0	1393	3.17	2.8
0	1394	3.15	0.0
0	1395	3.14	0.0
0	1396	3.13	0.02
0	1397	3.11	0.0
0	1398	3.11	0.0
0	1399	3.1	0.0
0	1400	3.1	0.0
0	1401	3.08	1.23
0	1402	3.05	0.0
0	1403	3.05	0.0
0	1404	3.04	0.0
0	1405	3.04	1.24
0	1406	3.03	0.0
0	1407	3.02	0.0
0	1408	3.02	0.0
0	1409	3.02	0.0
0	1410	3.01	0.0
0	1411	3.0	2.91
0	1412	2.99	1.92
0	1413	2.96	0.0
0	1414	2.95	0.0
0	1415	2.94	0.0
0	1416	2.91	1.5
0	1417	2.9	1.07
0	1418	2.89	0.0
0	1419	2.87	0.0
0	1420	2.86	0.0
0	1421	2.86	0.0
0	1422	2.83	0.0
0	1423	2.82	1.02
0	1424	2.77	0.44
0	1425	2.77	0.0
0	1426	2.77	0.0
0	1427	2.76	2.69
0	1428	2.73	2.28
0	1429	2.73	0.0
0	1430	2.72	2.32
0	1431	2.7	1.5
0	1432	2.7	1.27
0	1433	2.7	0.0
0	1434	2.7	0.0
0	1435	2.69	0.0
0	1436	2.68	1.72
0	1437	2.67	2.1
0	1438	2.66	1.17
0	1439	2.66	0.0
0	1440	2.64	0.0
0	1441	2.64	0.0
0	1442	2.64	0.0
0	1443	2.61	0.0
0	1444	2.6	1.04
0	1445	2.6	0.0
0	1446	2.59	0.0
0	1447	2.58	0.0
0	1448	2.58	0.0
0	1449	2.55	0.0
0	1450	2.55	0.88
0	1451	2.53	0.29
0	1452	2.5	0.0
0	1453	2.48	0.0
0	1454	2.43	0.0
0	1455	2.42	0.0
0	1456	2.42	0.0
0	1457	2.37	0.09
0	1458	2.35	0.0
0	1459	2.34	0.0
0	1460	2.34	0.0
0	1461	2.34	0.0
0	1462	2.33	0.27
0	1463	2.33	0.0
0	1464	2.32	0.0
0	1465	2.31	0.11
0	1466	2.3	0.0
0	1467	2.28	0.0
0	1468	2.27	0.0
0	1469	2.26	1.63
0	1470	2.26	0.0
0	1471	2.26	0.0
0	1472	2.26	0.55
0	1473	2.25	0.0
0	1474	2.25	0.0
0	1475	2.25	0.0
0	1476	2.23	0.0
0	1477	2.22	0.94
0	1478	2.21	1.72
0	1479	2.21	0.0
0	1480	2.21	0.0
0	1481	2.21	0.0
0	1482	2.2	0.0
0	1483	2.18	0.0
0	1484	2.18	0.0
0	1485	2.17	0.0
0	1486	2.17	0.0
0	1487	2.17	0.3
0	1488	2.13	0.0
0	1489	2.13	0.0
0	1490	2.13	0.0
0	1491	2.12	0.86
0	1492	2.1	1.01
0	1493	2.08	0.0
0	1494	2.05	0.0
0	1495	2.05	0.0
0	1496	2.04	0.96
0	1497	2.03	1.57
0	1498	2.02	0.0
0	1499	2.02	0.0
0	1500	2.02	0.0
0	1501	2.02	1.88
0	1502	2.0	0.0
0	1503	2.0	0.0
0	1504	1.99	0.0
0	1505	1.97	1.6
0	1506	1.97	0.0
0	1507	1.96	0.0
0	1508	1.95	0.0
0	1509	1.95	0.0
0	1510	1.93	0.0
0	1511	1.93	0.0
0	1512	1.93	0.0
0	1513	1.92	0.57
0	1514	1.92	0.0
0	1515	1.92	0.66
0	1516	1.9	0.0
0	1517	1.9	0.06
0	1518	1.9	0.0
0	1519	1.89	0.0
0	1520	1.87	0.0
0	1521	1.87	0.0
0	1522	1.86	0.0
0	1523	1.83	0.0
0	1524	1.8	0.0
0	1525	1.79	0.0
0	1526	1.78	0.0
0	1527	1.77	0.0
0	1528	1.76	0.0
0	1529	1.76	0.67
0	1530	1.71	0.21
0	1531	1.71	0.0
0	1532	1.7	0.0
0	1533	1.7	1.39
0	1534	1.7	0.0
0	1535	1.69	0.0
0	1536	1.68	0.0
0	1537	1.66	0.0
0	1538	1.66	0.49
0	1539	1.66	0.0
0	1540	1.64	0.0
0	1541	1.63	0.0
0	1542	1.62	0.07
0	1543	1.62	0.0
0	1544	1.61	0.0
0	1545	1.6	0.0
0	1546	1.6	0.0
0	1547	1.6	0.0
0	1548	1.59	0.0
0	1549	1.58	0.0
0	1550	1.58	0.15
0	1551	1.57	0.0
0	1552	1.57	0.53
0	1553	1.56	1.37
0	1554	1.56	0.0
0	1555	1.55	0.0
0	1556	1.54	0.0
0	1557	1.54	0.0
0	1558	1.54	0.0
0	1559	1.53	0.0
0	1560	1.53	0.0
0	1561	1.52	0.0
0	1562	1.52	0.0
0	1563	1.5	0.0
0	1564	1.48	0.0
0	1565	1.48	0.16
0	1566	1.47	0.0
0	1567	1.46	0.0
0	1568	1.46	0.0
0	1569	1.45	0.0
0	1570	1.44	0.0
0	1571	1.43	0.0
0	1572	1.43	0.0
0	1573	1.42	0.0
0	1574	1.42	0.0
0	1575	1.39	0.0
0	1576	1.38	0.0
0	1577	1.38	0.0
0	1578	1.37	0.0
0	1579	1.36	0.0
0	1580	1.36	0.0
0	1581	1.35	0.0
0	1582	1.34	0.0
0	1583	1.32	0.0
0	1584	1.32	0.0
0	1585	1.32	0.0
0	1586	1.3	0.0
0	1587	1.3	0.0
0	1588	1.29	0.0
0	1589	1.29	0.0
0	1590	1.29	0.0
0	1591	1.27	0.0
0	1592	1.26	0.0
0	1593	1.26	0.0
0	1594	1.25	0.0
0	1595	1.23	0.0
0	1596	1.23	0.0
0	1597	1.22	0.0
0	1598	1.21	0.0
0	1599	1.19	0.0
0	1600	1.19	0.0
0	1601	1.19	0.28
0	1602	1.18	1.08
0	1603	1.18	0.0
0	1604	1.14	0.26
0	1605	1.14	0.0
0	1606	1.14	0.53
0	1607	1.13	0.0
0	1608	1.13	0.0
0	1609	1.13	0.0
0	1610	1.12	0.0
0	1611	1.11	0.0
0	1612	1.11	0.0
0	1613	1.08	0.0
0	1614	1.08	0.0
0	1615	1.08	0.0
0	1616	1.07	0.0
0	1617	1.06	0.0
0	1618	1.06	0.0
0	1619	1.05	0.0
0	1620	1.03	0.0
0	1621	1.03	0.0
0	1622	1.0	0.48
0	1623	0.98	0.0
0	1624	0.98	0.0
0	1625	0.98	0.0
0	1626	0.96	0.83
0	1627	0.94	0.0
0	1628	0.93	0.0
0	1629	0.85	0.0
0	1630	0.82	0.0
0	1631	0.8	0.0
0	1632	0.8	0.0
0	1633	0.79	0.0
0	1634	0.78	0.0
0	1635	0.78	0.0
0	1636	0.77	0.0
0	1637	0.75	0.0
0	1638	0.75	0.0
0	1639	0.73	0.0
0	1640	0.66	0.0
0	1641	0.65	0.0
0	1642	0.65	0.0
0	1643	0.64	0.0
0	1644	0.63	0.0
0	1645	0.61	0.0
0	1646	0.61	0.0
0	1647	0.6	0.0
0	1648	0.6	0.0
0	1649	0.59	0.0
0	1650	0.59	0.0
0	1651	0.58	0.0
0	1652	0.58	0.0
0	1653	0.58	0.05
0	1654	0.56	0.0
0	1655	0.55	0.0
0	1656	0.55	0.0
0	1657	0.54	0.0
0	1658	0.52	0.0
0	1659	0.52	0.0
0	1660	0.49	0.0
0	1661	0.48	0.0
0	1662	0.46	0.0
0	1663	0.44	0.0
0	1664	0.43	0.0
0	1665	0.43	0.0
0	1666	0.39	0.0
0	1667	0.39	0.0
0	1668	0.38	0.0
0	1669	0.38	0.0
0	1670	0.38	0.0
0	1671	0.37	0.0
0	1672	0.36	0.0
0	1673	0.36	0.0
0	1674	0.35	0.0
0	1675	0.33	0.0
0	1676	0.31	0.0
0	1677	0.31	0.0
0	1678	0.3	0.0
0	1679	0.3	0.0
0	1680	0.28	0.0
0	1681	0.28	0.0
0	1682	0.28	0.0
0	1683	0.27	0.25
0	1684	0.27	0.0
0	1685	0.27	0.0
0	1686	0.25	0.0
0	1687	0.25	0.0
0	1688	0.24	0.0
0	1689	0.22	0.0
0	1690	0.22	0.0
0	1691	0.21	0.0
0	1692	0.21	0.0
0	1693	0.2	0.0
0	1694	0.2	0.0
0	1695	0.16	0.0
0	1696	0.15	0.0
0	1697	0.15	0.0
0	1698	0.14	0.0
0	1699	0.13	0.0
0	1700	0.13	0.0
0	1701	0.11	0.0
0	1702	0.11	0.0
0	1703	0.11	0.0
0	1704	0.09	0.0
0	1705	0.09	0.0
0	1706	0.07	0.0
0	1707	0.07	0.0
0	1708	0.07	0.0
0	1709	0.06	0.0
0	1710	0.05	0.0
0	1711	0.05	0.0
0	1712	0.04	0.0
0	1713	0.04	0.0
0	1714	0.03	0.0
0	1715	0.03	0.0
0	1716	0.03	0.0
0	1717	0.02	0.0
0	1718	0.02	0.0
0	1719	0.01	0.0
0	1720	0.01	0.0
