clade	species	ts	te
0	1	100.0	88.49
0	2	99.95	75.98
0	3	98.38	86.63
0	4	97.95	73.92
0	5	97.07	91.62
0	6	94.37	84.67
0	7	91.37	86.07
0	8	90.48	89.1
0	9	89.72	78.58
0	10	89.54	87.07
0	11	87.58	81.48
0	12	85.46	80.11
0	13	84.87	58.85
0	14	83.26	81.4
0	15	82.84	31.68
0	16	82.16	82.15
0	17	80.64	69.85
0	18	79.04	40.32
0	19	78.89	76.53
0	20	77.53	70.14
0	21	77.04	59.39
0	22	76.22	68.57
0	23	75.56	60.28
0	24	75.55	68.59
0	25	75.04	67.28
0	26	74.65	52.02
0	27	74.65	58.83
0	28	74.29	67.3
0	29	72.69	67.48
0	30	72.16	51.47
0	31	72.0	68.89
0	32	71.2	56.88
0	33	70.83	45.14
0	34	70.82	65.28
0	35	70.81	44.65
0	36	70.78	40.94
0	37	70.56	69.32
0	38	70.02	60.0
0	39	69.86	66.15
0	40	69.84	64.61
0	41	69.72	63.41
0	42	67.26	59.66
0	43	66.89	55.37
0	44	66.83	50.66
0	45	66.07	49.73
0	46	65.98	59.75
0	47	64.92	63.54
0	48	64.87	50.84
0	49	64.1	45.95
0	50	63.9	44.88
0	51	63.88	58.21
0	52	63.84	60.34
0	53	63.8	54.54
0	54	63.39	61.7
0	55	63.06	57.98
0	56	62.62	40.62
0	57	62.61	41.77
0	58	61.89	59.84
0	59	60.88	52.48
0	60	60.82	42.05
0	61	60.7	60.5
0	62	60.53	54.61
0	63	60.18	47.14
0	64	59.19	53.56
0	65	59.09	58.74
0	66	59.01	57.88
0	67	58.83	58.33
0	68	58.21	47.93
0	69	56.86	36.29
0	70	56.82	47.75
0	71	56.71	50.05
0	72	56.27	53.01
0	73	56.17	54.53
0	74	56.11	47.64
0	75	55.98	48.97
0	76	55.92	45.04
0	77	55.86	54.74
0	78	55.79	55.38
0	79	55.72	33.96
0	80	55.54	54.4
0	81	54.85	52.68
0	82	54.7	43.44
0	83	54.53	51.18
0	84	54.5	53.74
0	85	54.45	52.8
0	86	53.84	53.74
0	87	53.48	52.38
0	88	53.38	52.61
0	89	53.27	46.19
0	90	52.75	52.06
0	91	52.62	50.18
0	92	51.79	47.89
0	93	51.64	47.79
0	94	51.35	40.37
0	95	51.35	39.44
0	96	51.31	35.55
0	97	51.22	44.28
0	98	51.06	41.13
0	99	51.05	37.11
0	100	50.98	29.46
0	101	50.8	22.7
0	102	50.4	50.28
0	103	50.21	44.67
0	104	50.1	44.59
0	105	50.1	40.63
0	106	50.07	49.76
0	107	49.81	48.02
0	108	49.77	48.84
0	109	49.37	46.72
0	110	49.17	42.78
0	111	49.12	43.01
0	112	48.93	25.22
0	113	48.87	47.77
0	114	48.78	43.52
0	115	48.69	45.02
0	116	48.63	45.27
0	117	48.23	41.84
0	118	47.93	43.67
0	119	47.49	44.87
0	120	47.43	41.45
0	121	47.43	44.96
0	122	47.35	33.9
0	123	47.22	40.68
0	124	47.12	44.78
0	125	46.92	35.99
0	126	46.84	41.92
0	127	46.82	39.5
0	128	46.82	43.23
0	129	46.75	31.78
0	130	46.66	27.51
0	131	46.43	39.12
0	132	46.31	41.6
0	133	46.26	45.2
0	134	46.24	45.61
0	135	46.09	37.32
0	136	45.57	18.03
0	137	45.3	34.45
0	138	45.1	37.07
0	139	45.08	31.85
0	140	44.94	41.4
0	141	44.84	43.93
0	142	44.65	42.41
0	143	44.56	42.8
0	144	44.35	24.72
0	145	44.28	29.36
0	146	44.23	42.41
0	147	44.17	29.28
0	148	44.01	35.76
0	149	43.82	40.69
0	150	43.73	34.03
0	151	43.6	41.3
0	152	43.53	41.11
0	153	43.53	41.06
0	154	43.04	20.48
0	155	42.39	27.44
0	156	42.31	33.74
0	157	42.28	38.92
0	158	41.85	40.23
0	159	41.55	41.11
0	160	41.49	35.02
0	161	41.43	35.0
0	162	41.34	39.5
0	163	41.24	0.0
0	164	40.95	37.13
0	165	40.82	30.67
0	166	40.75	28.21
0	167	40.71	38.13
0	168	40.67	21.76
0	169	40.31	30.32
0	170	40.17	37.67
0	171	40.06	30.84
0	172	40.04	30.63
0	173	40.02	26.6
0	174	40.0	21.46
0	175	39.98	38.34
0	176	39.95	36.0
0	177	39.92	31.78
0	178	39.64	36.88
0	179	39.52	0.0
0	180	39.33	38.06
0	181	39.18	38.0
0	182	39.1	23.53
0	183	39.07	25.54
0	184	38.97	38.91
0	185	38.96	11.03
0	186	38.95	31.82
0	187	38.95	35.44
0	188	38.87	37.11
0	189	38.59	31.15
0	190	38.4	24.36
0	191	38.39	28.75
0	192	38.21	35.76
0	193	38.2	37.99
0	194	37.59	36.69
0	195	37.54	20.42
0	196	37.47	34.55
0	197	37.46	33.37
0	198	37.3	30.86
0	199	37.26	21.14
0	200	37.18	34.99
0	201	36.93	16.98
0	202	36.87	31.31
0	203	36.85	17.53
0	204	36.68	25.9
0	205	36.56	34.09
0	206	36.56	36.19
0	207	36.35	12.12
0	208	36.24	29.72
0	209	35.99	34.78
0	210	35.9	0.0
0	211	35.87	23.61
0	212	35.54	22.03
0	213	35.25	30.91
0	214	35.18	28.7
0	215	35.13	28.54
0	216	35.03	33.42
0	217	35.01	11.17
0	218	34.95	31.91
0	219	34.94	15.31
0	220	34.82	28.9
0	221	34.79	17.4
0	222	34.79	34.62
0	223	34.77	29.19
0	224	34.65	28.76
0	225	34.61	9.09
0	226	34.57	32.37
0	227	34.29	27.81
0	228	34.16	33.88
0	229	34.11	27.02
0	230	34.03	26.86
0	231	33.95	27.19
0	232	33.92	22.28
0	233	33.6	30.24
0	234	33.48	28.18
0	235	33.48	4.17
0	236	33.35	3.45
0	237	33.28	29.12
0	238	33.17	32.94
0	239	33.17	21.16
0	240	33.1	18.54
0	241	33.07	1.38
0	242	33.01	10.0
0	243	32.95	20.11
0	244	32.84	23.5
0	245	32.78	32.76
0	246	32.7	22.01
0	247	32.63	4.89
0	248	32.55	29.22
0	249	32.53	31.74
0	250	32.52	11.63
0	251	32.52	26.16
0	252	32.49	21.92
0	253	32.44	25.47
0	254	32.43	17.19
0	255	32.39	15.87
0	256	32.34	13.22
0	257	32.15	11.83
0	258	32.03	15.33
0	259	31.98	17.9
0	260	31.96	17.91
0	261	31.92	20.29
0	262	31.71	30.22
0	263	31.68	18.0
0	264	31.61	29.04
0	265	31.51	0.0
0	266	31.5	0.0
0	267	31.48	26.56
0	268	31.44	30.19
0	269	31.3	24.27
0	270	31.26	30.57
0	271	31.15	10.33
0	272	31.03	26.98
0	273	30.99	20.7
0	274	30.91	17.8
0	275	30.72	0.0
0	276	30.68	21.95
0	277	30.65	19.43
0	278	30.6	11.59
0	279	30.54	23.28
0	280	30.39	12.89
0	281	30.17	16.79
0	282	29.96	16.58
0	283	29.89	23.85
0	284	29.86	28.32
0	285	29.8	13.7
0	286	29.77	28.64
0	287	29.7	17.2
0	288	29.64	22.84
0	289	29.46	19.17
0	290	29.44	11.13
0	291	29.4	22.27
0	292	29.33	29.27
0	293	29.27	23.64
0	294	29.24	29.02
0	295	29.11	16.27
0	296	28.85	27.54
0	297	28.81	25.16
0	298	28.74	17.74
0	299	28.73	17.57
0	300	28.68	0.0
0	301	28.6	19.85
0	302	28.54	9.22
0	303	28.51	23.53
0	304	28.43	24.94
0	305	28.39	5.55
0	306	28.36	21.18
0	307	28.35	24.97
0	308	28.21	14.07
0	309	28.15	27.0
0	310	28.13	25.93
0	311	28.09	12.1
0	312	28.08	17.08
0	313	27.95	27.75
0	314	27.91	24.31
0	315	27.82	23.68
0	316	27.79	18.22
0	317	27.65	14.89
0	318	27.52	16.13
0	319	27.4	7.22
0	320	27.39	27.2
0	321	27.37	0.0
0	322	27.36	9.97
0	323	27.31	10.63
0	324	27.29	15.63
0	325	27.15	17.24
0	326	26.95	25.41
0	327	26.92	25.32
0	328	26.85	17.35
0	329	26.82	25.75
0	330	26.76	16.15
0	331	26.69	22.52
0	332	26.69	21.51
0	333	26.55	24.67
0	334	26.51	0.0
0	335	26.36	22.78
0	336	26.3	9.12
0	337	26.26	16.55
0	338	26.18	20.89
0	339	26.17	0.91
0	340	26.14	12.52
0	341	26.08	20.57
0	342	26.05	20.27
0	343	26.0	22.8
0	344	25.95	17.24
0	345	25.92	21.04
0	346	25.78	20.05
0	347	25.73	20.53
0	348	25.71	17.89
0	349	25.71	23.96
0	350	25.7	5.08
0	351	25.69	17.85
0	352	25.56	15.68
0	353	25.56	19.55
0	354	25.56	19.05
0	355	25.53	0.0
0	356	25.53	18.23
0	357	25.48	4.39
0	358	25.44	20.92
0	359	25.4	0.0
0	360	25.33	23.51
0	361	25.32	22.46
0	362	25.23	24.08
0	363	25.2	22.91
0	364	25.2	20.61
0	365	25.13	0.0
0	366	25.0	16.51
0	367	24.83	24.08
0	368	24.76	14.63
0	369	24.73	19.2
0	370	24.66	23.15
0	371	24.45	17.32
0	372	24.44	24.4
0	373	24.41	23.54
0	374	24.36	23.25
0	375	24.32	19.63
0	376	24.32	21.04
0	377	24.3	21.98
0	378	24.29	7.91
0	379	24.22	19.92
0	380	24.19	21.89
0	381	24.03	0.0
0	382	24.0	13.51
0	383	23.98	23.05
0	384	23.97	20.22
0	385	23.96	20.82
0	386	23.95	8.34
0	387	23.94	16.27
0	388	23.94	0.0
0	389	23.88	5.11
0	390	23.86	21.97
0	391	23.82	18.49
0	392	23.81	22.46
0	393	23.79	6.0
0	394	23.61	18.68
0	395	23.49	23.31
0	396	23.49	8.62
0	397	23.48	19.52
0	398	23.48	23.44
0	399	23.3	18.78
0	400	23.27	2.04
0	401	23.27	7.19
0	402	23.2	22.39
0	403	23.17	21.23
0	404	23.16	17.2
0	405	23.13	22.9
0	406	23.12	15.91
0	407	23.11	18.91
0	408	23.08	22.08
0	409	23.08	3.63
0	410	23.07	11.67
0	411	23.0	0.0
0	412	22.99	21.78
0	413	22.83	20.56
0	414	22.75	4.55
0	415	22.73	9.91
0	416	22.7	15.43
0	417	22.69	7.62
0	418	22.65	22.53
0	419	22.63	19.84
0	420	22.58	22.52
0	421	22.56	8.49
0	422	22.53	20.67
0	423	22.45	16.08
0	424	22.42	15.72
0	425	22.41	16.3
0	426	22.35	14.44
0	427	22.32	12.21
0	428	22.29	22.27
0	429	22.25	12.01
0	430	22.23	11.41
0	431	22.21	9.78
0	432	22.18	20.78
0	433	22.06	16.0
0	434	22.04	16.61
0	435	21.98	9.07
0	436	21.94	0.0
0	437	21.92	13.25
0	438	21.89	7.89
0	439	21.83	19.73
0	440	21.77	12.64
0	441	21.77	0.0
0	442	21.73	15.88
0	443	21.72	6.25
0	444	21.66	5.25
0	445	21.65	0.0
0	446	21.62	11.14
0	447	21.6	4.55
0	448	21.6	17.05
0	449	21.59	20.4
0	450	21.56	15.18
0	451	21.52	0.85
0	452	21.52	17.16
0	453	21.51	20.63
0	454	21.47	16.16
0	455	21.45	14.17
0	456	21.45	11.22
0	457	21.41	7.59
0	458	21.37	15.3
0	459	21.37	19.0
0	460	21.37	20.88
0	461	21.36	2.24
0	462	21.28	0.74
0	463	21.21	1.25
0	464	21.19	20.65
0	465	21.14	0.76
0	466	21.02	12.58
0	467	21.01	18.01
0	468	20.92	13.15
0	469	20.9	15.31
0	470	20.87	20.36
0	471	20.87	18.36
0	472	20.85	20.56
0	473	20.85	14.17
0	474	20.8	6.66
0	475	20.73	14.33
0	476	20.65	16.98
0	477	20.65	11.12
0	478	20.63	12.41
0	479	20.55	14.48
0	480	20.52	17.77
0	481	20.5	11.97
0	482	20.49	3.03
0	483	20.47	11.01
0	484	20.45	0.0
0	485	20.42	4.29
0	486	20.38	17.42
0	487	20.36	0.38
0	488	20.35	14.29
0	489	20.3	9.52
0	490	20.28	0.0
0	491	20.27	0.0
0	492	20.26	6.81
0	493	20.24	18.98
0	494	20.23	11.37
0	495	20.2	0.0
0	496	20.2	18.61
0	497	20.15	18.03
0	498	20.14	16.4
0	499	20.13	4.17
0	500	20.13	14.94
0	501	20.12	13.45
0	502	20.09	16.38
0	503	20.07	11.99
0	504	20.07	18.13
0	505	20.05	0.0
0	506	20.02	9.01
0	507	19.93	17.2
0	508	19.91	13.23
0	509	19.89	3.92
0	510	19.88	17.09
0	511	19.86	18.57
0	512	19.85	16.86
0	513	19.83	19.04
0	514	19.82	10.8
0	515	19.79	16.31
0	516	19.79	2.14
0	517	19.75	0.73
0	518	19.74	18.22
0	519	19.7	13.85
0	520	19.65	18.17
0	521	19.64	9.29
0	522	19.6	14.59
0	523	19.58	18.71
0	524	19.54	15.77
0	525	19.47	16.67
0	526	19.42	17.29
0	527	19.38	8.07
0	528	19.38	16.83
0	529	19.37	17.93
0	530	19.34	11.39
0	531	19.33	6.66
0	532	19.27	15.03
0	533	19.24	0.0
0	534	19.23	4.0
0	535	19.22	18.03
0	536	19.21	17.68
0	537	19.15	13.69
0	538	19.09	5.92
0	539	19.09	13.95
0	540	19.07	0.0
0	541	19.06	12.33
0	542	19.0	18.45
0	543	18.98	17.28
0	544	18.86	0.76
0	545	18.84	0.0
0	546	18.82	0.0
0	547	18.81	0.0
0	548	18.8	7.52
0	549	18.8	9.9
0	550	18.77	17.15
0	551	18.77	17.83
0	552	18.68	15.28
0	553	18.67	13.72
0	554	18.66	1.34
0	555	18.65	0.63
0	556	18.63	17.4
0	557	18.61	18.11
0	558	18.55	16.9
0	559	18.51	14.68
0	560	18.5	9.81
0	561	18.49	0.0
0	562	18.48	12.39
0	563	18.47	2.7
0	564	18.41	13.92
0	565	18.4	13.75
0	566	18.36	12.55
0	567	18.36	10.25
0	568	18.34	9.11
0	569	18.33	4.15
0	570	18.31	10.95
0	571	18.3	17.94
0	572	18.26	15.32
0	573	18.23	10.58
0	574	18.2	15.81
0	575	18.15	16.94
0	576	18.14	11.51
0	577	18.1	0.22
0	578	18.07	5.59
0	579	18.07	5.4
0	580	18.06	8.15
0	581	18.04	2.32
0	582	18.04	7.64
0	583	18.04	10.09
0	584	18.03	9.51
0	585	18.02	10.36
0	586	18.01	17.04
0	587	17.92	0.0
0	588	17.92	10.15
0	589	17.84	0.0
0	590	17.83	11.36
0	591	17.82	12.07
0	592	17.81	17.0
0	593	17.81	17.1
0	594	17.8	12.13
0	595	17.8	12.15
0	596	17.75	16.85
0	597	17.74	12.94
0	598	17.73	0.0
0	599	17.71	16.82
0	600	17.66	15.39
0	601	17.64	17.06
0	602	17.63	7.14
0	603	17.62	7.65
0	604	17.58	13.89
0	605	17.55	6.98
0	606	17.47	7.37
0	607	17.38	0.0
0	608	17.37	1.1
0	609	17.34	10.63
0	610	17.26	16.67
0	611	17.24	0.54
0	612	17.19	12.31
0	613	17.17	13.53
0	614	17.16	16.65
0	615	17.15	6.82
0	616	17.1	8.79
0	617	17.1	15.85
0	618	17.09	0.0
0	619	17.08	9.04
0	620	17.08	6.29
0	621	17.08	1.72
0	622	17.07	3.58
0	623	17.05	11.74
0	624	17.02	8.37
0	625	17.01	9.84
0	626	16.98	6.05
0	627	16.93	15.61
0	628	16.89	15.18
0	629	16.86	2.51
0	630	16.83	1.92
0	631	16.83	0.0
0	632	16.75	0.12
0	633	16.72	13.62
0	634	16.71	0.0
0	635	16.7	4.53
0	636	16.67	8.23
0	637	16.66	2.79
0	638	16.58	0.0
0	639	16.58	8.44
0	640	16.57	0.0
0	641	16.57	9.21
0	642	16.56	15.24
0	643	16.55	0.0
0	644	16.54	11.24
0	645	16.53	9.82
0	646	16.53	16.24
0	647	16.52	6.05
0	648	16.51	15.47
0	649	16.5	5.88
0	650	16.49	10.5
0	651	16.45	8.31
0	652	16.45	7.69
0	653	16.42	2.2
0	654	16.28	16.25
0	655	16.25	9.95
0	656	16.24	5.03
0	657	16.23	11.01
0	658	16.18	0.0
0	659	16.12	14.84
0	660	16.12	13.09
0	661	16.09	11.34
0	662	16.06	15.86
0	663	16.03	15.21
0	664	16.0	0.98
0	665	15.96	1.14
0	666	15.95	10.87
0	667	15.94	7.19
0	668	15.92	8.55
0	669	15.92	15.29
0	670	15.87	11.94
0	671	15.87	15.63
0	672	15.85	13.28
0	673	15.79	2.71
0	674	15.78	6.39
0	675	15.77	8.65
0	676	15.77	0.0
0	677	15.75	3.87
0	678	15.72	1.63
0	679	15.69	7.62
0	680	15.69	7.72
0	681	15.68	4.8
0	682	15.67	2.2
0	683	15.64	0.8
0	684	15.63	0.0
0	685	15.62	14.93
0	686	15.61	0.0
0	687	15.58	6.0
0	688	15.58	7.44
0	689	15.53	9.17
0	690	15.51	14.23
0	691	15.5	12.43
0	692	15.49	4.98
0	693	15.44	10.29
0	694	15.41	8.59
0	695	15.37	0.0
0	696	15.36	6.26
0	697	15.36	0.0
0	698	15.35	7.06
0	699	15.31	8.74
0	700	15.3	11.26
0	701	15.27	5.24
0	702	15.26	0.0
0	703	15.25	13.24
0	704	15.25	13.45
0	705	15.23	10.05
0	706	15.21	6.54
0	707	15.21	13.62
0	708	15.16	2.49
0	709	15.13	13.67
0	710	15.11	14.17
0	711	15.07	11.26
0	712	15.03	7.89
0	713	15.03	13.05
0	714	15.03	0.0
0	715	15.02	2.19
0	716	15.02	8.87
0	717	15.0	3.15
0	718	14.96	4.14
0	719	14.92	13.71
0	720	14.88	0.0
0	721	14.88	12.17
0	722	14.87	0.84
0	723	14.82	3.88
0	724	14.77	14.67
0	725	14.74	12.07
0	726	14.73	0.0
0	727	14.7	8.01
0	728	14.67	4.18
0	729	14.62	8.7
0	730	14.59	3.32
0	731	14.57	14.54
0	732	14.57	0.0
0	733	14.55	8.07
0	734	14.54	12.75
0	735	14.52	11.93
0	736	14.5	4.17
0	737	14.49	0.0
0	738	14.49	5.46
0	739	14.47	0.83
0	740	14.46	14.03
0	741	14.44	11.06
0	742	14.43	13.57
0	743	14.42	12.98
0	744	14.42	2.6
0	745	14.41	7.59
0	746	14.39	5.79
0	747	14.39	13.42
0	748	14.36	0.0
0	749	14.34	6.14
0	750	14.34	1.4
0	751	14.31	10.38
0	752	14.29	14.21
0	753	14.25	11.98
0	754	14.23	11.72
0	755	14.22	6.2
0	756	14.22	0.0
0	757	14.19	4.77
0	758	14.18	12.25
0	759	14.17	12.4
0	760	14.16	9.88
0	761	14.14	5.32
0	762	14.12	3.56
0	763	14.09	0.0
0	764	14.04	3.45
0	765	14.03	9.64
0	766	13.99	12.35
0	767	13.99	3.41
0	768	13.98	2.6
0	769	13.98	8.68
0	770	13.94	8.21
0	771	13.93	11.07
0	772	13.93	5.9
0	773	13.91	11.36
0	774	13.88	9.92
0	775	13.84	8.37
0	776	13.84	0.0
0	777	13.78	3.17
0	778	13.78	0.0
0	779	13.75	0.0
0	780	13.71	8.46
0	781	13.71	11.39
0	782	13.68	0.0
0	783	13.67	0.2
0	784	13.65	3.39
0	785	13.65	0.0
0	786	13.64	12.15
0	787	13.63	4.2
0	788	13.6	0.0
0	789	13.55	0.0
0	790	13.45	12.77
0	791	13.43	5.62
0	792	13.42	0.0
0	793	13.41	10.59
0	794	13.39	5.54
0	795	13.37	0.0
0	796	13.37	12.05
0	797	13.34	8.71
0	798	13.3	0.0
0	799	13.29	11.85
0	800	13.27	12.64
0	801	13.23	0.0
0	802	13.21	7.39
0	803	13.18	0.0
0	804	13.15	0.0
0	805	13.15	10.3
0	806	13.14	2.5
0	807	13.1	10.48
0	808	13.07	3.58
0	809	13.05	7.53
0	810	13.05	4.4
0	811	13.05	3.16
0	812	13.05	7.6
0	813	13.04	0.0
0	814	13.04	0.0
0	815	13.03	4.65
0	816	13.0	3.75
0	817	12.98	0.0
0	818	12.96	9.71
0	819	12.94	12.25
0	820	12.87	0.0
0	821	12.87	3.29
0	822	12.86	8.65
0	823	12.86	8.53
0	824	12.84	1.75
0	825	12.78	11.86
0	826	12.78	3.01
0	827	12.73	4.12
0	828	12.73	0.64
0	829	12.72	0.0
0	830	12.71	5.94
0	831	12.69	0.0
0	832	12.65	0.0
0	833	12.65	12.64
0	834	12.64	11.59
0	835	12.62	10.68
0	836	12.57	5.59
0	837	12.57	11.91
0	838	12.55	0.0
0	839	12.53	11.55
0	840	12.52	7.91
0	841	12.49	0.0
0	842	12.48	0.0
0	843	12.43	0.0
0	844	12.41	1.51
0	845	12.38	10.28
0	846	12.38	0.0
0	847	12.37	0.0
0	848	12.37	9.54
0	849	12.33	12.19
0	850	12.28	4.87
0	851	12.21	8.45
0	852	12.18	4.54
0	853	12.17	9.31
0	854	12.13	0.0
0	855	12.11	1.42
0	856	12.09	7.05
0	857	12.09	0.0
0	858	12.05	9.02
0	859	12.01	9.3
0	860	11.99	7.27
0	861	11.96	1.17
0	862	11.95	10.39
0	863	11.95	9.14
0	864	11.94	4.65
0	865	11.93	0.0
0	866	11.93	7.9
0	867	11.92	0.0
0	868	11.89	0.0
0	869	11.88	8.07
0	870	11.88	6.96
0	871	11.87	2.19
0	872	11.81	0.0
0	873	11.81	0.0
0	874	11.81	4.69
0	875	11.8	5.68
0	876	11.8	6.63
0	877	11.77	0.0
0	878	11.75	0.0
0	879	11.74	0.0
0	880	11.72	9.01
0	881	11.69	0.0
0	882	11.69	8.39
0	883	11.68	2.13
0	884	11.67	5.95
0	885	11.66	11.18
0	886	11.66	0.0
0	887	11.66	3.43
0	888	11.62	0.0
0	889	11.6	3.94
0	890	11.6	7.12
0	891	11.57	2.48
0	892	11.56	0.0
0	893	11.55	0.0
0	894	11.55	3.01
0	895	11.52	7.78
0	896	11.49	4.44
0	897	11.48	0.0
0	898	11.37	0.0
0	899	11.36	10.87
0	900	11.36	10.88
0	901	11.29	5.11
0	902	11.24	0.0
0	903	11.21	0.0
0	904	11.2	8.93
0	905	11.2	0.0
0	906	11.18	11.06
0	907	11.16	7.73
0	908	11.16	9.75
0	909	11.16	9.15
0	910	11.15	2.04
0	911	11.15	0.0
0	912	11.15	0.0
0	913	11.12	2.51
0	914	11.08	0.0
0	915	11.05	8.22
0	916	11.04	0.0
0	917	11.03	1.63
0	918	11.03	0.64
0	919	11.02	9.66
0	920	11.0	8.7
0	921	10.99	0.16
0	922	10.98	0.0
0	923	10.98	6.85
0	924	10.98	0.0
0	925	10.96	4.34
0	926	10.95	4.15
0	927	10.84	8.55
0	928	10.83	9.52
0	929	10.82	0.7
0	930	10.8	0.0
0	931	10.8	0.0
0	932	10.8	0.0
0	933	10.78	0.0
0	934	10.76	0.0
0	935	10.76	2.61
0	936	10.74	3.0
0	937	10.74	0.0
0	938	10.71	0.0
0	939	10.66	3.19
0	940	10.66	6.99
0	941	10.64	7.38
0	942	10.6	0.0
0	943	10.59	9.5
0	944	10.56	4.65
0	945	10.55	8.1
0	946	10.54	0.0
0	947	10.49	0.0
0	948	10.48	0.49
0	949	10.46	3.05
0	950	10.45	7.5
0	951	10.42	0.0
0	952	10.41	1.94
0	953	10.4	0.02
0	954	10.4	0.95
0	955	10.38	5.43
0	956	10.38	8.57
0	957	10.37	2.08
0	958	10.36	0.0
0	959	10.34	0.0
0	960	10.31	0.0
0	961	10.3	9.69
0	962	10.3	0.0
0	963	10.3	9.6
0	964	10.27	0.0
0	965	10.24	0.0
0	966	10.24	1.11
0	967	10.22	0.0
0	968	10.21	7.8
0	969	10.2	6.33
0	970	10.19	10.01
0	971	10.16	2.89
0	972	10.11	0.0
0	973	10.1	0.0
0	974	10.08	2.92
0	975	10.07	4.79
0	976	10.06	8.31
0	977	10.06	8.02
0	978	10.05	9.56
0	979	10.03	0.0
0	980	10.03	0.0
0	981	10.01	0.0
0	982	10.01	8.98
0	983	9.99	0.0
0	984	9.99	0.42
0	985	9.99	9.27
0	986	9.99	0.0
0	987	9.96	9.09
0	988	9.93	6.49
0	989	9.93	5.35
0	990	9.91	0.0
0	991	9.89	0.0
0	992	9.88	6.85
0	993	9.87	7.5
0	994	9.87	0.0
0	995	9.8	0.0
0	996	9.77	0.0
0	997	9.75	6.79
0	998	9.74	9.7
0	999	9.73	2.46
0	1000	9.72	0.0
0	1001	9.7	5.88
0	1002	9.69	0.0
0	1003	9.69	9.39
0	1004	9.66	6.42
0	1005	9.64	7.41
0	1006	9.63	0.0
0	1007	9.61	0.0
0	1008	9.57	4.71
0	1009	9.54	7.58
0	1010	9.53	1.01
0	1011	9.53	7.6
0	1012	9.51	7.82
0	1013	9.5	0.0
0	1014	9.47	4.0
0	1015	9.47	9.4
0	1016	9.43	8.39
0	1017	9.43	0.0
0	1018	9.43	5.25
0	1019	9.43	0.19
0	1020	9.4	7.47
0	1021	9.38	5.04
0	1022	9.35	2.97
0	1023	9.34	2.81
0	1024	9.29	0.0
0	1025	9.29	6.87
0	1026	9.24	0.0
0	1027	9.23	5.29
0	1028	9.23	0.0
0	1029	9.23	0.44
0	1030	9.23	7.09
0	1031	9.22	0.0
0	1032	9.21	0.0
0	1033	9.17	7.5
0	1034	9.15	8.99
0	1035	9.14	0.58
0	1036	9.14	8.75
0	1037	9.12	0.0
0	1038	9.1	0.0
0	1039	9.07	6.21
0	1040	9.07	6.66
0	1041	9.05	0.0
0	1042	9.03	6.27
0	1043	9.02	8.88
0	1044	9.01	4.37
0	1045	9.0	0.0
0	1046	8.97	6.49
0	1047	8.96	3.22
0	1048	8.95	0.0
0	1049	8.93	0.0
0	1050	8.93	0.0
0	1051	8.93	0.0
0	1052	8.92	7.73
0	1053	8.91	4.81
0	1054	8.9	0.66
0	1055	8.88	0.0
0	1056	8.82	0.0
0	1057	8.75	5.48
0	1058	8.75	8.65
0	1059	8.72	3.86
0	1060	8.72	0.0
0	1061	8.72	4.52
0	1062	8.7	0.0
0	1063	8.69	7.39
0	1064	8.66	3.01
0	1065	8.65	6.02
0	1066	8.64	0.58
0	1067	8.63	4.63
0	1068	8.6	7.21
0	1069	8.58	0.0
0	1070	8.57	1.08
0	1071	8.54	0.0
0	1072	8.48	4.62
0	1073	8.47	3.19
0	1074	8.46	3.31
0	1075	8.45	0.0
0	1076	8.43	6.73
0	1077	8.41	7.48
0	1078	8.4	0.0
0	1079	8.39	0.0
0	1080	8.39	7.16
0	1081	8.32	0.0
0	1082	8.31	7.27
0	1083	8.3	6.16
0	1084	8.29	0.0
0	1085	8.29	0.0
0	1086	8.29	2.07
0	1087	8.28	0.35
0	1088	8.27	0.0
0	1089	8.27	5.34
0	1090	8.26	0.22
0	1091	8.24	4.07
0	1092	8.23	3.51
0	1093	8.22	0.0
0	1094	8.2	0.0
0	1095	8.19	3.0
0	1096	8.19	5.72
0	1097	8.18	1.07
0	1098	8.15	5.12
0	1099	8.14	4.84
0	1100	8.14	0.0
0	1101	8.14	0.0
0	1102	8.13	0.0
0	1103	8.12	1.46
0	1104	8.12	0.0
0	1105	8.11	0.0
0	1106	8.1	0.0
0	1107	8.1	0.0
0	1108	8.08	3.58
0	1109	8.08	2.28
0	1110	8.07	8.06
0	1111	8.06	0.0
0	1112	8.05	2.59
0	1113	8.03	1.18
0	1114	8.01	6.91
0	1115	7.99	7.6
0	1116	7.94	6.26
0	1117	7.93	0.0
0	1118	7.92	1.79
0	1119	7.89	0.0
0	1120	7.88	0.8
0	1121	7.83	0.0
0	1122	7.83	5.63
0	1123	7.82	0.0
0	1124	7.81	1.64
0	1125	7.78	0.0
0	1126	7.77	0.0
0	1127	7.75	1.55
0	1128	7.72	0.0
0	1129	7.7	0.0
0	1130	7.69	0.0
0	1131	7.67	1.31
0	1132	7.66	0.0
0	1133	7.66	5.94
0	1134	7.65	6.07
0	1135	7.63	0.0
0	1136	7.58	0.0
0	1137	7.58	6.82
0	1138	7.57	0.0
0	1139	7.56	1.42
0	1140	7.55	2.53
0	1141	7.55	0.0
0	1142	7.54	0.0
0	1143	7.54	0.75
0	1144	7.53	3.18
0	1145	7.51	0.0
0	1146	7.5	0.94
0	1147	7.47	3.75
0	1148	7.45	0.0
0	1149	7.45	0.0
0	1150	7.45	0.25
0	1151	7.44	1.63
0	1152	7.43	6.84
0	1153	7.43	0.0
0	1154	7.42	1.8
0	1155	7.42	0.0
0	1156	7.42	0.47
0	1157	7.39	2.1
0	1158	7.38	1.0
0	1159	7.37	4.44
0	1160	7.35	0.53
0	1161	7.33	0.0
0	1162	7.31	5.35
0	1163	7.3	0.0
0	1164	7.29	0.0
0	1165	7.29	0.0
0	1166	7.28	0.0
0	1167	7.26	6.91
0	1168	7.24	1.07
0	1169	7.23	0.0
0	1170	7.23	0.0
0	1171	7.22	0.0
0	1172	7.22	0.4
0	1173	7.21	0.0
0	1174	7.21	0.87
0	1175	7.19	0.0
0	1176	7.18	0.0
0	1177	7.16	6.96
0	1178	7.15	0.01
0	1179	7.15	5.71
0	1180	7.15	0.0
0	1181	7.14	2.27
0	1182	7.08	0.0
0	1183	7.07	0.0
0	1184	7.06	1.4
0	1185	7.04	0.0
0	1186	7.03	5.16
0	1187	7.03	1.74
0	1188	7.02	3.24
0	1189	7.0	2.72
0	1190	7.0	0.0
0	1191	6.99	0.0
0	1192	6.99	1.77
0	1193	6.98	1.18
0	1194	6.96	0.0
0	1195	6.95	0.0
0	1196	6.95	0.0
0	1197	6.92	2.07
0	1198	6.89	0.0
0	1199	6.88	0.0
0	1200	6.86	0.0
0	1201	6.84	0.0
0	1202	6.82	4.53
0	1203	6.79	0.0
0	1204	6.75	0.0
0	1205	6.74	1.41
0	1206	6.74	1.1
0	1207	6.73	3.95
0	1208	6.72	0.0
0	1209	6.71	4.73
0	1210	6.69	0.0
0	1211	6.68	0.0
0	1212	6.67	0.0
0	1213	6.65	0.0
0	1214	6.61	0.0
0	1215	6.61	0.0
0	1216	6.6	0.0
0	1217	6.59	0.0
0	1218	6.58	0.0
0	1219	6.58	4.74
0	1220	6.58	2.07
0	1221	6.56	0.0
0	1222	6.54	4.92
0	1223	6.54	5.42
0	1224	6.54	3.68
0	1225	6.53	0.0
0	1226	6.51	4.27
0	1227	6.47	0.0
0	1228	6.46	0.0
0	1229	6.44	0.0
0	1230	6.4	0.0
0	1231	6.4	6.05
0	1232	6.39	0.0
0	1233	6.38	2.16
0	1234	6.37	1.48
0	1235	6.35	1.44
0	1236	6.35	0.0
0	1237	6.35	5.69
0	1238	6.32	0.0
0	1239	6.28	6.21
0	1240	6.28	1.0
0	1241	6.27	3.11
0	1242	6.27	0.0
0	1243	6.26	0.0
0	1244	6.24	0.0
0	1245	6.24	0.0
0	1246	6.22	6.15
0	1247	6.2	0.0
0	1248	6.2	2.99
0	1249	6.19	0.0
0	1250	6.19	0.0
0	1251	6.19	3.37
0	1252	6.17	0.0
0	1253	6.17	0.0
0	1254	6.14	2.48
0	1255	6.13	6.08
0	1256	6.11	0.0
0	1257	6.11	5.24
0	1258	6.11	0.0
0	1259	6.03	0.0
0	1260	6.02	0.0
0	1261	6.02	0.0
0	1262	6.01	2.48
0	1263	6.0	2.66
0	1264	5.98	5.81
0	1265	5.98	3.01
0	1266	5.96	2.88
0	1267	5.96	4.12
0	1268	5.95	1.83
0	1269	5.93	0.0
0	1270	5.93	0.0
0	1271	5.92	0.0
0	1272	5.92	1.54
0	1273	5.9	0.0
0	1274	5.9	0.0
0	1275	5.88	0.95
0	1276	5.88	0.0
0	1277	5.87	5.25
0	1278	5.86	1.43
0	1279	5.85	0.0
0	1280	5.85	0.0
0	1281	5.85	0.0
0	1282	5.84	0.0
0	1283	5.83	0.0
0	1284	5.83	5.34
0	1285	5.81	0.0
0	1286	5.8	2.23
0	1287	5.8	0.49
0	1288	5.76	0.0
0	1289	5.76	0.0
0	1290	5.75	0.0
0	1291	5.75	0.53
0	1292	5.73	4.44
0	1293	5.73	0.0
0	1294	5.73	0.0
0	1295	5.72	0.73
0	1296	5.68	4.98
0	1297	5.67	0.0
0	1298	5.67	2.78
0	1299	5.65	0.0
0	1300	5.65	3.51
0	1301	5.63	0.0
0	1302	5.6	0.0
0	1303	5.6	0.0
0	1304	5.59	2.01
0	1305	5.58	5.47
0	1306	5.58	5.24
0	1307	5.56	4.21
0	1308	5.55	4.33
0	1309	5.51	4.46
0	1310	5.5	3.77
0	1311	5.5	4.74
0	1312	5.49	0.0
0	1313	5.49	3.42
0	1314	5.49	0.0
0	1315	5.47	3.81
0	1316	5.46	0.0
0	1317	5.46	3.18
0	1318	5.42	0.0
0	1319	5.41	0.0
0	1320	5.4	1.93
0	1321	5.38	2.33
0	1322	5.38	0.0
0	1323	5.37	0.0
0	1324	5.35	0.0
0	1325	5.34	1.64
0	1326	5.33	0.0
0	1327	5.32	0.0
0	1328	5.31	0.0
0	1329	5.31	0.0
0	1330	5.3	0.0
0	1331	5.29	0.0
0	1332	5.27	0.0
0	1333	5.26	0.0
0	1334	5.26	1.12
0	1335	5.24	0.02
0	1336	5.23	0.0
0	1337	5.22	0.0
0	1338	5.22	0.0
0	1339	5.2	0.65
0	1340	5.19	0.0
0	1341	5.17	0.0
0	1342	5.16	0.45
0	1343	5.16	0.0
0	1344	5.15	0.0
0	1345	5.15	0.84
0	1346	5.15	4.9
0	1347	5.14	0.0
0	1348	5.14	0.0
0	1349	5.13	0.0
0	1350	5.1	0.0
0	1351	5.09	3.66
0	1352	5.07	4.29
0	1353	5.06	0.0
0	1354	5.06	0.75
0	1355	5.04	3.09
0	1356	5.04	0.0
0	1357	5.03	0.0
0	1358	5.03	0.0
0	1359	5.03	0.0
0	1360	5.02	0.0
0	1361	5.01	4.61
0	1362	5.0	0.0
0	1363	5.0	0.0
0	1364	5.0	0.0
0	1365	4.98	0.0
0	1366	4.97	0.0
0	1367	4.96	0.0
0	1368	4.95	0.0
0	1369	4.95	1.55
0	1370	4.94	4.1
0	1371	4.92	4.08
0	1372	4.91	2.3
0	1373	4.9	0.0
0	1374	4.9	2.85
0	1375	4.88	2.84
0	1376	4.88	0.0
0	1377	4.88	0.0
0	1378	4.88	4.62
0	1379	4.88	0.0
0	1380	4.87	0.0
0	1381	4.86	0.0
0	1382	4.85	0.0
0	1383	4.84	0.32
0	1384	4.83	1.18
0	1385	4.82	0.0
0	1386	4.82	4.02
0	1387	4.78	0.0
0	1388	4.78	0.0
0	1389	4.77	0.0
0	1390	4.77	2.93
0	1391	4.77	0.0
0	1392	4.75	4.3
0	1393	4.72	0.0
0	1394	4.72	0.0
0	1395	4.69	0.17
0	1396	4.67	0.53
0	1397	4.67	0.0
0	1398	4.66	2.67
0	1399	4.66	3.43
0	1400	4.65	0.64
0	1401	4.65	4.09
0	1402	4.65	0.0
0	1403	4.64	0.0
0	1404	4.62	0.0
0	1405	4.62	3.9
0	1406	4.62	0.0
0	1407	4.61	4.57
0	1408	4.6	0.0
0	1409	4.59	0.0
0	1410	4.59	0.0
0	1411	4.57	0.0
0	1412	4.57	0.0
0	1413	4.55	3.18
0	1414	4.53	0.23
0	1415	4.52	0.0
0	1416	4.5	0.0
0	1417	4.5	0.0
0	1418	4.5	0.0
0	1419	4.48	4.27
0	1420	4.48	1.7
0	1421	4.46	2.02
0	1422	4.43	0.0
0	1423	4.42	2.51
0	1424	4.42	2.77
0	1425	4.41	0.0
0	1426	4.4	0.0
0	1427	4.38	0.0
0	1428	4.38	0.0
0	1429	4.38	3.59
0	1430	4.37	1.06
0	1431	4.36	0.0
0	1432	4.35	0.0
0	1433	4.33	0.84
0	1434	4.33	0.0
0	1435	4.32	0.29
0	1436	4.32	0.0
0	1437	4.28	0.0
0	1438	4.28	2.83
0	1439	4.22	0.0
0	1440	4.22	0.0
0	1441	4.21	0.0
0	1442	4.19	0.0
0	1443	4.18	0.0
0	1444	4.18	3.99
0	1445	4.18	0.0
0	1446	4.17	2.44
0	1447	4.17	0.0
0	1448	4.14	0.0
0	1449	4.13	2.09
0	1450	4.13	0.0
0	1451	4.1	3.65
0	1452	4.09	0.0
0	1453	4.09	1.66
0	1454	4.07	0.0
0	1455	4.05	0.0
0	1456	4.02	2.87
0	1457	4.02	3.77
0	1458	4.01	0.0
0	1459	4.0	0.0
0	1460	3.99	0.0
0	1461	3.99	0.0
0	1462	3.98	0.0
0	1463	3.98	3.9
0	1464	3.96	3.49
0	1465	3.96	0.0
0	1466	3.94	0.92
0	1467	3.93	3.51
0	1468	3.93	0.0
0	1469	3.93	0.0
0	1470	3.92	0.0
0	1471	3.92	0.0
0	1472	3.92	0.0
0	1473	3.91	0.77
0	1474	3.91	0.0
0	1475	3.91	3.76
0	1476	3.9	0.0
0	1477	3.9	0.0
0	1478	3.89	0.0
0	1479	3.88	3.49
0	1480	3.86	0.0
0	1481	3.86	0.0
0	1482	3.86	0.0
0	1483	3.85	0.0
0	1484	3.83	0.0
0	1485	3.79	2.28
0	1486	3.78	3.76
0	1487	3.78	3.45
0	1488	3.77	1.72
0	1489	3.74	3.25
0	1490	3.74	0.0
0	1491	3.73	0.0
0	1492	3.71	3.07
0	1493	3.67	0.0
0	1494	3.67	0.0
0	1495	3.66	3.43
0	1496	3.64	0.0
0	1497	3.62	1.15
0	1498	3.62	0.0
0	1499	3.61	0.04
0	1500	3.57	0.0
0	1501	3.56	0.0
0	1502	3.55	0.0
0	1503	3.55	1.68
0	1504	3.54	0.0
0	1505	3.54	0.27
0	1506	3.53	1.01
0	1507	3.52	0.0
0	1508	3.51	3.36
0	1509	3.51	0.0
0	1510	3.51	0.0
0	1511	3.51	0.0
0	1512	3.5	0.0
0	1513	3.49	0.0
0	1514	3.49	0.0
0	1515	3.49	0.0
0	1516	3.44	1.19
0	1517	3.43	0.0
0	1518	3.42	0.41
0	1519	3.41	0.0
0	1520	3.4	0.0
0	1521	3.39	0.0
0	1522	3.38	1.19
0	1523	3.38	2.62
0	1524	3.36	0.0
0	1525	3.34	0.0
0	1526	3.34	0.0
0	1527	3.33	0.0
0	1528	3.32	0.0
0	1529	3.32	0.0
0	1530	3.32	0.0
0	1531	3.31	0.77
0	1532	3.3	0.55
0	1533	3.3	0.0
0	1534	3.29	0.56
0	1535	3.29	0.0
0	1536	3.29	0.0
0	1537	3.27	0.0
0	1538	3.26	1.48
0	1539	3.26	0.0
0	1540	3.23	2.2
0	1541	3.21	0.0
0	1542	3.21	1.79
0	1543	3.2	0.58
0	1544	3.19	2.2
0	1545	3.18	0.0
0	1546	3.18	0.0
0	1547	3.16	0.0
0	1548	3.16	0.0
0	1549	3.15	0.0
0	1550	3.14	0.0
0	1551	3.13	0.0
0	1552	3.11	0.0
0	1553	3.09	0.0
0	1554	3.09	0.0
0	1555	3.09	0.0
0	1556	3.08	1.69
0	1557	3.07	3.03
0	1558	3.07	0.0
0	1559	3.07	0.0
0	1560	3.06	0.0
0	1561	3.06	0.0
0	1562	3.04	0.0
0	1563	3.03	3.0
0	1564	3.01	0.0
0	1565	3.0	0.0
0	1566	2.98	0.0
0	1567	2.97	0.0
0	1568	2.97	1.52
0	1569	2.96	0.0
0	1570	2.95	0.0
0	1571	2.95	0.0
0	1572	2.95	0.0
0	1573	2.94	0.0
0	1574	2.93	0.0
0	1575	2.92	0.0
0	1576	2.91	0.0
0	1577	2.89	0.0
0	1578	2.88	0.0
0	1579	2.87	0.0
0	1580	2.87	0.0
0	1581	2.87	0.0
0	1582	2.85	0.0
0	1583	2.85	0.0
0	1584	2.84	0.0
0	1585	2.84	0.0
0	1586	2.82	0.0
0	1587	2.81	0.0
0	1588	2.81	0.0
0	1589	2.8	0.58
0	1590	2.8	2.47
0	1591	2.77	2.06
0	1592	2.77	0.0
0	1593	2.77	0.0
0	1594	2.76	0.0
0	1595	2.76	0.0
0	1596	2.76	0.0
0	1597	2.75	1.83
0	1598	2.74	1.07
0	1599	2.71	0.0
0	1600	2.69	0.0
0	1601	2.67	0.0
0	1602	2.67	0.02
0	1603	2.66	0.0
0	1604	2.66	0.0
0	1605	2.66	2.6
0	1606	2.64	0.0
0	1607	2.64	2.44
0	1608	2.61	2.4
0	1609	2.6	0.0
0	1610	2.6	0.0
0	1611	2.59	0.0
0	1612	2.58	0.0
0	1613	2.58	0.0
0	1614	2.56	0.0
0	1615	2.56	0.0
0	1616	2.55	0.0
0	1617	2.53	0.0
0	1618	2.52	0.0
0	1619	2.5	0.0
0	1620	2.5	0.0
0	1621	2.5	0.0
0	1622	2.5	0.0
0	1623	2.44	0.0
0	1624	2.43	0.0
0	1625	2.43	0.0
0	1626	2.41	0.0
0	1627	2.4	1.56
0	1628	2.38	0.76
0	1629	2.36	0.0
0	1630	2.36	0.0
0	1631	2.36	0.0
0	1632	2.35	0.86
0	1633	2.34	0.0
0	1634	2.33	0.0
0	1635	2.31	0.0
0	1636	2.3	0.0
0	1637	2.3	0.25
0	1638	2.29	0.0
0	1639	2.29	0.8
0	1640	2.27	2.08
0	1641	2.27	0.0
0	1642	2.26	0.0
0	1643	2.26	0.0
0	1644	2.26	0.0
0	1645	2.25	0.0
0	1646	2.24	0.0
0	1647	2.23	0.0
0	1648	2.23	0.0
0	1649	2.2	2.08
0	1650	2.18	0.0
0	1651	2.18	0.0
0	1652	2.17	0.16
0	1653	2.15	0.86
0	1654	2.15	1.24
0	1655	2.14	0.0
0	1656	2.12	0.0
0	1657	2.12	0.0
0	1658	2.11	0.0
0	1659	2.1	0.0
0	1660	2.08	0.0
0	1661	2.07	0.6
0	1662	2.06	0.0
0	1663	2.03	0.0
0	1664	2.03	0.0
0	1665	2.01	0.0
0	1666	2.01	0.0
0	1667	2.0	0.0
0	1668	1.99	0.0
0	1669	1.98	0.0
0	1670	1.97	0.0
0	1671	1.97	0.0
0	1672	1.97	0.0
0	1673	1.97	0.0
0	1674	1.96	0.0
0	1675	1.96	0.0
0	1676	1.96	0.0
0	1677	1.95	0.0
0	1678	1.95	0.0
0	1679	1.94	0.0
0	1680	1.93	0.0
0	1681	1.92	1.84
0	1682	1.92	0.0
0	1683	1.91	0.0
0	1684	1.91	0.0
0	1685	1.9	0.95
0	1686	1.89	0.0
0	1687	1.87	0.0
0	1688	1.87	1.07
0	1689	1.86	1.33
0	1690	1.85	1.47
0	1691	1.85	0.0
0	1692	1.85	0.0
0	1693	1.81	0.0
0	1694	1.81	0.0
0	1695	1.81	0.25
0	1696	1.8	0.0
0	1697	1.79	0.0
0	1698	1.79	1.12
0	1699	1.76	0.0
0	1700	1.76	0.0
0	1701	1.73	1.44
0	1702	1.73	0.0
0	1703	1.72	0.0
0	1704	1.72	0.0
0	1705	1.71	0.0
0	1706	1.7	0.0
0	1707	1.7	0.0
0	1708	1.69	0.0
0	1709	1.67	0.0
0	1710	1.67	0.0
0	1711	1.66	0.0
0	1712	1.66	0.0
0	1713	1.66	0.0
0	1714	1.65	0.0
0	1715	1.64	0.0
0	1716	1.64	0.0
0	1717	1.62	0.0
0	1718	1.61	0.0
0	1719	1.6	0.0
0	1720	1.6	0.0
0	1721	1.59	0.12
0	1722	1.59	0.0
0	1723	1.58	0.0
0	1724	1.58	1.57
0	1725	1.57	0.0
0	1726	1.57	0.0
0	1727	1.55	1.03
0	1728	1.55	1.16
0	1729	1.53	0.0
0	1730	1.52	0.0
0	1731	1.51	0.0
0	1732	1.5	0.0
0	1733	1.48	0.06
0	1734	1.47	0.0
0	1735	1.46	0.0
0	1736	1.46	0.11
0	1737	1.45	0.49
0	1738	1.44	0.0
0	1739	1.44	0.0
0	1740	1.44	0.0
0	1741	1.42	0.76
0	1742	1.41	0.0
0	1743	1.4	0.0
0	1744	1.38	0.0
0	1745	1.38	0.0
0	1746	1.38	0.0
0	1747	1.37	0.06
0	1748	1.37	0.0
0	1749	1.37	0.0
0	1750	1.37	0.0
0	1751	1.36	0.0
0	1752	1.35	0.0
0	1753	1.35	0.0
0	1754	1.34	0.37
0	1755	1.3	1.09
0	1756	1.28	0.0
0	1757	1.28	0.0
0	1758	1.28	0.0
0	1759	1.27	0.0
0	1760	1.25	0.0
0	1761	1.25	0.0
0	1762	1.24	0.0
0	1763	1.24	0.0
0	1764	1.24	0.0
0	1765	1.23	0.0
0	1766	1.23	0.0
0	1767	1.22	0.0
0	1768	1.21	0.52
0	1769	1.21	0.43
0	1770	1.21	0.56
0	1771	1.2	0.0
0	1772	1.19	0.0
0	1773	1.19	1.11
0	1774	1.18	0.0
0	1775	1.17	0.0
0	1776	1.14	0.0
0	1777	1.14	0.0
0	1778	1.13	0.0
0	1779	1.13	0.0
0	1780	1.13	0.0
0	1781	1.13	0.0
0	1782	1.12	0.0
0	1783	1.12	0.0
0	1784	1.1	0.0
0	1785	1.09	0.0
0	1786	1.09	0.0
0	1787	1.09	0.0
0	1788	1.07	0.0
0	1789	1.07	0.0
0	1790	1.06	0.0
0	1791	1.06	0.0
0	1792	1.05	0.0
0	1793	1.05	0.0
0	1794	1.04	0.0
0	1795	1.04	0.0
0	1796	1.04	0.0
0	1797	1.01	0.0
0	1798	1.01	0.0
0	1799	1.0	0.0
0	1800	1.0	0.0
0	1801	1.0	0.0
0	1802	0.99	0.0
0	1803	0.99	0.0
0	1804	0.99	0.0
0	1805	0.98	0.0
0	1806	0.96	0.0
0	1807	0.95	0.0
0	1808	0.94	0.0
0	1809	0.94	0.0
0	1810	0.94	0.0
0	1811	0.92	0.0
0	1812	0.92	0.0
0	1813	0.91	0.0
0	1814	0.91	0.0
0	1815	0.9	0.26
0	1816	0.9	0.0
0	1817	0.9	0.0
0	1818	0.9	0.0
0	1819	0.9	0.0
0	1820	0.89	0.0
0	1821	0.88	0.0
0	1822	0.88	0.0
0	1823	0.86	0.0
0	1824	0.85	0.0
0	1825	0.85	0.0
0	1826	0.85	0.0
0	1827	0.84	0.0
0	1828	0.84	0.0
0	1829	0.83	0.0
0	1830	0.82	0.0
0	1831	0.8	0.0
0	1832	0.8	0.0
0	1833	0.79	0.0
0	1834	0.79	0.0
0	1835	0.78	0.0
0	1836	0.78	0.0
0	1837	0.77	0.0
0	1838	0.77	0.0
0	1839	0.74	0.0
0	1840	0.74	0.0
0	1841	0.74	0.03
0	1842	0.72	0.0
0	1843	0.72	0.0
0	1844	0.71	0.23
0	1845	0.7	0.0
0	1846	0.69	0.0
0	1847	0.69	0.0
0	1848	0.67	0.0
0	1849	0.67	0.0
0	1850	0.65	0.0
0	1851	0.64	0.0
0	1852	0.64	0.0
0	1853	0.64	0.48
0	1854	0.62	0.0
0	1855	0.62	0.0
0	1856	0.61	0.0
0	1857	0.61	0.0
0	1858	0.6	0.0
0	1859	0.6	0.0
0	1860	0.6	0.0
0	1861	0.58	0.0
0	1862	0.58	0.0
0	1863	0.56	0.47
0	1864	0.56	0.0
0	1865	0.56	0.0
0	1866	0.56	0.0
0	1867	0.56	0.0
0	1868	0.54	0.0
0	1869	0.52	0.0
0	1870	0.51	0.0
0	1871	0.48	0.0
0	1872	0.47	0.0
0	1873	0.46	0.0
0	1874	0.44	0.0
0	1875	0.42	0.0
0	1876	0.41	0.0
0	1877	0.41	0.0
0	1878	0.39	0.0
0	1879	0.38	0.0
0	1880	0.38	0.0
0	1881	0.38	0.0
0	1882	0.37	0.0
0	1883	0.36	0.0
0	1884	0.36	0.0
0	1885	0.35	0.0
0	1886	0.35	0.0
0	1887	0.34	0.0
0	1888	0.33	0.0
0	1889	0.33	0.0
0	1890	0.32	0.0
0	1891	0.32	0.0
0	1892	0.31	0.0
0	1893	0.31	0.0
0	1894	0.28	0.0
0	1895	0.28	0.0
0	1896	0.28	0.0
0	1897	0.28	0.0
0	1898	0.27	0.0
0	1899	0.26	0.0
0	1900	0.25	0.0
0	1901	0.24	0.0
0	1902	0.23	0.0
0	1903	0.22	0.0
0	1904	0.2	0.0
0	1905	0.2	0.0
0	1906	0.19	0.0
0	1907	0.19	0.0
0	1908	0.18	0.0
0	1909	0.17	0.0
0	1910	0.17	0.0
0	1911	0.17	0.0
0	1912	0.16	0.0
0	1913	0.16	0.0
0	1914	0.14	0.0
0	1915	0.13	0.0
0	1916	0.12	0.0
0	1917	0.12	0.0
0	1918	0.11	0.0
0	1919	0.1	0.0
0	1920	0.09	0.0
0	1921	0.09	0.0
0	1922	0.08	0.0
0	1923	0.08	0.0
0	1924	0.07	0.0
0	1925	0.07	0.0
0	1926	0.07	0.0
0	1927	0.06	0.0
0	1928	0.06	0.0
0	1929	0.06	0.0
0	1930	0.06	0.0
0	1931	0.05	0.0
0	1932	0.05	0.0
0	1933	0.04	0.0
0	1934	0.03	0.0
0	1935	0.03	0.0
0	1936	0.02	0.0
0	1937	0.02	0.0
0	1938	0.02	0.0
0	1939	0.02	0.0
