clade	species	ts	te
0	1	100.0	83.59
0	2	93.43	91.93
0	3	85.28	79.08
0	4	84.58	78.75
0	5	83.16	79.29
0	6	81.65	78.0
0	7	81.22	76.19
0	8	80.72	67.27
0	9	80.48	78.05
0	10	79.76	73.4
0	11	74.1	71.35
0	12	73.9	72.05
0	13	71.43	69.99
0	14	70.01	52.55
0	15	66.25	35.21
0	16	65.41	63.5
0	17	61.11	48.85
0	18	59.46	54.07
0	19	55.3	28.14
0	20	55.08	18.64
0	21	55.07	47.52
0	22	54.72	52.99
0	23	54.71	46.94
0	24	54.32	51.69
0	25	53.76	51.39
0	26	52.85	50.53
0	27	52.33	51.98
0	28	52.1	47.18
0	29	51.9	36.93
0	30	51.24	41.81
0	31	51.16	36.33
0	32	50.7	37.9
0	33	50.01	43.08
0	34	49.95	35.7
0	35	49.44	39.73
0	36	49.12	47.02
0	37	48.87	46.8
0	38	48.82	43.61
0	39	48.71	47.87
0	40	47.39	33.82
0	41	47.39	47.26
0	42	46.97	14.56
0	43	46.87	30.89
0	44	46.1	28.76
0	45	45.9	30.95
0	46	45.68	15.11
0	47	45.46	40.22
0	48	44.58	36.27
0	49	44.31	37.71
0	50	43.91	28.13
0	51	43.84	7.31
0	52	43.59	36.41
0	53	43.5	32.83
0	54	43.22	33.7
0	55	42.82	39.12
0	56	42.76	13.93
0	57	42.6	41.76
0	58	42.06	27.4
0	59	41.97	3.08
0	60	41.91	39.98
0	61	41.85	39.47
0	62	41.84	36.88
0	63	41.83	40.15
0	64	41.83	41.46
0	65	41.77	38.05
0	66	41.63	30.53
0	67	41.62	36.72
0	68	41.61	38.11
0	69	41.22	40.89
0	70	41.11	18.56
0	71	41.05	20.6
0	72	40.99	6.25
0	73	40.8	17.67
0	74	40.73	39.17
0	75	40.64	37.94
0	76	40.5	25.27
0	77	40.48	24.36
0	78	40.31	0.0
0	79	40.23	29.43
0	80	40.12	3.47
0	81	39.91	34.78
0	82	39.89	21.17
0	83	39.86	34.25
0	84	39.83	26.7
0	85	39.53	30.35
0	86	39.36	37.73
0	87	39.27	26.73
0	88	39.01	29.06
0	89	38.76	36.96
0	90	38.66	32.31
0	91	38.53	33.12
0	92	38.42	36.04
0	93	38.38	28.62
0	94	38.31	31.23
0	95	38.29	28.09
0	96	38.27	31.01
0	97	38.2	30.43
0	98	37.96	34.91
0	99	37.87	20.23
0	100	37.68	28.93
0	101	37.65	31.91
0	102	37.51	33.83
0	103	37.32	36.06
0	104	37.28	15.94
0	105	37.02	33.23
0	106	36.99	28.1
0	107	36.97	28.64
0	108	36.92	35.5
0	109	36.63	23.67
0	110	36.57	10.58
0	111	36.48	22.37
0	112	36.37	20.29
0	113	36.32	26.88
0	114	36.31	12.99
0	115	36.3	26.65
0	116	36.25	35.66
0	117	36.22	36.2
0	118	36.18	27.79
0	119	36.16	34.04
0	120	35.94	32.22
0	121	35.89	19.38
0	122	35.82	28.22
0	123	35.8	26.83
0	124	35.72	33.74
0	125	35.7	21.18
0	126	35.5	30.45
0	127	35.48	29.86
0	128	35.47	28.11
0	129	35.44	28.17
0	130	35.33	19.44
0	131	35.25	30.79
0	132	35.22	9.55
0	133	34.86	33.64
0	134	34.68	23.68
0	135	34.65	17.51
0	136	34.54	28.16
0	137	34.47	31.64
0	138	34.1	25.33
0	139	33.96	11.99
0	140	33.78	16.59
0	141	33.69	20.69
0	142	33.68	31.52
0	143	33.49	25.47
0	144	33.48	21.89
0	145	33.47	13.61
0	146	33.38	31.36
0	147	33.38	28.87
0	148	33.37	24.15
0	149	33.35	11.26
0	150	33.31	25.71
0	151	33.31	30.44
0	152	33.06	22.55
0	153	32.99	0.0
0	154	32.95	22.83
0	155	32.91	6.68
0	156	32.88	32.83
0	157	32.74	11.29
0	158	32.71	24.08
0	159	32.66	28.93
0	160	32.57	22.74
0	161	32.5	30.77
0	162	32.48	2.21
0	163	32.38	23.24
0	164	32.32	11.17
0	165	32.29	12.02
0	166	32.17	15.1
0	167	32.14	31.78
0	168	32.12	24.39
0	169	32.0	5.38
0	170	31.92	22.71
0	171	31.88	29.73
0	172	31.8	17.77
0	173	31.6	30.32
0	174	31.42	24.39
0	175	31.41	28.99
0	176	31.4	9.77
0	177	31.33	28.07
0	178	31.26	29.92
0	179	31.25	24.86
0	180	31.22	20.2
0	181	31.03	24.04
0	182	31.03	28.26
0	183	30.96	25.36
0	184	30.93	23.01
0	185	30.9	15.75
0	186	30.87	16.55
0	187	30.79	20.42
0	188	30.67	23.51
0	189	30.66	0.0
0	190	30.6	11.92
0	191	30.55	25.66
0	192	30.47	30.05
0	193	30.4	28.36
0	194	30.37	25.13
0	195	30.36	24.99
0	196	30.25	10.4
0	197	30.15	26.4
0	198	30.12	26.49
0	199	30.11	29.05
0	200	30.08	26.31
0	201	29.77	29.01
0	202	29.73	17.21
0	203	29.72	25.94
0	204	29.56	9.42
0	205	29.55	21.59
0	206	29.46	6.34
0	207	29.44	28.1
0	208	29.37	28.21
0	209	29.3	13.92
0	210	29.26	22.81
0	211	29.21	24.03
0	212	29.18	28.96
0	213	29.16	24.36
0	214	29.15	18.71
0	215	29.07	26.77
0	216	29.05	25.1
0	217	28.99	19.87
0	218	28.98	22.63
0	219	28.95	27.85
0	220	28.7	0.0
0	221	28.66	0.0
0	222	28.63	24.59
0	223	28.62	27.93
0	224	28.46	24.28
0	225	28.4	21.23
0	226	28.32	0.0
0	227	28.17	26.1
0	228	28.07	23.67
0	229	28.0	13.59
0	230	27.97	27.12
0	231	27.92	22.42
0	232	27.89	26.4
0	233	27.89	20.89
0	234	27.84	23.68
0	235	27.79	27.78
0	236	27.77	27.43
0	237	27.77	26.76
0	238	27.65	24.06
0	239	27.64	9.39
0	240	27.6	21.1
0	241	27.6	22.78
0	242	27.5	23.85
0	243	27.49	25.85
0	244	27.47	5.08
0	245	27.42	16.65
0	246	27.33	2.27
0	247	27.3	7.63
0	248	27.27	25.63
0	249	27.24	25.03
0	250	27.17	23.04
0	251	27.14	19.37
0	252	26.95	25.06
0	253	26.95	17.84
0	254	26.9	23.85
0	255	26.87	22.35
0	256	26.85	26.01
0	257	26.71	26.4
0	258	26.69	10.97
0	259	26.67	25.07
0	260	26.65	19.85
0	261	26.64	22.52
0	262	26.64	0.86
0	263	26.52	13.95
0	264	26.45	16.78
0	265	26.38	9.47
0	266	26.35	12.91
0	267	26.32	1.89
0	268	26.23	19.09
0	269	26.23	6.2
0	270	26.23	14.82
0	271	26.22	17.88
0	272	26.18	17.06
0	273	26.12	20.88
0	274	26.12	12.44
0	275	26.11	6.92
0	276	26.03	19.86
0	277	26.0	24.14
0	278	25.93	0.0
0	279	25.91	14.29
0	280	25.9	12.05
0	281	25.88	20.45
0	282	25.88	22.13
0	283	25.84	20.88
0	284	25.83	22.72
0	285	25.79	19.47
0	286	25.77	20.36
0	287	25.63	24.42
0	288	25.59	16.49
0	289	25.56	18.9
0	290	25.55	7.0
0	291	25.54	24.43
0	292	25.52	8.62
0	293	25.43	21.24
0	294	25.42	23.74
0	295	25.36	8.77
0	296	25.33	20.65
0	297	25.3	20.26
0	298	25.27	24.98
0	299	25.23	22.79
0	300	25.18	20.77
0	301	25.15	13.21
0	302	25.15	10.91
0	303	25.11	8.49
0	304	25.08	12.45
0	305	25.07	23.37
0	306	25.06	12.42
0	307	25.01	24.52
0	308	24.98	20.95
0	309	24.82	11.69
0	310	24.79	20.81
0	311	24.61	0.0
0	312	24.56	8.47
0	313	24.54	15.44
0	314	24.52	23.7
0	315	24.36	19.11
0	316	24.33	23.61
0	317	24.27	22.76
0	318	24.2	13.45
0	319	24.2	14.87
0	320	24.18	17.97
0	321	24.11	18.01
0	322	24.08	13.71
0	323	24.02	9.76
0	324	24.01	0.0
0	325	23.99	1.23
0	326	23.99	23.85
0	327	23.95	20.79
0	328	23.94	22.72
0	329	23.85	20.01
0	330	23.8	15.28
0	331	23.79	6.33
0	332	23.76	14.53
0	333	23.75	23.65
0	334	23.71	6.69
0	335	23.7	14.77
0	336	23.62	0.0
0	337	23.53	20.28
0	338	23.52	19.78
0	339	23.35	11.25
0	340	23.33	0.0
0	341	23.32	19.96
0	342	23.28	0.0
0	343	23.27	14.09
0	344	23.18	22.68
0	345	23.17	17.92
0	346	23.15	12.18
0	347	23.01	17.37
0	348	22.96	22.09
0	349	22.94	12.89
0	350	22.8	22.0
0	351	22.76	4.12
0	352	22.75	22.7
0	353	22.73	0.0
0	354	22.69	14.59
0	355	22.65	17.98
0	356	22.62	8.24
0	357	22.58	19.01
0	358	22.41	16.62
0	359	22.41	22.39
0	360	22.39	17.5
0	361	22.35	10.83
0	362	22.21	7.68
0	363	22.12	18.92
0	364	22.12	20.38
0	365	22.06	0.0
0	366	22.01	8.63
0	367	22.0	13.82
0	368	21.99	0.43
0	369	21.93	11.17
0	370	21.86	14.76
0	371	21.85	10.46
0	372	21.82	3.61
0	373	21.82	7.28
0	374	21.79	0.0
0	375	21.77	11.04
0	376	21.68	8.3
0	377	21.65	13.57
0	378	21.59	13.52
0	379	21.57	0.0
0	380	21.52	21.32
0	381	21.32	19.44
0	382	21.32	16.19
0	383	21.26	19.45
0	384	21.25	19.43
0	385	21.25	17.06
0	386	21.24	20.7
0	387	21.22	17.85
0	388	21.21	16.89
0	389	21.15	20.23
0	390	21.14	7.47
0	391	21.12	14.87
0	392	21.11	19.6
0	393	21.0	5.04
0	394	20.92	19.58
0	395	20.9	13.13
0	396	20.88	0.3
0	397	20.82	19.63
0	398	20.77	4.07
0	399	20.76	20.43
0	400	20.75	14.59
0	401	20.67	18.58
0	402	20.67	9.77
0	403	20.64	20.51
0	404	20.63	17.65
0	405	20.55	15.02
0	406	20.54	12.12
0	407	20.53	17.4
0	408	20.5	11.98
0	409	20.48	9.98
0	410	20.43	0.0
0	411	20.43	13.83
0	412	20.42	0.0
0	413	20.29	11.14
0	414	20.27	14.42
0	415	20.24	17.55
0	416	20.22	4.31
0	417	20.21	10.1
0	418	20.15	2.69
0	419	20.14	19.38
0	420	20.12	2.4
0	421	20.04	0.0
0	422	20.04	19.83
0	423	20.0	0.0
0	424	19.91	19.9
0	425	19.88	9.97
0	426	19.85	7.42
0	427	19.83	0.0
0	428	19.83	13.69
0	429	19.7	0.0
0	430	19.65	0.0
0	431	19.65	0.0
0	432	19.62	17.15
0	433	19.61	13.93
0	434	19.56	0.0
0	435	19.54	13.13
0	436	19.48	0.0
0	437	19.47	12.89
0	438	19.47	18.02
0	439	19.46	10.46
0	440	19.46	0.0
0	441	19.45	19.12
0	442	19.41	15.85
0	443	19.41	16.96
0	444	19.32	18.2
0	445	19.3	17.21
0	446	19.29	6.52
0	447	19.23	10.46
0	448	19.2	14.0
0	449	19.17	5.25
0	450	19.16	12.07
0	451	19.15	18.13
0	452	19.06	3.07
0	453	19.06	15.26
0	454	19.01	0.0
0	455	18.95	13.94
0	456	18.93	18.73
0	457	18.92	15.25
0	458	18.87	0.35
0	459	18.86	18.22
0	460	18.81	17.98
0	461	18.79	0.0
0	462	18.75	0.0
0	463	18.74	0.0
0	464	18.72	1.41
0	465	18.69	10.57
0	466	18.69	5.57
0	467	18.68	0.0
0	468	18.55	15.19
0	469	18.55	17.79
0	470	18.52	11.28
0	471	18.5	0.0
0	472	18.5	0.0
0	473	18.5	17.15
0	474	18.49	15.15
0	475	18.41	3.84
0	476	18.37	0.0
0	477	18.31	16.61
0	478	18.26	12.7
0	479	18.21	8.63
0	480	18.16	7.63
0	481	18.16	17.96
0	482	18.07	14.86
0	483	18.02	14.94
0	484	18.02	9.85
0	485	18.01	17.88
0	486	17.99	0.0
0	487	17.96	12.43
0	488	17.92	13.7
0	489	17.85	10.11
0	490	17.83	16.5
0	491	17.82	0.0
0	492	17.82	12.89
0	493	17.77	0.0
0	494	17.75	0.0
0	495	17.65	2.37
0	496	17.63	6.78
0	497	17.62	13.44
0	498	17.58	8.43
0	499	17.53	7.05
0	500	17.49	10.79
0	501	17.48	0.0
0	502	17.44	0.0
0	503	17.42	0.0
0	504	17.39	9.21
0	505	17.39	13.62
0	506	17.37	16.61
0	507	17.36	1.25
0	508	17.34	17.26
0	509	17.32	15.74
0	510	17.32	13.7
0	511	17.32	5.81
0	512	17.31	12.23
0	513	17.3	16.93
0	514	17.23	12.48
0	515	17.17	8.69
0	516	17.16	13.41
0	517	17.1	10.31
0	518	17.07	0.0
0	519	17.06	2.34
0	520	17.04	0.0
0	521	17.03	16.28
0	522	16.92	10.29
0	523	16.87	15.7
0	524	16.85	12.46
0	525	16.83	12.95
0	526	16.8	12.07
0	527	16.76	1.2
0	528	16.75	9.29
0	529	16.68	10.72
0	530	16.68	8.65
0	531	16.68	11.8
0	532	16.64	0.0
0	533	16.62	4.93
0	534	16.56	12.08
0	535	16.56	14.63
0	536	16.51	11.52
0	537	16.48	9.71
0	538	16.45	15.0
0	539	16.43	11.92
0	540	16.39	12.68
0	541	16.38	5.54
0	542	16.28	6.9
0	543	16.27	2.39
0	544	16.26	0.0
0	545	16.26	12.91
0	546	16.23	5.49
0	547	16.2	13.21
0	548	16.16	16.11
0	549	16.1	12.7
0	550	16.07	4.19
0	551	16.06	13.53
0	552	16.04	0.0
0	553	16.02	14.15
0	554	15.98	13.9
0	555	15.97	0.0
0	556	15.92	12.84
0	557	15.9	15.37
0	558	15.86	8.19
0	559	15.79	0.0
0	560	15.76	4.04
0	561	15.75	8.03
0	562	15.72	0.0
0	563	15.68	13.0
0	564	15.63	0.0
0	565	15.62	1.93
0	566	15.62	0.0
0	567	15.59	14.38
0	568	15.56	13.47
0	569	15.56	11.74
0	570	15.56	10.74
0	571	15.56	9.66
0	572	15.54	0.0
0	573	15.48	5.15
0	574	15.48	12.6
0	575	15.44	12.3
0	576	15.43	15.41
0	577	15.42	0.0
0	578	15.37	8.69
0	579	15.31	14.66
0	580	15.3	14.99
0	581	15.29	0.0
0	582	15.29	12.07
0	583	15.29	13.16
0	584	15.29	14.0
0	585	15.26	12.41
0	586	15.24	11.89
0	587	15.21	9.79
0	588	15.19	14.85
0	589	15.19	14.19
0	590	15.17	0.0
0	591	15.17	9.9
0	592	15.17	3.68
0	593	15.16	13.52
0	594	15.16	12.8
0	595	15.12	0.0
0	596	15.11	13.68
0	597	15.1	0.0
0	598	15.1	10.07
0	599	15.08	7.59
0	600	15.08	15.07
0	601	15.07	0.0
0	602	15.04	9.07
0	603	15.03	0.0
0	604	15.03	1.63
0	605	15.03	4.58
0	606	15.02	10.07
0	607	14.99	14.57
0	608	14.98	5.6
0	609	14.95	12.74
0	610	14.95	12.18
0	611	14.9	5.91
0	612	14.81	0.0
0	613	14.81	0.43
0	614	14.8	8.83
0	615	14.8	13.25
0	616	14.78	0.0
0	617	14.78	8.45
0	618	14.76	0.0
0	619	14.75	6.67
0	620	14.72	0.0
0	621	14.69	0.0
0	622	14.64	0.0
0	623	14.62	13.82
0	624	14.58	9.57
0	625	14.57	1.01
0	626	14.56	14.09
0	627	14.51	7.85
0	628	14.45	9.44
0	629	14.39	1.36
0	630	14.39	12.69
0	631	14.39	6.49
0	632	14.39	3.22
0	633	14.38	11.32
0	634	14.38	12.62
0	635	14.36	14.26
0	636	14.35	9.26
0	637	14.35	12.5
0	638	14.24	5.72
0	639	14.22	8.34
0	640	14.22	6.13
0	641	14.19	0.0
0	642	14.19	7.94
0	643	14.18	2.56
0	644	14.17	13.03
0	645	14.16	2.69
0	646	14.15	0.0
0	647	14.14	0.0
0	648	14.1	8.9
0	649	14.08	4.69
0	650	14.07	10.01
0	651	14.07	3.59
0	652	14.06	0.0
0	653	14.05	12.94
0	654	14.03	8.23
0	655	14.02	7.97
0	656	14.01	13.19
0	657	14.0	12.32
0	658	13.99	13.68
0	659	13.99	7.47
0	660	13.97	5.36
0	661	13.97	10.88
0	662	13.94	0.0
0	663	13.91	6.14
0	664	13.89	11.65
0	665	13.87	0.0
0	666	13.8	10.85
0	667	13.78	11.99
0	668	13.74	10.09
0	669	13.72	9.08
0	670	13.69	4.18
0	671	13.68	0.0
0	672	13.68	11.75
0	673	13.67	11.76
0	674	13.66	11.65
0	675	13.65	5.04
0	676	13.65	12.01
0	677	13.63	7.99
0	678	13.63	10.62
0	679	13.61	1.83
0	680	13.61	0.0
0	681	13.6	2.73
0	682	13.6	0.0
0	683	13.6	3.81
0	684	13.58	0.0
0	685	13.55	0.0
0	686	13.52	2.84
0	687	13.51	0.0
0	688	13.47	5.7
0	689	13.4	0.0
0	690	13.4	0.0
0	691	13.38	0.0
0	692	13.36	0.0
0	693	13.32	0.0
0	694	13.28	11.21
0	695	13.27	0.0
0	696	13.26	4.88
0	697	13.24	1.1
0	698	13.24	0.0
0	699	13.23	7.98
0	700	13.2	3.66
0	701	13.19	5.81
0	702	13.17	12.05
0	703	13.15	3.74
0	704	13.14	12.13
0	705	13.13	7.71
0	706	13.1	0.0
0	707	13.09	11.57
0	708	13.08	5.71
0	709	13.07	6.65
0	710	13.04	11.17
0	711	12.99	11.65
0	712	12.97	10.19
0	713	12.97	0.0
0	714	12.95	0.0
0	715	12.94	12.21
0	716	12.91	0.0
0	717	12.8	11.76
0	718	12.78	4.53
0	719	12.74	11.75
0	720	12.66	10.0
0	721	12.59	5.22
0	722	12.59	6.33
0	723	12.58	12.12
0	724	12.58	12.18
0	725	12.56	9.91
0	726	12.56	1.09
0	727	12.54	5.96
0	728	12.5	0.0
0	729	12.49	11.75
0	730	12.48	0.0
0	731	12.45	3.67
0	732	12.43	0.0
0	733	12.43	8.92
0	734	12.42	11.6
0	735	12.38	4.73
0	736	12.38	0.0
0	737	12.37	6.49
0	738	12.37	11.16
0	739	12.36	9.01
0	740	12.35	0.61
0	741	12.34	10.16
0	742	12.33	0.0
0	743	12.3	0.0
0	744	12.28	10.46
0	745	12.27	0.0
0	746	12.26	10.88
0	747	12.24	7.33
0	748	12.18	5.26
0	749	12.16	12.14
0	750	12.14	11.89
0	751	12.12	5.38
0	752	12.12	7.69
0	753	12.07	8.9
0	754	12.07	0.0
0	755	12.07	9.37
0	756	12.05	11.99
0	757	12.03	6.83
0	758	12.01	0.0
0	759	12.0	0.0
0	760	11.96	0.0
0	761	11.94	7.48
0	762	11.93	6.76
0	763	11.9	6.86
0	764	11.86	3.71
0	765	11.85	2.35
0	766	11.83	0.0
0	767	11.82	6.51
0	768	11.82	3.91
0	769	11.82	3.75
0	770	11.77	7.71
0	771	11.76	0.01
0	772	11.74	0.0
0	773	11.74	5.91
0	774	11.71	11.19
0	775	11.7	11.05
0	776	11.64	2.81
0	777	11.64	8.43
0	778	11.62	7.79
0	779	11.6	10.39
0	780	11.58	0.0
0	781	11.54	9.95
0	782	11.51	0.0
0	783	11.51	0.0
0	784	11.5	11.45
0	785	11.5	1.78
0	786	11.49	0.0
0	787	11.48	10.77
0	788	11.48	10.04
0	789	11.46	1.45
0	790	11.45	0.0
0	791	11.44	2.35
0	792	11.44	2.25
0	793	11.42	8.22
0	794	11.35	0.68
0	795	11.35	0.0
0	796	11.35	2.17
0	797	11.34	8.26
0	798	11.33	0.0
0	799	11.31	7.41
0	800	11.3	0.0
0	801	11.3	11.2
0	802	11.27	0.0
0	803	11.25	10.54
0	804	11.25	3.17
0	805	11.24	0.0
0	806	11.24	0.0
0	807	11.23	0.0
0	808	11.21	8.42
0	809	11.16	0.0
0	810	11.16	0.0
0	811	11.07	0.0
0	812	11.06	0.0
0	813	11.06	4.32
0	814	11.04	0.0
0	815	11.0	8.21
0	816	10.97	1.48
0	817	10.95	5.81
0	818	10.93	0.0
0	819	10.89	5.57
0	820	10.89	8.29
0	821	10.87	0.42
0	822	10.86	8.73
0	823	10.83	0.0
0	824	10.81	0.0
0	825	10.8	6.65
0	826	10.8	8.71
0	827	10.76	2.4
0	828	10.75	0.0
0	829	10.75	2.0
0	830	10.72	9.39
0	831	10.71	0.69
0	832	10.69	6.85
0	833	10.69	0.0
0	834	10.68	0.0
0	835	10.67	7.72
0	836	10.66	0.0
0	837	10.63	0.0
0	838	10.61	0.0
0	839	10.58	5.15
0	840	10.56	0.0
0	841	10.53	10.34
0	842	10.53	10.46
0	843	10.5	6.68
0	844	10.5	1.5
0	845	10.5	8.22
0	846	10.49	0.0
0	847	10.49	0.0
0	848	10.4	4.8
0	849	10.36	1.23
0	850	10.36	5.16
0	851	10.31	9.18
0	852	10.3	4.86
0	853	10.28	0.0
0	854	10.28	9.41
0	855	10.25	3.01
0	856	10.25	1.5
0	857	10.24	10.16
0	858	10.21	2.13
0	859	10.2	2.35
0	860	10.2	7.34
0	861	10.19	5.78
0	862	10.18	10.0
0	863	10.17	7.28
0	864	10.17	8.17
0	865	10.14	4.81
0	866	10.14	0.0
0	867	10.12	0.0
0	868	10.11	2.99
0	869	10.1	0.0
0	870	10.09	0.0
0	871	10.08	8.02
0	872	10.08	9.67
0	873	10.07	5.28
0	874	10.06	0.31
0	875	10.05	7.16
0	876	10.05	9.92
0	877	10.04	0.0
0	878	9.97	0.0
0	879	9.97	0.0
0	880	9.92	7.92
0	881	9.89	0.0
0	882	9.88	5.59
0	883	9.86	7.31
0	884	9.86	1.38
0	885	9.84	9.13
0	886	9.84	0.0
0	887	9.81	0.0
0	888	9.79	1.32
0	889	9.76	0.0
0	890	9.76	0.0
0	891	9.74	5.63
0	892	9.72	4.56
0	893	9.71	1.33
0	894	9.7	6.65
0	895	9.69	0.0
0	896	9.69	0.0
0	897	9.68	0.0
0	898	9.65	0.0
0	899	9.65	0.13
0	900	9.64	8.84
0	901	9.64	7.73
0	902	9.64	0.0
0	903	9.63	0.0
0	904	9.61	9.21
0	905	9.61	0.0
0	906	9.6	0.0
0	907	9.59	0.0
0	908	9.59	3.13
0	909	9.59	8.88
0	910	9.56	5.45
0	911	9.55	9.32
0	912	9.53	5.81
0	913	9.53	3.26
0	914	9.51	0.54
0	915	9.49	0.0
0	916	9.47	4.52
0	917	9.45	0.0
0	918	9.44	0.0
0	919	9.44	0.0
0	920	9.43	8.15
0	921	9.4	7.63
0	922	9.4	0.0
0	923	9.36	0.0
0	924	9.3	1.22
0	925	9.29	0.0
0	926	9.28	3.1
0	927	9.23	0.0
0	928	9.23	0.0
0	929	9.22	1.96
0	930	9.21	0.42
0	931	9.2	0.0
0	932	9.18	8.62
0	933	9.17	0.0
0	934	9.14	0.0
0	935	9.14	0.0
0	936	9.12	0.0
0	937	9.12	8.53
0	938	9.12	0.0
0	939	9.11	0.0
0	940	9.09	2.75
0	941	9.08	0.0
0	942	9.07	4.35
0	943	9.06	0.0
0	944	9.05	0.0
0	945	9.04	4.71
0	946	9.03	7.75
0	947	9.0	4.52
0	948	9.0	8.03
0	949	8.99	8.34
0	950	8.98	7.57
0	951	8.96	8.88
0	952	8.95	0.0
0	953	8.95	0.0
0	954	8.94	7.33
0	955	8.92	4.9
0	956	8.9	7.68
0	957	8.88	1.54
0	958	8.88	0.03
0	959	8.87	2.23
0	960	8.86	0.0
0	961	8.86	3.5
0	962	8.85	0.0
0	963	8.85	0.0
0	964	8.84	3.29
0	965	8.83	0.0
0	966	8.83	0.0
0	967	8.82	0.0
0	968	8.8	5.32
0	969	8.77	0.0
0	970	8.76	2.29
0	971	8.73	0.0
0	972	8.69	7.49
0	973	8.69	0.0
0	974	8.68	7.08
0	975	8.67	7.09
0	976	8.66	0.0
0	977	8.66	1.79
0	978	8.63	0.0
0	979	8.63	2.27
0	980	8.62	6.21
0	981	8.6	7.51
0	982	8.57	3.96
0	983	8.56	0.09
0	984	8.55	0.0
0	985	8.54	0.0
0	986	8.53	0.0
0	987	8.51	0.0
0	988	8.46	4.28
0	989	8.46	0.0
0	990	8.46	6.98
0	991	8.45	2.58
0	992	8.44	0.0
0	993	8.43	2.11
0	994	8.41	0.0
0	995	8.4	0.0
0	996	8.4	7.35
0	997	8.38	0.0
0	998	8.37	3.38
0	999	8.37	0.0
0	1000	8.33	0.25
0	1001	8.31	8.13
0	1002	8.31	5.24
0	1003	8.29	0.0
0	1004	8.29	0.0
0	1005	8.28	8.05
0	1006	8.27	0.0
0	1007	8.23	6.02
0	1008	8.22	2.71
0	1009	8.19	5.87
0	1010	8.19	0.12
0	1011	8.19	0.0
0	1012	8.18	6.03
0	1013	8.17	3.93
0	1014	8.15	6.68
0	1015	8.14	2.04
0	1016	8.1	0.0
0	1017	8.08	0.0
0	1018	8.07	1.67
0	1019	8.06	5.25
0	1020	8.05	0.0
0	1021	8.05	0.0
0	1022	8.02	0.0
0	1023	8.01	7.97
0	1024	7.98	6.41
0	1025	7.98	0.0
0	1026	7.95	5.67
0	1027	7.95	3.6
0	1028	7.91	6.31
0	1029	7.9	2.28
0	1030	7.89	4.0
0	1031	7.88	5.14
0	1032	7.88	6.17
0	1033	7.88	0.0
0	1034	7.88	0.0
0	1035	7.88	0.0
0	1036	7.87	2.92
0	1037	7.87	3.8
0	1038	7.86	5.59
0	1039	7.85	0.0
0	1040	7.84	5.21
0	1041	7.84	5.49
0	1042	7.82	0.0
0	1043	7.82	0.0
0	1044	7.82	5.19
0	1045	7.79	4.03
0	1046	7.77	3.49
0	1047	7.75	0.0
0	1048	7.75	0.0
0	1049	7.74	0.0
0	1050	7.74	0.0
0	1051	7.73	0.0
0	1052	7.72	0.0
0	1053	7.69	3.14
0	1054	7.68	1.95
0	1055	7.66	1.05
0	1056	7.65	1.37
0	1057	7.63	0.0
0	1058	7.63	3.38
0	1059	7.6	0.0
0	1060	7.6	0.0
0	1061	7.58	0.0
0	1062	7.54	0.0
0	1063	7.54	0.0
0	1064	7.53	0.0
0	1065	7.52	0.0
0	1066	7.52	0.0
0	1067	7.51	7.27
0	1068	7.51	0.0
0	1069	7.47	0.0
0	1070	7.45	7.37
0	1071	7.45	0.0
0	1072	7.45	0.0
0	1073	7.44	5.75
0	1074	7.43	0.0
0	1075	7.41	0.0
0	1076	7.39	2.31
0	1077	7.38	4.12
0	1078	7.38	0.0
0	1079	7.37	0.0
0	1080	7.37	0.0
0	1081	7.36	6.05
0	1082	7.35	5.48
0	1083	7.35	0.0
0	1084	7.33	0.0
0	1085	7.3	5.74
0	1086	7.27	1.6
0	1087	7.27	0.0
0	1088	7.26	6.15
0	1089	7.26	0.0
0	1090	7.25	0.0
0	1091	7.25	3.26
0	1092	7.24	0.0
0	1093	7.22	5.79
0	1094	7.17	0.0
0	1095	7.17	5.67
0	1096	7.15	3.84
0	1097	7.14	0.0
0	1098	7.14	0.0
0	1099	7.12	0.0
0	1100	7.11	0.0
0	1101	7.1	6.39
0	1102	7.09	0.0
0	1103	7.08	5.11
0	1104	7.07	3.66
0	1105	7.06	4.39
0	1106	7.06	4.29
0	1107	7.05	2.24
0	1108	7.03	4.99
0	1109	7.02	1.54
0	1110	7.01	0.0
0	1111	6.98	5.51
0	1112	6.98	5.21
0	1113	6.97	6.86
0	1114	6.93	2.66
0	1115	6.92	6.19
0	1116	6.9	0.0
0	1117	6.87	3.9
0	1118	6.85	0.0
0	1119	6.84	0.0
0	1120	6.83	0.0
0	1121	6.81	4.92
0	1122	6.8	2.08
0	1123	6.8	0.0
0	1124	6.79	0.0
0	1125	6.78	1.1
0	1126	6.77	1.3
0	1127	6.74	2.09
0	1128	6.74	0.0
0	1129	6.72	1.22
0	1130	6.7	3.84
0	1131	6.69	0.0
0	1132	6.68	0.0
0	1133	6.67	0.0
0	1134	6.65	0.0
0	1135	6.64	6.51
0	1136	6.61	0.0
0	1137	6.6	0.09
0	1138	6.6	6.28
0	1139	6.58	0.0
0	1140	6.58	5.53
0	1141	6.56	0.08
0	1142	6.56	0.46
0	1143	6.55	0.0
0	1144	6.54	4.0
0	1145	6.54	0.0
0	1146	6.53	0.0
0	1147	6.49	4.77
0	1148	6.48	0.0
0	1149	6.48	4.1
0	1150	6.46	0.0
0	1151	6.46	0.0
0	1152	6.45	0.0
0	1153	6.44	0.0
0	1154	6.44	0.0
0	1155	6.42	0.0
0	1156	6.41	2.77
0	1157	6.4	0.0
0	1158	6.4	6.06
0	1159	6.38	4.45
0	1160	6.38	3.07
0	1161	6.36	0.0
0	1162	6.36	0.0
0	1163	6.36	0.0
0	1164	6.34	5.03
0	1165	6.34	2.21
0	1166	6.32	0.0
0	1167	6.31	4.79
0	1168	6.3	4.02
0	1169	6.3	2.43
0	1170	6.27	1.65
0	1171	6.26	4.42
0	1172	6.26	1.93
0	1173	6.26	0.0
0	1174	6.24	0.0
0	1175	6.24	3.76
0	1176	6.22	3.08
0	1177	6.21	3.27
0	1178	6.2	0.0
0	1179	6.19	0.0
0	1180	6.18	0.0
0	1181	6.16	0.22
0	1182	6.15	4.43
0	1183	6.15	0.0
0	1184	6.14	0.0
0	1185	6.13	0.0
0	1186	6.11	0.0
0	1187	6.1	0.0
0	1188	6.07	0.33
0	1189	6.06	4.67
0	1190	6.03	0.0
0	1191	6.02	1.32
0	1192	6.01	0.0
0	1193	5.99	0.0
0	1194	5.97	0.0
0	1195	5.94	0.0
0	1196	5.9	1.34
0	1197	5.89	0.0
0	1198	5.87	0.0
0	1199	5.85	2.03
0	1200	5.85	1.44
0	1201	5.85	2.44
0	1202	5.84	0.0
0	1203	5.84	4.64
0	1204	5.83	2.81
0	1205	5.83	0.0
0	1206	5.82	0.0
0	1207	5.8	0.0
0	1208	5.8	0.0
0	1209	5.79	0.0
0	1210	5.78	5.33
0	1211	5.78	0.0
0	1212	5.77	0.0
0	1213	5.77	0.0
0	1214	5.75	0.0
0	1215	5.73	0.0
0	1216	5.72	0.0
0	1217	5.72	0.0
0	1218	5.7	0.0
0	1219	5.7	2.73
0	1220	5.69	3.05
0	1221	5.67	0.0
0	1222	5.67	3.22
0	1223	5.65	2.06
0	1224	5.64	0.0
0	1225	5.63	1.56
0	1226	5.63	3.66
0	1227	5.63	4.83
0	1228	5.61	4.61
0	1229	5.6	0.0
0	1230	5.59	1.48
0	1231	5.58	5.08
0	1232	5.57	0.0
0	1233	5.56	0.0
0	1234	5.56	0.0
0	1235	5.53	0.0
0	1236	5.53	0.0
0	1237	5.52	0.0
0	1238	5.51	0.0
0	1239	5.49	0.0
0	1240	5.48	3.19
0	1241	5.47	0.0
0	1242	5.47	4.41
0	1243	5.45	0.0
0	1244	5.44	0.0
0	1245	5.43	0.0
0	1246	5.42	0.0
0	1247	5.4	3.89
0	1248	5.37	0.0
0	1249	5.35	0.83
0	1250	5.35	4.31
0	1251	5.34	0.0
0	1252	5.34	0.0
0	1253	5.32	0.0
0	1254	5.32	0.0
0	1255	5.31	0.0
0	1256	5.31	0.0
0	1257	5.29	5.0
0	1258	5.28	0.0
0	1259	5.28	4.2
0	1260	5.27	2.53
0	1261	5.27	0.0
0	1262	5.26	4.28
0	1263	5.25	4.15
0	1264	5.24	0.0
0	1265	5.23	0.0
0	1266	5.22	3.81
0	1267	5.22	0.88
0	1268	5.21	0.0
0	1269	5.19	0.0
0	1270	5.18	0.0
0	1271	5.17	0.0
0	1272	5.17	0.0
0	1273	5.16	0.0
0	1274	5.16	0.0
0	1275	5.15	0.0
0	1276	5.14	0.0
0	1277	5.1	0.0
0	1278	5.09	0.09
0	1279	5.08	0.0
0	1280	5.07	0.0
0	1281	5.06	2.87
0	1282	5.06	0.0
0	1283	5.05	0.0
0	1284	5.05	0.0
0	1285	5.03	0.0
0	1286	5.01	1.39
0	1287	5.0	0.0
0	1288	4.98	0.0
0	1289	4.96	0.0
0	1290	4.95	3.86
0	1291	4.95	1.4
0	1292	4.94	0.0
0	1293	4.93	0.0
0	1294	4.93	0.0
0	1295	4.93	0.0
0	1296	4.92	0.0
0	1297	4.91	4.69
0	1298	4.91	0.0
0	1299	4.9	4.22
0	1300	4.89	0.0
0	1301	4.88	0.0
0	1302	4.87	0.0
0	1303	4.87	0.0
0	1304	4.85	0.0
0	1305	4.85	0.0
0	1306	4.85	0.0
0	1307	4.85	0.0
0	1308	4.81	0.0
0	1309	4.81	2.33
0	1310	4.81	0.0
0	1311	4.8	1.68
0	1312	4.76	2.28
0	1313	4.75	0.0
0	1314	4.74	0.0
0	1315	4.71	2.42
0	1316	4.71	0.0
0	1317	4.68	0.0
0	1318	4.66	0.95
0	1319	4.66	0.0
0	1320	4.66	2.46
0	1321	4.66	0.0
0	1322	4.66	3.52
0	1323	4.66	2.91
0	1324	4.65	0.0
0	1325	4.63	3.0
0	1326	4.63	0.0
0	1327	4.62	2.07
0	1328	4.61	0.0
0	1329	4.6	0.0
0	1330	4.6	4.4
0	1331	4.59	0.0
0	1332	4.58	0.0
0	1333	4.58	0.0
0	1334	4.57	4.41
0	1335	4.57	0.0
0	1336	4.57	0.0
0	1337	4.55	0.0
0	1338	4.55	0.0
0	1339	4.52	0.0
0	1340	4.51	2.17
0	1341	4.51	1.38
0	1342	4.51	0.0
0	1343	4.51	0.0
0	1344	4.5	0.0
0	1345	4.5	0.0
0	1346	4.5	0.0
0	1347	4.48	0.0
0	1348	4.47	1.37
0	1349	4.47	0.0
0	1350	4.47	0.0
0	1351	4.46	0.0
0	1352	4.45	0.0
0	1353	4.42	2.91
0	1354	4.38	4.05
0	1355	4.35	0.0
0	1356	4.35	0.0
0	1357	4.35	0.21
0	1358	4.33	3.81
0	1359	4.3	0.0
0	1360	4.3	0.0
0	1361	4.26	0.0
0	1362	4.25	0.0
0	1363	4.23	0.0
0	1364	4.21	0.0
0	1365	4.21	2.68
0	1366	4.19	0.0
0	1367	4.18	0.0
0	1368	4.17	0.0
0	1369	4.17	0.0
0	1370	4.14	0.0
0	1371	4.14	2.61
0	1372	4.13	0.0
0	1373	4.1	3.97
0	1374	4.1	0.0
0	1375	4.1	0.89
0	1376	4.1	0.0
0	1377	4.07	2.98
0	1378	4.06	0.0
0	1379	4.06	0.0
0	1380	4.05	0.0
0	1381	4.05	2.57
0	1382	4.05	0.0
0	1383	4.04	0.0
0	1384	4.03	0.0
0	1385	4.03	1.83
0	1386	4.03	2.77
0	1387	4.02	3.73
0	1388	4.02	0.0
0	1389	4.01	0.0
0	1390	4.0	0.0
0	1391	3.96	1.63
0	1392	3.95	0.0
0	1393	3.94	0.0
0	1394	3.94	0.0
0	1395	3.92	0.0
0	1396	3.91	0.0
0	1397	3.9	0.0
0	1398	3.89	0.0
0	1399	3.88	0.0
0	1400	3.86	0.0
0	1401	3.84	0.99
0	1402	3.83	0.0
0	1403	3.82	0.0
0	1404	3.81	0.0
0	1405	3.8	2.57
0	1406	3.8	0.0
0	1407	3.79	0.0
0	1408	3.78	0.0
0	1409	3.78	0.9
0	1410	3.75	0.0
0	1411	3.75	0.0
0	1412	3.75	1.13
0	1413	3.74	2.32
0	1414	3.73	0.0
0	1415	3.72	0.0
0	1416	3.71	2.16
0	1417	3.68	0.0
0	1418	3.68	0.0
0	1419	3.67	0.0
0	1420	3.67	3.04
0	1421	3.66	0.0
0	1422	3.65	0.0
0	1423	3.64	0.0
0	1424	3.62	0.0
0	1425	3.61	0.0
0	1426	3.61	0.0
0	1427	3.6	3.18
0	1428	3.6	1.9
0	1429	3.59	0.0
0	1430	3.58	2.96
0	1431	3.57	1.43
0	1432	3.56	2.18
0	1433	3.54	2.54
0	1434	3.54	0.0
0	1435	3.5	0.0
0	1436	3.49	0.0
0	1437	3.48	0.0
0	1438	3.47	0.0
0	1439	3.47	0.0
0	1440	3.46	0.0
0	1441	3.44	3.43
0	1442	3.44	3.19
0	1443	3.42	0.0
0	1444	3.39	1.89
0	1445	3.38	0.0
0	1446	3.38	0.0
0	1447	3.37	2.52
0	1448	3.36	0.0
0	1449	3.35	2.73
0	1450	3.32	0.0
0	1451	3.32	2.72
0	1452	3.31	0.0
0	1453	3.31	3.25
0	1454	3.31	0.0
0	1455	3.3	0.0
0	1456	3.29	0.0
0	1457	3.29	1.59
0	1458	3.28	0.0
0	1459	3.28	0.0
0	1460	3.27	0.0
0	1461	3.26	0.0
0	1462	3.24	0.95
0	1463	3.23	1.86
0	1464	3.2	0.0
0	1465	3.18	0.0
0	1466	3.16	1.1
0	1467	3.15	2.07
0	1468	3.15	0.0
0	1469	3.15	0.0
0	1470	3.13	0.0
0	1471	3.08	0.0
0	1472	3.06	0.0
0	1473	3.05	0.0
0	1474	3.05	0.0
0	1475	3.04	3.02
0	1476	3.04	0.0
0	1477	3.04	0.0
0	1478	3.04	0.0
0	1479	3.01	0.0
0	1480	2.99	0.0
0	1481	2.99	1.89
0	1482	2.98	0.0
0	1483	2.98	0.0
0	1484	2.97	0.0
0	1485	2.96	0.0
0	1486	2.96	2.39
0	1487	2.95	0.0
0	1488	2.94	0.0
0	1489	2.94	1.97
0	1490	2.93	0.0
0	1491	2.92	2.03
0	1492	2.92	0.0
0	1493	2.91	0.0
0	1494	2.91	0.0
0	1495	2.9	0.0
0	1496	2.88	0.42
0	1497	2.87	0.0
0	1498	2.86	0.0
0	1499	2.84	2.43
0	1500	2.83	0.0
0	1501	2.83	0.34
0	1502	2.81	0.0
0	1503	2.8	0.0
0	1504	2.79	0.0
0	1505	2.78	0.0
0	1506	2.77	0.0
0	1507	2.76	0.0
0	1508	2.76	0.0
0	1509	2.76	0.0
0	1510	2.74	0.0
0	1511	2.74	0.0
0	1512	2.73	0.0
0	1513	2.69	0.0
0	1514	2.69	0.0
0	1515	2.68	2.11
0	1516	2.67	1.25
0	1517	2.67	1.73
0	1518	2.63	0.77
0	1519	2.62	2.49
0	1520	2.62	0.0
0	1521	2.62	0.0
0	1522	2.61	0.0
0	1523	2.61	1.83
0	1524	2.61	0.0
0	1525	2.6	1.02
0	1526	2.58	0.0
0	1527	2.56	1.68
0	1528	2.56	2.01
0	1529	2.56	0.0
0	1530	2.56	0.0
0	1531	2.55	0.0
0	1532	2.55	0.0
0	1533	2.54	0.0
0	1534	2.54	0.78
0	1535	2.54	0.0
0	1536	2.54	0.23
0	1537	2.53	0.0
0	1538	2.52	0.0
0	1539	2.52	0.0
0	1540	2.5	0.0
0	1541	2.49	0.69
0	1542	2.49	0.0
0	1543	2.49	0.0
0	1544	2.49	0.0
0	1545	2.48	0.0
0	1546	2.48	0.0
0	1547	2.47	0.0
0	1548	2.46	0.0
0	1549	2.44	0.0
0	1550	2.44	0.0
0	1551	2.43	0.0
0	1552	2.43	0.0
0	1553	2.42	0.0
0	1554	2.42	0.0
0	1555	2.4	0.0
0	1556	2.4	0.0
0	1557	2.39	1.76
0	1558	2.38	0.0
0	1559	2.38	0.0
0	1560	2.36	0.22
0	1561	2.36	0.0
0	1562	2.35	0.33
0	1563	2.33	1.57
0	1564	2.32	0.0
0	1565	2.31	0.0
0	1566	2.3	0.0
0	1567	2.28	0.0
0	1568	2.28	2.18
0	1569	2.26	0.0
0	1570	2.25	0.46
0	1571	2.24	0.0
0	1572	2.23	0.0
0	1573	2.22	0.0
0	1574	2.21	0.0
0	1575	2.2	0.0
0	1576	2.2	0.0
0	1577	2.19	0.0
0	1578	2.19	1.78
0	1579	2.18	0.0
0	1580	2.17	0.0
0	1581	2.17	0.0
0	1582	2.16	0.0
0	1583	2.15	0.0
0	1584	2.14	0.0
0	1585	2.14	0.0
0	1586	2.13	0.0
0	1587	2.12	0.0
0	1588	2.12	0.0
0	1589	2.11	0.0
0	1590	2.1	0.0
0	1591	2.07	0.44
0	1592	2.05	0.0
0	1593	2.04	0.0
0	1594	2.04	0.0
0	1595	2.03	0.0
0	1596	2.02	0.0
0	1597	2.02	0.0
0	1598	2.01	0.0
0	1599	2.0	0.0
0	1600	2.0	1.27
0	1601	1.99	0.0
0	1602	1.98	0.59
0	1603	1.97	0.0
0	1604	1.97	0.0
0	1605	1.96	0.0
0	1606	1.95	0.0
0	1607	1.95	0.79
0	1608	1.94	0.0
0	1609	1.93	0.0
0	1610	1.93	1.59
0	1611	1.93	0.0
0	1612	1.93	0.0
0	1613	1.92	0.0
0	1614	1.91	0.0
0	1615	1.91	0.0
0	1616	1.9	0.0
0	1617	1.9	0.0
0	1618	1.89	0.0
0	1619	1.88	0.0
0	1620	1.87	0.0
0	1621	1.85	0.0
0	1622	1.85	0.96
0	1623	1.84	0.0
0	1624	1.83	0.0
0	1625	1.8	0.0
0	1626	1.79	0.0
0	1627	1.79	0.0
0	1628	1.79	0.0
0	1629	1.77	0.0
0	1630	1.76	0.0
0	1631	1.76	0.0
0	1632	1.75	0.0
0	1633	1.73	0.0
0	1634	1.73	0.0
0	1635	1.72	0.0
0	1636	1.7	0.0
0	1637	1.7	0.0
0	1638	1.68	0.0
0	1639	1.67	0.0
0	1640	1.67	0.0
0	1641	1.66	0.0
0	1642	1.64	0.0
0	1643	1.63	1.16
0	1644	1.63	0.03
0	1645	1.63	0.0
0	1646	1.62	0.0
0	1647	1.62	0.0
0	1648	1.61	0.9
0	1649	1.61	0.36
0	1650	1.6	0.0
0	1651	1.58	0.0
0	1652	1.57	0.31
0	1653	1.57	0.0
0	1654	1.57	0.0
0	1655	1.56	1.41
0	1656	1.55	0.61
0	1657	1.54	0.0
0	1658	1.54	0.0
0	1659	1.54	0.0
0	1660	1.54	0.0
0	1661	1.53	0.0
0	1662	1.53	0.0
0	1663	1.51	0.45
0	1664	1.5	0.0
0	1665	1.49	0.0
0	1666	1.49	0.0
0	1667	1.48	0.0
0	1668	1.48	0.0
0	1669	1.46	1.25
0	1670	1.46	0.0
0	1671	1.45	0.0
0	1672	1.43	0.0
0	1673	1.43	0.34
0	1674	1.43	0.0
0	1675	1.41	0.0
0	1676	1.4	0.0
0	1677	1.39	0.0
0	1678	1.39	0.0
0	1679	1.37	0.0
0	1680	1.34	0.0
0	1681	1.34	0.0
0	1682	1.33	0.0
0	1683	1.33	0.0
0	1684	1.32	0.0
0	1685	1.32	0.0
0	1686	1.32	0.0
0	1687	1.32	0.0
0	1688	1.31	0.29
0	1689	1.29	0.0
0	1690	1.28	0.0
0	1691	1.28	0.0
0	1692	1.28	0.0
0	1693	1.28	1.03
0	1694	1.26	0.0
0	1695	1.26	0.0
0	1696	1.25	0.0
0	1697	1.25	0.24
0	1698	1.24	0.0
0	1699	1.23	0.0
0	1700	1.23	0.0
0	1701	1.22	0.23
0	1702	1.21	1.13
0	1703	1.19	0.0
0	1704	1.19	0.0
0	1705	1.18	0.0
0	1706	1.18	0.0
0	1707	1.17	0.0
0	1708	1.16	0.0
0	1709	1.15	0.87
0	1710	1.15	0.0
0	1711	1.12	0.2
0	1712	1.12	0.0
0	1713	1.11	0.0
0	1714	1.1	0.0
0	1715	1.08	0.0
0	1716	1.08	0.0
0	1717	1.07	0.0
0	1718	1.06	0.55
0	1719	1.05	0.0
0	1720	1.04	0.0
0	1721	1.03	0.13
0	1722	1.03	0.0
0	1723	1.02	0.0
0	1724	1.0	0.0
0	1725	0.98	0.0
0	1726	0.98	0.0
0	1727	0.98	0.0
0	1728	0.98	0.0
0	1729	0.97	0.0
0	1730	0.95	0.8
0	1731	0.95	0.0
0	1732	0.94	0.0
0	1733	0.93	0.0
0	1734	0.92	0.0
0	1735	0.91	0.0
0	1736	0.91	0.0
0	1737	0.91	0.0
0	1738	0.9	0.0
0	1739	0.9	0.0
0	1740	0.9	0.0
0	1741	0.89	0.31
0	1742	0.88	0.0
0	1743	0.87	0.0
0	1744	0.85	0.0
0	1745	0.84	0.0
0	1746	0.84	0.0
0	1747	0.83	0.0
0	1748	0.83	0.0
0	1749	0.82	0.0
0	1750	0.8	0.0
0	1751	0.8	0.0
0	1752	0.78	0.0
0	1753	0.78	0.68
0	1754	0.76	0.0
0	1755	0.76	0.0
0	1756	0.76	0.0
0	1757	0.76	0.0
0	1758	0.75	0.0
0	1759	0.74	0.0
0	1760	0.74	0.0
0	1761	0.74	0.0
0	1762	0.73	0.0
0	1763	0.72	0.0
0	1764	0.7	0.0
0	1765	0.7	0.0
0	1766	0.67	0.66
0	1767	0.66	0.0
0	1768	0.66	0.0
0	1769	0.64	0.0
0	1770	0.64	0.0
0	1771	0.64	0.0
0	1772	0.62	0.13
0	1773	0.62	0.0
0	1774	0.6	0.0
0	1775	0.59	0.0
0	1776	0.59	0.0
0	1777	0.58	0.0
0	1778	0.57	0.0
0	1779	0.57	0.0
0	1780	0.55	0.0
0	1781	0.52	0.0
0	1782	0.52	0.0
0	1783	0.51	0.12
0	1784	0.51	0.0
0	1785	0.46	0.0
0	1786	0.46	0.0
0	1787	0.45	0.0
0	1788	0.44	0.0
0	1789	0.42	0.0
0	1790	0.41	0.0
0	1791	0.41	0.0
0	1792	0.4	0.0
0	1793	0.39	0.0
0	1794	0.38	0.0
0	1795	0.37	0.0
0	1796	0.37	0.0
0	1797	0.36	0.0
0	1798	0.33	0.0
0	1799	0.32	0.0
0	1800	0.32	0.0
0	1801	0.32	0.0
0	1802	0.32	0.0
0	1803	0.31	0.0
0	1804	0.3	0.0
0	1805	0.3	0.27
0	1806	0.29	0.0
0	1807	0.27	0.0
0	1808	0.25	0.0
0	1809	0.25	0.0
0	1810	0.24	0.0
0	1811	0.23	0.0
0	1812	0.22	0.0
0	1813	0.22	0.0
0	1814	0.21	0.0
0	1815	0.21	0.0
0	1816	0.2	0.0
0	1817	0.19	0.0
0	1818	0.15	0.0
0	1819	0.14	0.0
0	1820	0.13	0.0
0	1821	0.12	0.0
0	1822	0.11	0.0
0	1823	0.1	0.0
0	1824	0.09	0.0
0	1825	0.08	0.0
0	1826	0.08	0.0
0	1827	0.08	0.0
0	1828	0.07	0.0
0	1829	0.06	0.0
0	1830	0.05	0.0
0	1831	0.04	0.0
0	1832	0.03	0.0
0	1833	0.03	0.0
0	1834	0.01	0.0
