clade	species	ts	te
0	1	100.0	82.3
0	2	91.52	70.79
0	3	89.24	76.67
0	4	88.28	83.07
0	5	87.05	86.48
0	6	86.24	73.9
0	7	85.21	53.55
0	8	84.12	83.1
0	9	83.96	82.33
0	10	81.23	79.2
0	11	80.22	78.83
0	12	79.89	74.57
0	13	79.29	76.94
0	14	71.33	61.94
0	15	70.08	60.77
0	16	69.23	55.27
0	17	69.02	45.24
0	18	66.6	57.76
0	19	64.5	40.87
0	20	63.82	53.45
0	21	63.72	60.76
0	22	63.19	62.97
0	23	62.96	14.09
0	24	62.29	37.67
0	25	62.14	48.24
0	26	62.06	61.25
0	27	61.47	41.78
0	28	60.68	29.27
0	29	60.01	58.84
0	30	59.67	54.68
0	31	59.56	59.06
0	32	59.5	55.77
0	33	59.34	54.36
0	34	59.17	46.44
0	35	59.13	56.82
0	36	58.94	58.19
0	37	58.64	55.15
0	38	58.17	53.01
0	39	58.16	57.63
0	40	57.85	42.08
0	41	57.77	36.1
0	42	57.33	53.82
0	43	57.24	56.01
0	44	57.19	54.11
0	45	57.12	56.76
0	46	56.79	52.98
0	47	56.74	53.55
0	48	56.15	37.42
0	49	55.81	55.4
0	50	55.61	48.65
0	51	55.06	48.75
0	52	54.93	45.59
0	53	54.86	51.91
0	54	54.84	45.96
0	55	54.59	0.0
0	56	54.48	50.64
0	57	54.0	53.8
0	58	53.82	45.25
0	59	53.69	45.48
0	60	53.37	52.11
0	61	53.05	50.06
0	62	52.71	49.13
0	63	52.68	39.37
0	64	51.94	40.58
0	65	51.93	33.22
0	66	51.44	40.31
0	67	50.36	43.94
0	68	49.86	44.15
0	69	49.75	46.0
0	70	49.72	48.87
0	71	49.3	37.1
0	72	49.3	39.36
0	73	48.75	47.5
0	74	48.43	44.76
0	75	48.25	46.66
0	76	47.89	34.31
0	77	47.65	44.21
0	78	47.42	45.55
0	79	47.16	22.81
0	80	47.12	45.71
0	81	47.03	46.95
0	82	46.66	27.69
0	83	46.39	22.9
0	84	46.08	42.67
0	85	46.03	41.03
0	86	45.9	45.76
0	87	45.84	45.21
0	88	45.64	11.04
0	89	45.52	34.33
0	90	45.51	40.45
0	91	45.42	42.78
0	92	45.17	41.52
0	93	44.74	38.61
0	94	44.68	42.6
0	95	44.63	20.45
0	96	44.6	12.96
0	97	44.2	28.92
0	98	43.93	33.55
0	99	43.49	35.4
0	100	43.09	42.05
0	101	42.95	37.01
0	102	42.89	28.33
0	103	42.85	28.82
0	104	42.8	22.64
0	105	42.79	41.64
0	106	42.65	40.95
0	107	42.41	39.68
0	108	42.4	38.84
0	109	42.27	38.95
0	110	41.66	38.01
0	111	41.56	15.94
0	112	41.44	32.64
0	113	41.36	32.46
0	114	41.2	31.02
0	115	41.15	23.18
0	116	41.07	33.92
0	117	40.96	34.9
0	118	40.93	40.11
0	119	40.89	37.4
0	120	40.77	34.67
0	121	40.66	29.84
0	122	40.61	39.61
0	123	40.5	38.83
0	124	40.19	38.39
0	125	40.1	2.39
0	126	40.08	10.58
0	127	39.71	31.28
0	128	39.61	21.22
0	129	39.47	38.44
0	130	39.46	32.48
0	131	39.01	37.69
0	132	38.97	35.53
0	133	38.69	33.55
0	134	38.61	3.45
0	135	38.61	7.38
0	136	38.61	32.01
0	137	38.6	35.04
0	138	38.43	30.74
0	139	38.3	36.64
0	140	38.24	34.03
0	141	38.23	31.48
0	142	38.22	31.43
0	143	38.21	37.01
0	144	38.14	6.68
0	145	38.0	19.3
0	146	37.94	15.17
0	147	37.92	22.25
0	148	37.79	0.0
0	149	37.66	27.81
0	150	37.61	0.0
0	151	37.51	36.75
0	152	37.21	27.13
0	153	37.19	24.04
0	154	37.16	35.33
0	155	37.08	33.92
0	156	37.04	35.0
0	157	36.92	33.54
0	158	36.69	32.93
0	159	36.5	29.82
0	160	36.48	36.21
0	161	36.47	29.23
0	162	36.27	35.21
0	163	36.2	28.49
0	164	36.2	33.09
0	165	36.19	35.02
0	166	36.17	0.95
0	167	35.95	34.52
0	168	35.87	21.17
0	169	35.86	32.22
0	170	35.78	27.69
0	171	35.77	12.01
0	172	35.61	31.71
0	173	35.57	7.13
0	174	35.38	15.67
0	175	35.38	30.67
0	176	35.35	35.03
0	177	35.31	25.36
0	178	35.16	30.15
0	179	35.13	15.85
0	180	35.03	31.43
0	181	35.0	30.41
0	182	34.99	21.07
0	183	34.75	20.17
0	184	34.7	25.48
0	185	34.63	32.48
0	186	34.44	24.88
0	187	34.43	32.29
0	188	34.19	34.13
0	189	34.15	32.9
0	190	34.06	29.03
0	191	33.95	31.36
0	192	33.89	25.82
0	193	33.88	32.07
0	194	33.73	29.22
0	195	33.71	26.86
0	196	33.6	0.0
0	197	33.51	13.65
0	198	33.5	32.68
0	199	33.4	0.0
0	200	33.38	22.5
0	201	33.35	26.75
0	202	33.22	31.85
0	203	33.18	32.89
0	204	33.06	31.13
0	205	32.94	31.34
0	206	32.9	20.78
0	207	32.87	32.65
0	208	32.85	28.45
0	209	32.67	29.08
0	210	32.43	24.49
0	211	32.35	0.0
0	212	32.27	32.26
0	213	32.26	21.23
0	214	32.26	27.54
0	215	32.23	25.51
0	216	32.12	0.0
0	217	32.08	31.04
0	218	32.03	27.57
0	219	32.03	29.7
0	220	32.01	25.83
0	221	32.01	27.21
0	222	32.01	31.37
0	223	32.0	23.32
0	224	31.99	26.03
0	225	31.82	22.68
0	226	31.81	0.0
0	227	31.79	0.0
0	228	31.78	22.15
0	229	31.78	31.14
0	230	31.72	19.49
0	231	31.72	29.85
0	232	31.66	6.16
0	233	31.63	14.4
0	234	31.61	29.79
0	235	31.51	13.98
0	236	31.48	30.21
0	237	31.48	30.91
0	238	31.44	13.48
0	239	31.2	9.2
0	240	31.06	0.99
0	241	31.04	27.71
0	242	31.02	27.44
0	243	30.99	17.08
0	244	30.96	29.51
0	245	30.92	19.25
0	246	30.9	22.73
0	247	30.88	27.35
0	248	30.84	16.35
0	249	30.58	28.25
0	250	30.55	21.91
0	251	30.47	15.75
0	252	30.46	27.41
0	253	30.44	26.85
0	254	30.44	28.04
0	255	30.32	21.62
0	256	30.29	0.0
0	257	30.23	28.99
0	258	30.2	24.87
0	259	30.09	24.55
0	260	30.02	28.71
0	261	29.99	25.05
0	262	29.84	28.23
0	263	29.84	5.23
0	264	29.82	27.04
0	265	29.73	18.23
0	266	29.7	29.55
0	267	29.68	26.56
0	268	29.61	17.82
0	269	29.6	18.11
0	270	29.52	8.91
0	271	29.46	20.88
0	272	29.42	16.73
0	273	29.41	20.56
0	274	29.35	26.66
0	275	29.33	11.7
0	276	29.19	24.51
0	277	29.14	3.56
0	278	29.12	23.08
0	279	29.11	26.29
0	280	29.1	14.98
0	281	29.09	23.81
0	282	28.85	20.55
0	283	28.73	27.94
0	284	28.72	23.79
0	285	28.63	14.15
0	286	28.59	28.34
0	287	28.54	19.45
0	288	28.43	23.2
0	289	28.42	11.99
0	290	28.41	26.66
0	291	28.39	27.7
0	292	28.35	25.87
0	293	28.32	17.15
0	294	28.3	25.8
0	295	28.3	19.74
0	296	28.29	20.91
0	297	28.25	19.05
0	298	28.15	10.34
0	299	28.07	15.06
0	300	27.95	16.47
0	301	27.94	21.1
0	302	27.87	0.0
0	303	27.84	10.1
0	304	27.75	21.31
0	305	27.69	20.44
0	306	27.64	24.31
0	307	27.58	22.48
0	308	27.58	26.3
0	309	27.57	21.14
0	310	27.57	18.82
0	311	27.39	25.83
0	312	27.27	5.7
0	313	27.27	15.89
0	314	27.26	26.01
0	315	27.25	23.32
0	316	27.14	17.29
0	317	27.14	26.47
0	318	27.08	26.31
0	319	26.92	0.0
0	320	26.87	20.43
0	321	26.8	25.64
0	322	26.74	16.56
0	323	26.72	25.68
0	324	26.59	9.35
0	325	26.58	10.21
0	326	26.56	13.94
0	327	26.55	16.54
0	328	26.54	16.33
0	329	26.52	22.24
0	330	26.5	20.56
0	331	26.3	1.09
0	332	26.3	18.68
0	333	26.28	10.97
0	334	26.17	25.99
0	335	25.93	17.03
0	336	25.9	21.95
0	337	25.83	9.81
0	338	25.79	11.46
0	339	25.55	24.87
0	340	25.53	25.26
0	341	25.37	1.21
0	342	25.35	13.43
0	343	25.34	19.1
0	344	25.32	17.31
0	345	25.32	6.84
0	346	25.27	16.34
0	347	25.18	23.18
0	348	25.13	24.82
0	349	25.08	20.69
0	350	24.99	6.18
0	351	24.98	22.63
0	352	24.98	6.64
0	353	24.98	24.12
0	354	24.89	11.0
0	355	24.87	20.0
0	356	24.86	19.34
0	357	24.86	20.87
0	358	24.46	11.08
0	359	24.42	15.58
0	360	24.42	6.08
0	361	24.33	17.83
0	362	24.26	17.51
0	363	24.21	17.55
0	364	24.14	22.45
0	365	24.06	23.43
0	366	23.93	10.42
0	367	23.87	4.08
0	368	23.77	10.22
0	369	23.74	13.36
0	370	23.7	22.9
0	371	23.64	3.32
0	372	23.62	19.87
0	373	23.59	0.14
0	374	23.58	8.06
0	375	23.56	20.9
0	376	23.5	21.06
0	377	23.39	3.87
0	378	23.36	0.0
0	379	23.35	18.3
0	380	23.34	22.4
0	381	23.34	12.0
0	382	23.32	18.4
0	383	23.32	23.01
0	384	23.29	12.95
0	385	23.28	19.47
0	386	23.22	22.62
0	387	23.08	22.74
0	388	23.08	18.5
0	389	23.0	19.36
0	390	22.98	12.81
0	391	22.97	19.35
0	392	22.95	0.0
0	393	22.94	6.35
0	394	22.91	22.71
0	395	22.9	0.0
0	396	22.81	9.06
0	397	22.8	20.19
0	398	22.73	7.9
0	399	22.68	19.86
0	400	22.62	4.19
0	401	22.6	11.81
0	402	22.59	13.39
0	403	22.57	19.18
0	404	22.54	18.49
0	405	22.49	18.45
0	406	22.48	19.2
0	407	22.33	12.95
0	408	22.28	19.14
0	409	22.27	0.0
0	410	22.26	18.18
0	411	22.25	11.82
0	412	22.25	0.0
0	413	22.17	0.0
0	414	22.14	11.3
0	415	22.13	16.7
0	416	22.01	0.0
0	417	21.99	12.46
0	418	21.98	0.0
0	419	21.98	20.97
0	420	21.95	16.74
0	421	21.9	19.03
0	422	21.85	3.67
0	423	21.8	15.87
0	424	21.76	21.41
0	425	21.73	17.36
0	426	21.71	17.14
0	427	21.68	12.38
0	428	21.61	17.8
0	429	21.6	18.08
0	430	21.59	13.93
0	431	21.59	17.74
0	432	21.59	21.17
0	433	21.54	19.77
0	434	21.47	19.05
0	435	21.44	17.43
0	436	21.43	10.25
0	437	21.41	18.26
0	438	21.41	11.42
0	439	21.4	15.49
0	440	21.39	17.57
0	441	21.36	9.58
0	442	21.31	20.19
0	443	21.3	15.03
0	444	21.25	17.89
0	445	21.19	15.46
0	446	21.16	18.42
0	447	21.14	4.56
0	448	21.11	5.31
0	449	21.01	11.42
0	450	21.0	19.85
0	451	20.94	18.09
0	452	20.9	15.53
0	453	20.89	0.03
0	454	20.88	12.99
0	455	20.81	1.95
0	456	20.81	20.57
0	457	20.8	5.44
0	458	20.7	0.0
0	459	20.62	18.34
0	460	20.58	0.0
0	461	20.52	19.19
0	462	20.46	18.82
0	463	20.36	0.0
0	464	20.33	9.94
0	465	20.32	0.0
0	466	20.31	3.17
0	467	20.23	0.0
0	468	20.22	13.03
0	469	20.17	17.84
0	470	20.17	16.24
0	471	20.12	0.0
0	472	20.05	17.09
0	473	19.97	17.74
0	474	19.97	12.53
0	475	19.97	19.92
0	476	19.85	12.09
0	477	19.77	7.85
0	478	19.75	0.0
0	479	19.74	15.0
0	480	19.73	18.85
0	481	19.68	6.58
0	482	19.68	6.24
0	483	19.64	0.0
0	484	19.62	8.97
0	485	19.6	1.68
0	486	19.57	4.36
0	487	19.52	19.19
0	488	19.47	6.08
0	489	19.45	17.35
0	490	19.44	19.4
0	491	19.41	0.0
0	492	19.38	17.25
0	493	19.32	5.06
0	494	19.29	13.51
0	495	19.26	18.82
0	496	19.17	0.0
0	497	19.15	18.06
0	498	19.13	17.72
0	499	19.13	5.47
0	500	18.98	8.34
0	501	18.98	16.14
0	502	18.97	5.08
0	503	18.91	16.37
0	504	18.89	0.0
0	505	18.8	16.34
0	506	18.79	10.91
0	507	18.78	0.0
0	508	18.77	0.0
0	509	18.71	16.64
0	510	18.68	13.3
0	511	18.64	0.0
0	512	18.57	7.74
0	513	18.5	15.66
0	514	18.48	13.06
0	515	18.45	12.06
0	516	18.45	0.35
0	517	18.41	0.0
0	518	18.4	2.08
0	519	18.4	0.0
0	520	18.39	2.9
0	521	18.37	1.39
0	522	18.37	14.7
0	523	18.36	14.28
0	524	18.36	5.9
0	525	18.32	12.01
0	526	18.32	9.91
0	527	18.29	16.73
0	528	18.24	13.11
0	529	18.23	17.07
0	530	18.23	0.0
0	531	18.2	16.75
0	532	18.19	10.63
0	533	18.18	13.34
0	534	18.18	10.5
0	535	18.16	13.32
0	536	18.11	13.07
0	537	18.11	5.09
0	538	18.1	3.69
0	539	18.09	17.65
0	540	18.07	16.19
0	541	17.95	10.67
0	542	17.91	11.64
0	543	17.91	5.72
0	544	17.79	7.57
0	545	17.69	15.3
0	546	17.64	13.34
0	547	17.56	14.48
0	548	17.54	17.26
0	549	17.44	10.54
0	550	17.39	8.85
0	551	17.39	17.26
0	552	17.39	0.0
0	553	17.37	9.43
0	554	17.36	15.11
0	555	17.33	11.54
0	556	17.33	16.11
0	557	17.32	17.3
0	558	17.3	16.63
0	559	17.28	14.12
0	560	17.27	16.88
0	561	17.26	0.0
0	562	17.2	12.16
0	563	17.14	16.56
0	564	17.13	0.0
0	565	17.12	14.74
0	566	17.12	15.54
0	567	17.12	14.32
0	568	17.11	5.35
0	569	17.11	14.02
0	570	17.11	10.29
0	571	17.09	8.26
0	572	17.07	5.33
0	573	16.98	0.0
0	574	16.92	16.69
0	575	16.92	16.56
0	576	16.91	9.02
0	577	16.91	14.74
0	578	16.86	1.09
0	579	16.84	9.42
0	580	16.81	12.7
0	581	16.78	9.86
0	582	16.77	12.09
0	583	16.74	10.36
0	584	16.74	9.66
0	585	16.71	5.57
0	586	16.71	2.68
0	587	16.69	13.59
0	588	16.68	12.38
0	589	16.63	4.01
0	590	16.56	16.39
0	591	16.54	15.11
0	592	16.49	0.0
0	593	16.46	8.2
0	594	16.45	10.38
0	595	16.45	14.81
0	596	16.44	15.6
0	597	16.41	0.0
0	598	16.41	9.69
0	599	16.37	10.51
0	600	16.36	15.51
0	601	16.34	14.46
0	602	16.32	0.0
0	603	16.27	14.31
0	604	16.26	8.48
0	605	16.26	15.62
0	606	16.22	15.91
0	607	16.2	13.28
0	608	16.17	14.51
0	609	16.12	9.97
0	610	16.11	10.22
0	611	16.09	7.67
0	612	16.09	9.06
0	613	16.08	10.49
0	614	16.08	13.6
0	615	16.08	13.13
0	616	16.02	9.1
0	617	15.99	8.88
0	618	15.99	10.94
0	619	15.97	14.84
0	620	15.93	15.3
0	621	15.91	12.38
0	622	15.89	0.76
0	623	15.89	2.33
0	624	15.85	8.58
0	625	15.84	8.44
0	626	15.74	0.0
0	627	15.73	5.2
0	628	15.72	12.21
0	629	15.67	3.93
0	630	15.66	0.0
0	631	15.64	5.31
0	632	15.63	0.0
0	633	15.63	14.39
0	634	15.62	0.0
0	635	15.58	1.59
0	636	15.56	14.01
0	637	15.54	6.26
0	638	15.52	0.0
0	639	15.52	7.76
0	640	15.49	15.08
0	641	15.38	0.0
0	642	15.37	7.82
0	643	15.27	5.32
0	644	15.27	1.4
0	645	15.24	0.0
0	646	15.17	8.15
0	647	15.16	0.0
0	648	15.13	12.16
0	649	15.11	13.53
0	650	15.11	0.0
0	651	15.09	0.0
0	652	15.04	6.74
0	653	15.04	14.86
0	654	15.01	0.0
0	655	15.01	14.17
0	656	14.97	0.0
0	657	14.92	2.79
0	658	14.92	14.89
0	659	14.91	7.93
0	660	14.9	9.43
0	661	14.88	8.4
0	662	14.88	14.4
0	663	14.87	13.56
0	664	14.86	12.6
0	665	14.83	0.0
0	666	14.81	1.93
0	667	14.8	0.0
0	668	14.77	3.09
0	669	14.77	0.0
0	670	14.75	0.0
0	671	14.7	14.35
0	672	14.69	0.0
0	673	14.67	0.0
0	674	14.64	0.0
0	675	14.59	0.2
0	676	14.57	8.63
0	677	14.51	13.12
0	678	14.47	14.32
0	679	14.46	6.71
0	680	14.42	0.0
0	681	14.39	10.53
0	682	14.36	4.35
0	683	14.35	9.38
0	684	14.34	4.2
0	685	14.33	9.33
0	686	14.27	12.51
0	687	14.22	5.16
0	688	14.13	12.84
0	689	14.12	13.96
0	690	14.09	0.0
0	691	14.04	9.11
0	692	14.03	0.0
0	693	13.96	4.07
0	694	13.91	0.0
0	695	13.9	8.36
0	696	13.89	0.0
0	697	13.87	3.07
0	698	13.81	8.05
0	699	13.8	12.66
0	700	13.79	11.37
0	701	13.68	0.0
0	702	13.61	13.58
0	703	13.57	7.72
0	704	13.54	13.46
0	705	13.5	12.96
0	706	13.42	9.4
0	707	13.39	0.19
0	708	13.39	6.18
0	709	13.38	0.0
0	710	13.38	10.12
0	711	13.36	0.0
0	712	13.34	12.97
0	713	13.24	0.0
0	714	13.24	6.45
0	715	13.21	12.06
0	716	13.17	0.0
0	717	13.14	6.09
0	718	13.12	0.0
0	719	13.01	0.0
0	720	13.01	8.17
0	721	13.0	0.0
0	722	12.98	9.59
0	723	12.97	12.12
0	724	12.96	0.0
0	725	12.92	0.0
0	726	12.89	3.37
0	727	12.89	0.0
0	728	12.88	9.25
0	729	12.87	10.2
0	730	12.86	0.0
0	731	12.77	0.0
0	732	12.74	8.71
0	733	12.68	4.69
0	734	12.65	6.13
0	735	12.61	0.0
0	736	12.6	10.02
0	737	12.59	0.0
0	738	12.55	5.79
0	739	12.52	0.0
0	740	12.5	1.48
0	741	12.5	4.37
0	742	12.48	5.63
0	743	12.48	9.06
0	744	12.47	6.82
0	745	12.39	4.8
0	746	12.34	11.77
0	747	12.3	8.4
0	748	12.29	7.38
0	749	12.28	9.78
0	750	12.25	0.0
0	751	12.19	0.0
0	752	12.17	8.02
0	753	12.13	0.51
0	754	12.11	3.35
0	755	12.07	6.3
0	756	12.04	8.97
0	757	12.04	8.37
0	758	12.01	10.56
0	759	12.0	0.07
0	760	11.97	11.73
0	761	11.97	8.42
0	762	11.96	11.43
0	763	11.93	11.6
0	764	11.9	0.0
0	765	11.9	0.0
0	766	11.88	0.0
0	767	11.88	0.0
0	768	11.87	0.0
0	769	11.78	10.14
0	770	11.77	0.0
0	771	11.74	0.0
0	772	11.67	1.81
0	773	11.6	7.36
0	774	11.59	5.02
0	775	11.56	6.73
0	776	11.55	0.0
0	777	11.54	0.72
0	778	11.52	0.75
0	779	11.49	3.12
0	780	11.48	0.0
0	781	11.48	2.78
0	782	11.46	0.0
0	783	11.45	7.49
0	784	11.44	8.44
0	785	11.41	10.42
0	786	11.36	0.0
0	787	11.33	7.5
0	788	11.32	8.84
0	789	11.31	0.0
0	790	11.27	9.76
0	791	11.24	10.57
0	792	11.23	7.57
0	793	11.21	0.0
0	794	11.17	5.71
0	795	11.11	3.29
0	796	11.07	0.0
0	797	11.03	10.23
0	798	11.01	0.0
0	799	11.01	10.4
0	800	11.01	9.75
0	801	10.96	4.31
0	802	10.93	3.84
0	803	10.93	0.3
0	804	10.91	0.0
0	805	10.9	1.05
0	806	10.9	9.57
0	807	10.89	0.0
0	808	10.88	0.0
0	809	10.88	10.18
0	810	10.85	0.0
0	811	10.84	0.0
0	812	10.81	0.0
0	813	10.78	7.74
0	814	10.76	2.86
0	815	10.75	7.63
0	816	10.74	10.3
0	817	10.7	9.95
0	818	10.69	0.0
0	819	10.66	3.74
0	820	10.63	9.2
0	821	10.58	10.13
0	822	10.56	2.72
0	823	10.56	0.0
0	824	10.56	8.28
0	825	10.54	10.06
0	826	10.53	9.83
0	827	10.52	0.0
0	828	10.52	0.0
0	829	10.52	1.4
0	830	10.52	10.26
0	831	10.51	2.19
0	832	10.48	6.8
0	833	10.47	0.03
0	834	10.45	0.0
0	835	10.44	5.01
0	836	10.43	0.0
0	837	10.41	4.16
0	838	10.39	0.0
0	839	10.39	8.97
0	840	10.39	6.82
0	841	10.38	9.52
0	842	10.35	0.47
0	843	10.34	8.92
0	844	10.29	0.0
0	845	10.28	6.54
0	846	10.25	7.74
0	847	10.25	0.0
0	848	10.24	0.0
0	849	10.23	0.0
0	850	10.22	9.63
0	851	10.19	7.67
0	852	10.19	9.0
0	853	10.18	8.63
0	854	10.18	0.0
0	855	10.16	0.83
0	856	10.15	0.0
0	857	10.14	0.0
0	858	10.13	0.0
0	859	10.12	7.71
0	860	10.12	2.91
0	861	10.12	4.37
0	862	10.12	1.61
0	863	10.11	9.92
0	864	10.09	0.29
0	865	10.03	0.06
0	866	10.01	7.0
0	867	9.99	0.0
0	868	9.98	0.0
0	869	9.97	8.85
0	870	9.96	6.73
0	871	9.94	0.0
0	872	9.93	0.0
0	873	9.85	2.01
0	874	9.84	2.62
0	875	9.82	6.02
0	876	9.78	4.82
0	877	9.77	8.36
0	878	9.76	2.95
0	879	9.74	0.0
0	880	9.72	0.0
0	881	9.64	0.0
0	882	9.64	3.96
0	883	9.63	2.1
0	884	9.61	7.73
0	885	9.54	0.18
0	886	9.46	0.0
0	887	9.45	2.14
0	888	9.45	4.9
0	889	9.43	5.76
0	890	9.41	0.0
0	891	9.41	0.0
0	892	9.4	0.0
0	893	9.38	7.59
0	894	9.37	3.5
0	895	9.33	3.02
0	896	9.33	6.88
0	897	9.32	0.0
0	898	9.28	7.29
0	899	9.27	0.17
0	900	9.26	4.8
0	901	9.25	0.0
0	902	9.24	8.82
0	903	9.23	7.64
0	904	9.21	8.19
0	905	9.2	6.63
0	906	9.16	8.73
0	907	9.09	0.76
0	908	9.08	5.01
0	909	9.08	8.15
0	910	9.07	3.44
0	911	9.06	0.0
0	912	9.05	4.58
0	913	9.04	1.53
0	914	9.03	7.36
0	915	9.02	0.0
0	916	9.01	8.9
0	917	9.0	8.66
0	918	8.98	6.86
0	919	8.97	7.48
0	920	8.95	0.0
0	921	8.94	0.0
0	922	8.94	0.0
0	923	8.93	0.0
0	924	8.9	6.8
0	925	8.88	4.9
0	926	8.88	3.03
0	927	8.87	0.0
0	928	8.87	0.0
0	929	8.85	0.0
0	930	8.84	3.42
0	931	8.83	6.34
0	932	8.82	8.25
0	933	8.81	1.5
0	934	8.8	1.75
0	935	8.79	0.0
0	936	8.77	3.65
0	937	8.77	6.96
0	938	8.74	5.55
0	939	8.73	0.0
0	940	8.72	0.0
0	941	8.68	0.0
0	942	8.68	0.0
0	943	8.63	0.0
0	944	8.63	0.61
0	945	8.61	6.77
0	946	8.61	0.0
0	947	8.61	3.52
0	948	8.6	3.8
0	949	8.6	0.0
0	950	8.58	7.55
0	951	8.58	5.49
0	952	8.57	8.3
0	953	8.52	1.47
0	954	8.49	0.0
0	955	8.49	7.95
0	956	8.47	2.75
0	957	8.47	0.0
0	958	8.46	7.48
0	959	8.44	0.0
0	960	8.44	0.0
0	961	8.43	0.0
0	962	8.43	6.15
0	963	8.42	0.0
0	964	8.4	0.0
0	965	8.38	1.9
0	966	8.35	5.43
0	967	8.35	0.0
0	968	8.3	0.0
0	969	8.28	3.94
0	970	8.25	5.05
0	971	8.24	4.89
0	972	8.24	7.72
0	973	8.23	5.4
0	974	8.22	0.0
0	975	8.2	0.0
0	976	8.17	4.0
0	977	8.16	4.95
0	978	8.09	0.0
0	979	8.09	7.48
0	980	8.08	0.0
0	981	8.07	7.26
0	982	8.05	6.0
0	983	8.03	4.38
0	984	8.02	7.73
0	985	8.01	6.52
0	986	7.98	4.03
0	987	7.95	7.0
0	988	7.94	6.08
0	989	7.91	2.53
0	990	7.89	7.3
0	991	7.89	0.0
0	992	7.82	6.6
0	993	7.81	6.9
0	994	7.81	5.23
0	995	7.8	0.73
0	996	7.76	6.15
0	997	7.75	0.0
0	998	7.74	0.0
0	999	7.74	0.0
0	1000	7.74	0.0
0	1001	7.7	6.86
0	1002	7.7	0.0
0	1003	7.67	0.0
0	1004	7.64	0.0
0	1005	7.63	0.0
0	1006	7.63	0.0
0	1007	7.62	3.35
0	1008	7.57	5.35
0	1009	7.56	6.19
0	1010	7.55	0.0
0	1011	7.55	0.86
0	1012	7.54	0.0
0	1013	7.5	0.43
0	1014	7.5	1.87
0	1015	7.49	0.0
0	1016	7.46	4.4
0	1017	7.45	5.15
0	1018	7.41	1.12
0	1019	7.3	3.68
0	1020	7.29	0.0
0	1021	7.29	0.0
0	1022	7.29	0.0
0	1023	7.28	1.46
0	1024	7.25	1.06
0	1025	7.23	6.25
0	1026	7.14	2.71
0	1027	7.13	4.1
0	1028	7.11	0.0
0	1029	7.11	6.71
0	1030	7.09	3.06
0	1031	7.07	0.0
0	1032	7.06	6.08
0	1033	7.03	2.24
0	1034	7.0	3.73
0	1035	6.96	0.0
0	1036	6.95	0.0
0	1037	6.94	3.75
0	1038	6.93	0.0
0	1039	6.93	3.01
0	1040	6.91	0.0
0	1041	6.85	4.46
0	1042	6.82	3.22
0	1043	6.8	0.0
0	1044	6.74	4.25
0	1045	6.74	3.09
0	1046	6.71	0.0
0	1047	6.69	4.42
0	1048	6.6	0.0
0	1049	6.59	0.0
0	1050	6.56	0.0
0	1051	6.56	0.0
0	1052	6.54	0.95
0	1053	6.53	5.38
0	1054	6.51	0.0
0	1055	6.49	0.0
0	1056	6.48	0.0
0	1057	6.47	1.79
0	1058	6.46	0.0
0	1059	6.46	3.24
0	1060	6.42	0.0
0	1061	6.42	0.0
0	1062	6.41	5.17
0	1063	6.38	0.0
0	1064	6.37	0.0
0	1065	6.36	4.44
0	1066	6.34	6.21
0	1067	6.27	5.62
0	1068	6.26	0.0
0	1069	6.26	0.0
0	1070	6.26	0.0
0	1071	6.25	0.42
0	1072	6.23	0.0
0	1073	6.23	0.0
0	1074	6.22	0.0
0	1075	6.22	2.57
0	1076	6.18	4.35
0	1077	6.17	0.0
0	1078	6.16	0.0
0	1079	6.15	0.0
0	1080	6.15	0.0
0	1081	6.11	4.12
0	1082	6.11	0.0
0	1083	6.1	0.0
0	1084	6.09	5.29
0	1085	6.05	0.0
0	1086	6.05	0.0
0	1087	6.03	3.92
0	1088	5.99	0.0
0	1089	5.91	0.0
0	1090	5.89	5.76
0	1091	5.88	0.0
0	1092	5.81	0.0
0	1093	5.81	3.28
0	1094	5.8	0.14
0	1095	5.78	0.0
0	1096	5.78	0.0
0	1097	5.77	4.85
0	1098	5.77	0.0
0	1099	5.77	0.0
0	1100	5.76	0.0
0	1101	5.73	0.0
0	1102	5.73	0.0
0	1103	5.73	4.11
0	1104	5.71	4.78
0	1105	5.68	0.0
0	1106	5.65	0.0
0	1107	5.63	3.44
0	1108	5.61	2.92
0	1109	5.61	0.0
0	1110	5.59	4.12
0	1111	5.58	0.0
0	1112	5.52	0.0
0	1113	5.51	0.0
0	1114	5.45	0.0
0	1115	5.44	0.0
0	1116	5.41	4.53
0	1117	5.41	0.0
0	1118	5.41	0.0
0	1119	5.41	0.0
0	1120	5.36	0.0
0	1121	5.35	1.97
0	1122	5.33	0.0
0	1123	5.32	0.0
0	1124	5.31	0.0
0	1125	5.31	0.0
0	1126	5.31	0.0
0	1127	5.31	0.0
0	1128	5.31	0.0
0	1129	5.28	0.0
0	1130	5.26	4.17
0	1131	5.24	0.0
0	1132	5.24	5.11
0	1133	5.23	1.39
0	1134	5.2	0.0
0	1135	5.19	3.2
0	1136	5.19	1.15
0	1137	5.17	0.0
0	1138	5.13	0.0
0	1139	5.13	2.48
0	1140	5.1	1.69
0	1141	5.09	0.0
0	1142	5.09	0.0
0	1143	5.08	0.0
0	1144	5.04	0.0
0	1145	5.02	0.0
0	1146	5.02	4.33
0	1147	5.01	3.13
0	1148	5.01	0.0
0	1149	4.98	0.0
0	1150	4.98	0.0
0	1151	4.98	0.0
0	1152	4.98	0.0
0	1153	4.97	2.68
0	1154	4.96	2.4
0	1155	4.9	0.0
0	1156	4.89	4.01
0	1157	4.89	1.57
0	1158	4.88	0.0
0	1159	4.88	0.0
0	1160	4.87	0.83
0	1161	4.86	0.0
0	1162	4.85	0.0
0	1163	4.82	0.37
0	1164	4.79	0.0
0	1165	4.78	2.65
0	1166	4.77	1.68
0	1167	4.77	2.82
0	1168	4.75	2.11
0	1169	4.74	0.0
0	1170	4.73	1.18
0	1171	4.73	0.0
0	1172	4.73	0.0
0	1173	4.73	0.0
0	1174	4.72	0.0
0	1175	4.71	0.0
0	1176	4.69	0.0
0	1177	4.69	0.0
0	1178	4.68	0.73
0	1179	4.68	0.0
0	1180	4.66	0.0
0	1181	4.62	1.82
0	1182	4.6	1.7
0	1183	4.58	0.0
0	1184	4.55	0.0
0	1185	4.55	0.0
0	1186	4.54	0.0
0	1187	4.53	4.03
0	1188	4.53	0.0
0	1189	4.52	0.0
0	1190	4.51	0.0
0	1191	4.51	0.0
0	1192	4.44	0.0
0	1193	4.44	0.0
0	1194	4.43	0.0
0	1195	4.42	0.0
0	1196	4.35	0.09
0	1197	4.3	0.84
0	1198	4.29	0.0
0	1199	4.27	0.0
0	1200	4.26	0.2
0	1201	4.26	0.0
0	1202	4.26	0.0
0	1203	4.26	0.0
0	1204	4.26	0.0
0	1205	4.25	3.66
0	1206	4.22	0.0
0	1207	4.2	0.0
0	1208	4.15	0.0
0	1209	4.14	0.0
0	1210	4.13	0.0
0	1211	4.12	0.51
0	1212	4.12	0.0
0	1213	4.11	0.0
0	1214	4.1	0.0
0	1215	4.1	1.4
0	1216	4.09	0.0
0	1217	4.09	0.0
0	1218	4.08	0.29
0	1219	4.06	0.0
0	1220	4.06	0.0
0	1221	4.05	0.0
0	1222	4.04	0.0
0	1223	4.02	1.17
0	1224	4.01	2.43
0	1225	3.98	3.62
0	1226	3.97	0.94
0	1227	3.96	0.39
0	1228	3.95	0.0
0	1229	3.95	2.94
0	1230	3.93	0.0
0	1231	3.9	0.0
0	1232	3.89	0.0
0	1233	3.89	2.2
0	1234	3.88	0.0
0	1235	3.87	0.0
0	1236	3.87	0.0
0	1237	3.85	0.0
0	1238	3.82	0.0
0	1239	3.81	0.0
0	1240	3.81	0.0
0	1241	3.77	0.0
0	1242	3.76	0.0
0	1243	3.74	0.0
0	1244	3.73	0.0
0	1245	3.72	0.0
0	1246	3.72	1.74
0	1247	3.72	2.85
0	1248	3.7	0.0
0	1249	3.68	0.0
0	1250	3.67	0.0
0	1251	3.67	0.0
0	1252	3.67	1.15
0	1253	3.67	0.0
0	1254	3.66	0.0
0	1255	3.64	0.0
0	1256	3.64	0.0
0	1257	3.63	2.04
0	1258	3.62	0.0
0	1259	3.6	1.05
0	1260	3.6	1.88
0	1261	3.6	0.0
0	1262	3.59	0.83
0	1263	3.58	0.0
0	1264	3.57	0.68
0	1265	3.56	0.0
0	1266	3.55	0.0
0	1267	3.54	0.68
0	1268	3.54	1.08
0	1269	3.52	2.43
0	1270	3.49	0.0
0	1271	3.49	0.0
0	1272	3.48	0.0
0	1273	3.48	0.0
0	1274	3.47	0.0
0	1275	3.47	0.0
0	1276	3.46	0.13
0	1277	3.46	0.0
0	1278	3.46	3.01
0	1279	3.46	0.0
0	1280	3.45	1.61
0	1281	3.43	3.26
0	1282	3.43	0.0
0	1283	3.43	0.0
0	1284	3.43	2.75
0	1285	3.41	0.0
0	1286	3.4	0.0
0	1287	3.4	0.57
0	1288	3.4	0.0
0	1289	3.38	0.0
0	1290	3.37	1.06
0	1291	3.37	0.83
0	1292	3.37	2.51
0	1293	3.35	0.0
0	1294	3.35	3.25
0	1295	3.34	2.01
0	1296	3.34	0.0
0	1297	3.33	0.0
0	1298	3.29	2.51
0	1299	3.28	0.0
0	1300	3.28	0.0
0	1301	3.26	0.0
0	1302	3.25	0.0
0	1303	3.23	0.0
0	1304	3.23	0.0
0	1305	3.22	0.0
0	1306	3.2	1.85
0	1307	3.2	0.0
0	1308	3.17	0.0
0	1309	3.16	1.99
0	1310	3.15	0.0
0	1311	3.15	1.61
0	1312	3.14	0.0
0	1313	3.12	0.0
0	1314	3.1	0.0
0	1315	3.1	2.6
0	1316	3.09	0.0
0	1317	3.08	1.76
0	1318	3.06	2.58
0	1319	3.05	2.35
0	1320	3.05	0.0
0	1321	3.02	0.0
0	1322	3.02	0.0
0	1323	3.0	0.0
0	1324	2.99	0.0
0	1325	2.99	0.0
0	1326	2.99	0.0
0	1327	2.99	0.0
0	1328	2.98	0.0
0	1329	2.97	0.0
0	1330	2.96	1.94
0	1331	2.96	0.0
0	1332	2.96	0.0
0	1333	2.96	0.0
0	1334	2.95	1.77
0	1335	2.95	0.0
0	1336	2.92	0.0
0	1337	2.92	2.63
0	1338	2.92	0.0
0	1339	2.92	0.0
0	1340	2.91	0.0
0	1341	2.91	0.0
0	1342	2.91	1.26
0	1343	2.9	0.0
0	1344	2.88	0.0
0	1345	2.87	0.0
0	1346	2.87	0.0
0	1347	2.87	0.0
0	1348	2.86	0.0
0	1349	2.84	0.0
0	1350	2.84	0.0
0	1351	2.82	2.79
0	1352	2.8	0.0
0	1353	2.8	2.3
0	1354	2.8	0.0
0	1355	2.79	0.0
0	1356	2.79	0.0
0	1357	2.77	2.36
0	1358	2.76	0.0
0	1359	2.75	0.29
0	1360	2.74	1.6
0	1361	2.73	2.44
0	1362	2.73	0.0
0	1363	2.73	0.0
0	1364	2.67	0.0
0	1365	2.67	0.75
0	1366	2.64	0.0
0	1367	2.63	0.0
0	1368	2.63	0.47
0	1369	2.62	0.0
0	1370	2.62	0.0
0	1371	2.61	0.57
0	1372	2.6	0.0
0	1373	2.58	0.0
0	1374	2.56	0.0
0	1375	2.55	2.01
0	1376	2.54	0.0
0	1377	2.53	2.26
0	1378	2.53	0.0
0	1379	2.52	0.0
0	1380	2.52	0.0
0	1381	2.51	0.0
0	1382	2.5	0.0
0	1383	2.47	0.0
0	1384	2.47	0.0
0	1385	2.45	0.0
0	1386	2.42	2.2
0	1387	2.39	0.0
0	1388	2.38	0.0
0	1389	2.36	0.0
0	1390	2.34	0.0
0	1391	2.34	1.06
0	1392	2.32	0.0
0	1393	2.31	0.0
0	1394	2.31	0.0
0	1395	2.31	0.0
0	1396	2.3	0.0
0	1397	2.3	0.0
0	1398	2.26	0.0
0	1399	2.24	1.12
0	1400	2.24	0.0
0	1401	2.2	0.0
0	1402	2.2	0.0
0	1403	2.19	0.0
0	1404	2.19	0.47
0	1405	2.19	0.33
0	1406	2.19	0.0
0	1407	2.19	0.0
0	1408	2.19	0.0
0	1409	2.17	0.0
0	1410	2.15	0.0
0	1411	2.11	0.0
0	1412	2.1	0.44
0	1413	2.1	0.0
0	1414	2.09	0.0
0	1415	2.06	0.0
0	1416	2.05	0.0
0	1417	2.02	0.24
0	1418	2.02	0.0
0	1419	2.01	0.0
0	1420	2.01	0.0
0	1421	2.01	0.0
0	1422	1.99	0.0
0	1423	1.99	0.0
0	1424	1.98	0.0
0	1425	1.98	0.0
0	1426	1.97	0.0
0	1427	1.96	0.0
0	1428	1.94	0.0
0	1429	1.94	0.0
0	1430	1.93	0.0
0	1431	1.92	0.0
0	1432	1.91	0.0
0	1433	1.89	0.55
0	1434	1.87	0.0
0	1435	1.87	0.0
0	1436	1.86	0.0
0	1437	1.85	0.0
0	1438	1.84	0.0
0	1439	1.81	0.0
0	1440	1.81	0.0
0	1441	1.79	0.0
0	1442	1.77	0.63
0	1443	1.76	0.0
0	1444	1.76	0.0
0	1445	1.76	0.0
0	1446	1.75	0.0
0	1447	1.75	0.0
0	1448	1.74	0.0
0	1449	1.73	0.0
0	1450	1.72	0.0
0	1451	1.72	0.0
0	1452	1.72	0.0
0	1453	1.71	0.0
0	1454	1.71	1.5
0	1455	1.7	0.0
0	1456	1.67	0.0
0	1457	1.66	0.0
0	1458	1.66	0.0
0	1459	1.65	0.0
0	1460	1.64	0.0
0	1461	1.63	0.0
0	1462	1.63	0.0
0	1463	1.62	0.0
0	1464	1.59	0.0
0	1465	1.58	0.0
0	1466	1.58	0.0
0	1467	1.57	0.0
0	1468	1.56	0.0
0	1469	1.55	0.0
0	1470	1.54	0.0
0	1471	1.51	0.0
0	1472	1.49	0.0
0	1473	1.49	0.0
0	1474	1.45	0.0
0	1475	1.45	1.05
0	1476	1.45	0.0
0	1477	1.44	0.0
0	1478	1.44	0.0
0	1479	1.44	0.0
0	1480	1.43	0.0
0	1481	1.43	0.0
0	1482	1.41	0.24
0	1483	1.4	0.0
0	1484	1.39	0.0
0	1485	1.39	0.0
0	1486	1.38	0.0
0	1487	1.38	0.0
0	1488	1.38	0.0
0	1489	1.37	0.0
0	1490	1.36	0.0
0	1491	1.36	0.0
0	1492	1.35	1.09
0	1493	1.31	0.0
0	1494	1.31	0.0
0	1495	1.31	0.0
0	1496	1.29	0.0
0	1497	1.28	0.0
0	1498	1.28	0.0
0	1499	1.28	0.0
0	1500	1.28	0.28
0	1501	1.27	0.54
0	1502	1.27	0.0
0	1503	1.26	0.0
0	1504	1.24	0.11
0	1505	1.24	0.0
0	1506	1.23	0.0
0	1507	1.22	0.0
0	1508	1.21	0.0
0	1509	1.21	0.0
0	1510	1.2	0.0
0	1511	1.19	0.0
0	1512	1.17	0.0
0	1513	1.17	0.0
0	1514	1.17	0.0
0	1515	1.17	0.0
0	1516	1.15	0.0
0	1517	1.13	0.0
0	1518	1.1	0.0
0	1519	1.1	0.0
0	1520	1.08	0.0
0	1521	1.08	0.0
0	1522	1.04	0.0
0	1523	1.04	0.18
0	1524	1.04	0.0
0	1525	1.04	0.0
0	1526	1.04	0.0
0	1527	1.03	0.72
0	1528	1.02	0.0
0	1529	0.99	0.0
0	1530	0.98	0.0
0	1531	0.98	0.0
0	1532	0.98	0.0
0	1533	0.97	0.0
0	1534	0.96	0.0
0	1535	0.96	0.0
0	1536	0.95	0.0
0	1537	0.94	0.0
0	1538	0.93	0.0
0	1539	0.93	0.0
0	1540	0.92	0.0
0	1541	0.89	0.0
0	1542	0.87	0.0
0	1543	0.86	0.0
0	1544	0.86	0.0
0	1545	0.83	0.0
0	1546	0.82	0.0
0	1547	0.82	0.0
0	1548	0.81	0.0
0	1549	0.81	0.0
0	1550	0.8	0.0
0	1551	0.79	0.0
0	1552	0.79	0.0
0	1553	0.78	0.0
0	1554	0.76	0.0
0	1555	0.76	0.29
0	1556	0.74	0.08
0	1557	0.74	0.0
0	1558	0.74	0.0
0	1559	0.73	0.0
0	1560	0.71	0.0
0	1561	0.71	0.0
0	1562	0.71	0.0
0	1563	0.7	0.0
0	1564	0.66	0.0
0	1565	0.65	0.0
0	1566	0.65	0.0
0	1567	0.64	0.0
0	1568	0.61	0.0
0	1569	0.61	0.0
0	1570	0.6	0.0
0	1571	0.6	0.0
0	1572	0.59	0.0
0	1573	0.59	0.0
0	1574	0.58	0.0
0	1575	0.57	0.0
0	1576	0.57	0.0
0	1577	0.57	0.0
0	1578	0.56	0.0
0	1579	0.56	0.0
0	1580	0.55	0.0
0	1581	0.54	0.39
0	1582	0.54	0.0
0	1583	0.53	0.0
0	1584	0.52	0.0
0	1585	0.52	0.0
0	1586	0.51	0.0
0	1587	0.51	0.0
0	1588	0.5	0.0
0	1589	0.49	0.0
0	1590	0.43	0.0
0	1591	0.43	0.0
0	1592	0.43	0.0
0	1593	0.42	0.0
0	1594	0.41	0.0
0	1595	0.39	0.0
0	1596	0.39	0.0
0	1597	0.39	0.34
0	1598	0.38	0.0
0	1599	0.37	0.0
0	1600	0.37	0.0
0	1601	0.37	0.0
0	1602	0.37	0.0
0	1603	0.37	0.0
0	1604	0.36	0.0
0	1605	0.35	0.0
0	1606	0.32	0.0
0	1607	0.32	0.0
0	1608	0.31	0.0
0	1609	0.31	0.0
0	1610	0.31	0.0
0	1611	0.3	0.0
0	1612	0.29	0.0
0	1613	0.28	0.0
0	1614	0.23	0.0
0	1615	0.23	0.0
0	1616	0.22	0.0
0	1617	0.21	0.0
0	1618	0.21	0.0
0	1619	0.2	0.0
0	1620	0.17	0.0
0	1621	0.17	0.0
0	1622	0.14	0.0
0	1623	0.14	0.0
0	1624	0.14	0.0
0	1625	0.12	0.0
0	1626	0.11	0.0
0	1627	0.08	0.0
0	1628	0.08	0.0
0	1629	0.08	0.0
0	1630	0.08	0.0
0	1631	0.06	0.0
0	1632	0.06	0.0
0	1633	0.03	0.0
0	1634	0.03	0.0
