clade	species	ts	te
0	1	100.0	81.9
0	2	97.79	75.85
0	3	95.23	94.77
0	4	91.59	91.24
0	5	88.47	82.61
0	6	87.71	85.99
0	7	87.44	64.05
0	8	86.06	83.74
0	9	85.78	79.81
0	10	83.63	51.49
0	11	83.04	81.31
0	12	82.27	72.75
0	13	82.11	74.56
0	14	81.94	62.69
0	15	81.89	76.74
0	16	81.49	81.13
0	17	81.25	70.81
0	18	80.91	80.57
0	19	80.38	64.24
0	20	80.36	67.5
0	21	79.98	78.6
0	22	78.34	76.81
0	23	76.77	64.7
0	24	74.23	71.01
0	25	73.49	67.88
0	26	71.37	60.95
0	27	68.09	5.32
0	28	68.06	65.64
0	29	66.23	37.42
0	30	65.85	49.3
0	31	65.55	47.14
0	32	65.07	51.02
0	33	64.45	52.7
0	34	64.25	56.24
0	35	61.96	50.91
0	36	61.94	58.17
0	37	61.92	51.8
0	38	61.77	46.42
0	39	61.49	44.37
0	40	61.24	59.54
0	41	61.13	56.41
0	42	61.08	57.91
0	43	60.92	38.12
0	44	60.37	59.92
0	45	58.35	57.28
0	46	57.93	56.75
0	47	57.9	53.1
0	48	57.58	55.95
0	49	57.2	49.53
0	50	57.05	52.03
0	51	56.9	52.44
0	52	56.8	50.85
0	53	56.8	52.69
0	54	56.7	29.62
0	55	56.64	55.9
0	56	56.0	48.56
0	57	55.12	25.36
0	58	54.54	44.99
0	59	54.48	52.9
0	60	54.01	42.64
0	61	53.92	39.55
0	62	53.7	53.15
0	63	53.31	52.0
0	64	52.35	31.39
0	65	52.28	30.5
0	66	51.94	48.54
0	67	51.73	45.71
0	68	51.73	19.23
0	69	51.67	51.42
0	70	51.29	35.37
0	71	51.2	43.05
0	72	50.73	45.42
0	73	50.59	48.78
0	74	50.58	44.54
0	75	50.54	45.05
0	76	50.25	43.3
0	77	50.13	47.58
0	78	50.1	46.07
0	79	49.54	46.78
0	80	49.29	24.08
0	81	49.15	40.24
0	82	49.15	38.79
0	83	48.97	46.74
0	84	48.81	29.09
0	85	48.58	38.49
0	86	48.38	45.99
0	87	48.16	42.9
0	88	47.95	44.44
0	89	47.35	35.62
0	90	47.26	39.48
0	91	46.92	44.12
0	92	46.76	44.92
0	93	46.59	25.27
0	94	46.39	44.2
0	95	46.27	45.0
0	96	46.17	37.02
0	97	45.91	45.77
0	98	45.91	31.49
0	99	45.89	41.29
0	100	45.66	13.88
0	101	45.41	44.07
0	102	45.23	33.28
0	103	44.97	43.65
0	104	44.88	38.23
0	105	44.84	43.95
0	106	44.83	39.5
0	107	44.1	41.25
0	108	44.01	29.95
0	109	43.96	28.98
0	110	43.94	41.17
0	111	43.82	42.39
0	112	43.52	41.21
0	113	43.5	41.49
0	114	43.36	40.08
0	115	43.36	41.81
0	116	43.34	42.03
0	117	43.03	40.15
0	118	42.86	42.59
0	119	42.53	31.99
0	120	42.49	28.85
0	121	42.35	40.79
0	122	42.2	36.95
0	123	41.88	40.95
0	124	41.6	39.23
0	125	41.22	22.58
0	126	41.01	35.28
0	127	40.96	20.06
0	128	40.72	30.14
0	129	40.56	36.79
0	130	40.28	38.87
0	131	40.05	38.39
0	132	39.92	32.86
0	133	39.86	23.92
0	134	39.83	22.13
0	135	39.7	39.59
0	136	39.59	29.49
0	137	39.48	27.56
0	138	39.16	7.14
0	139	39.16	20.78
0	140	38.91	30.89
0	141	38.87	24.19
0	142	38.61	35.74
0	143	38.59	33.58
0	144	38.5	28.03
0	145	38.36	33.5
0	146	38.07	32.08
0	147	38.05	30.48
0	148	37.45	26.85
0	149	37.29	23.28
0	150	37.28	25.87
0	151	37.13	22.75
0	152	37.11	4.2
0	153	37.07	34.67
0	154	36.71	33.74
0	155	36.39	21.52
0	156	36.19	33.49
0	157	35.77	30.77
0	158	35.77	15.23
0	159	35.61	17.11
0	160	35.6	18.68
0	161	35.5	15.06
0	162	35.48	22.52
0	163	35.47	27.98
0	164	35.41	25.74
0	165	35.38	29.44
0	166	35.21	28.73
0	167	35.12	31.38
0	168	35.11	26.74
0	169	35.09	18.38
0	170	35.02	21.05
0	171	35.02	34.73
0	172	34.97	3.51
0	173	34.88	34.82
0	174	34.83	30.56
0	175	34.72	26.92
0	176	34.68	29.03
0	177	34.67	33.23
0	178	34.5	29.19
0	179	34.3	31.75
0	180	34.07	23.51
0	181	34.03	27.56
0	182	33.98	32.41
0	183	33.93	0.0
0	184	33.86	20.42
0	185	33.59	21.07
0	186	33.47	20.48
0	187	33.44	19.32
0	188	33.08	31.23
0	189	33.07	15.87
0	190	33.06	25.18
0	191	32.98	32.36
0	192	32.68	0.0
0	193	32.57	29.66
0	194	32.52	19.08
0	195	32.49	0.0
0	196	32.21	9.1
0	197	32.18	16.19
0	198	32.12	17.7
0	199	31.96	23.02
0	200	31.94	28.57
0	201	31.77	29.91
0	202	31.77	28.0
0	203	31.59	21.83
0	204	31.52	25.85
0	205	31.45	0.15
0	206	31.36	11.27
0	207	31.36	30.76
0	208	31.33	30.29
0	209	31.3	21.26
0	210	31.28	0.0
0	211	31.17	31.11
0	212	31.14	21.17
0	213	31.05	26.56
0	214	30.95	26.12
0	215	30.95	0.0
0	216	30.91	11.97
0	217	30.82	26.49
0	218	30.73	18.98
0	219	30.72	29.68
0	220	30.7	28.76
0	221	30.59	27.88
0	222	30.44	24.93
0	223	30.42	0.0
0	224	30.4	29.95
0	225	30.38	26.55
0	226	30.08	20.06
0	227	30.04	19.31
0	228	30.0	25.28
0	229	29.9	27.85
0	230	29.84	22.1
0	231	29.83	16.56
0	232	29.83	24.13
0	233	29.77	16.13
0	234	29.75	11.9
0	235	29.68	17.12
0	236	29.66	28.72
0	237	29.65	20.22
0	238	29.64	17.2
0	239	29.53	28.46
0	240	29.51	18.73
0	241	29.51	0.0
0	242	29.25	25.34
0	243	29.18	27.63
0	244	29.14	26.85
0	245	28.98	10.95
0	246	28.95	19.65
0	247	28.87	18.66
0	248	28.67	0.0
0	249	28.54	11.11
0	250	28.5	14.99
0	251	28.45	22.33
0	252	28.42	27.78
0	253	28.39	0.0
0	254	28.37	19.27
0	255	28.3	18.06
0	256	28.28	19.04
0	257	28.07	0.0
0	258	28.01	14.08
0	259	27.99	4.08
0	260	27.99	18.13
0	261	27.87	22.57
0	262	27.84	10.77
0	263	27.83	26.73
0	264	27.77	22.59
0	265	27.75	13.3
0	266	27.61	24.9
0	267	27.56	20.37
0	268	27.53	13.33
0	269	27.46	23.65
0	270	27.32	27.17
0	271	27.3	16.9
0	272	27.17	4.5
0	273	27.16	18.82
0	274	26.9	22.67
0	275	26.88	0.0
0	276	26.81	19.21
0	277	26.76	4.95
0	278	26.67	21.02
0	279	26.58	26.09
0	280	26.56	20.98
0	281	26.45	14.69
0	282	26.39	10.07
0	283	26.11	26.01
0	284	26.04	20.99
0	285	26.02	0.0
0	286	25.96	18.24
0	287	25.94	15.61
0	288	25.94	0.93
0	289	25.89	21.22
0	290	25.75	22.1
0	291	25.73	22.07
0	292	25.67	0.0
0	293	25.6	17.79
0	294	25.58	25.36
0	295	25.53	15.27
0	296	25.4	0.0
0	297	25.39	17.42
0	298	25.34	22.17
0	299	25.33	23.59
0	300	25.22	25.09
0	301	25.22	19.61
0	302	25.19	22.36
0	303	25.06	13.59
0	304	24.94	23.58
0	305	24.83	9.97
0	306	24.81	15.45
0	307	24.8	0.0
0	308	24.75	19.14
0	309	24.74	21.44
0	310	24.69	22.35
0	311	24.65	16.59
0	312	24.61	5.59
0	313	24.59	18.63
0	314	24.57	8.56
0	315	24.52	8.86
0	316	24.51	4.57
0	317	24.5	11.08
0	318	24.39	22.02
0	319	24.29	22.23
0	320	24.28	16.64
0	321	24.22	22.0
0	322	24.15	22.97
0	323	24.0	22.82
0	324	23.99	16.18
0	325	23.99	15.9
0	326	23.98	10.02
0	327	23.95	12.35
0	328	23.94	19.46
0	329	23.93	13.74
0	330	23.92	22.76
0	331	23.87	23.77
0	332	23.84	17.96
0	333	23.8	20.86
0	334	23.78	12.8
0	335	23.59	21.98
0	336	23.59	14.63
0	337	23.42	10.67
0	338	23.41	12.99
0	339	23.4	0.0
0	340	23.35	0.0
0	341	23.29	0.0
0	342	23.27	19.24
0	343	23.27	10.81
0	344	23.26	19.16
0	345	23.25	21.87
0	346	23.24	19.98
0	347	23.23	16.58
0	348	23.21	21.55
0	349	23.2	0.0
0	350	23.15	16.67
0	351	23.07	14.73
0	352	22.96	6.88
0	353	22.93	22.84
0	354	22.93	14.02
0	355	22.85	18.07
0	356	22.85	19.12
0	357	22.84	0.0
0	358	22.79	0.0
0	359	22.77	19.32
0	360	22.73	19.67
0	361	22.72	13.02
0	362	22.64	16.74
0	363	22.61	12.45
0	364	22.59	20.37
0	365	22.56	2.01
0	366	22.56	18.67
0	367	22.54	0.0
0	368	22.5	21.45
0	369	22.37	19.16
0	370	22.32	8.64
0	371	22.31	10.01
0	372	22.28	18.87
0	373	22.28	0.0
0	374	22.25	4.64
0	375	22.16	21.87
0	376	21.9	21.51
0	377	21.88	20.2
0	378	21.76	18.0
0	379	21.71	16.53
0	380	21.68	6.42
0	381	21.67	0.0
0	382	21.65	18.75
0	383	21.64	0.0
0	384	21.61	15.16
0	385	21.61	16.28
0	386	21.56	8.83
0	387	21.5	7.84
0	388	21.49	2.49
0	389	21.46	18.83
0	390	21.35	0.0
0	391	21.34	20.52
0	392	21.33	12.72
0	393	21.27	3.39
0	394	21.25	0.0
0	395	21.23	0.0
0	396	21.18	17.23
0	397	21.14	0.0
0	398	21.11	5.34
0	399	21.09	16.08
0	400	21.06	0.0
0	401	21.05	6.01
0	402	21.04	6.42
0	403	21.01	19.61
0	404	21.0	18.96
0	405	20.92	11.41
0	406	20.9	12.16
0	407	20.9	11.65
0	408	20.88	6.9
0	409	20.86	13.82
0	410	20.85	0.0
0	411	20.79	17.18
0	412	20.78	0.0
0	413	20.73	11.9
0	414	20.7	15.43
0	415	20.67	8.15
0	416	20.67	15.89
0	417	20.62	19.05
0	418	20.58	20.17
0	419	20.52	9.18
0	420	20.41	0.0
0	421	20.38	19.69
0	422	20.37	2.64
0	423	20.35	19.7
0	424	20.29	18.16
0	425	20.17	0.0
0	426	20.16	16.15
0	427	20.09	8.08
0	428	20.07	17.18
0	429	20.0	12.99
0	430	19.94	2.11
0	431	19.74	18.92
0	432	19.69	17.86
0	433	19.67	0.0
0	434	19.65	9.78
0	435	19.64	9.54
0	436	19.63	17.38
0	437	19.63	12.9
0	438	19.49	0.0
0	439	19.48	12.67
0	440	19.43	14.86
0	441	19.42	17.42
0	442	19.41	3.75
0	443	19.39	1.64
0	444	19.37	19.17
0	445	19.32	18.96
0	446	19.3	0.0
0	447	19.29	17.02
0	448	19.27	8.81
0	449	19.24	17.81
0	450	19.22	17.37
0	451	19.19	10.78
0	452	19.13	13.19
0	453	19.09	15.46
0	454	19.07	1.28
0	455	19.04	10.23
0	456	19.04	17.23
0	457	19.03	15.74
0	458	19.0	2.98
0	459	18.99	0.0
0	460	18.95	12.67
0	461	18.93	15.31
0	462	18.86	0.0
0	463	18.83	12.46
0	464	18.82	0.0
0	465	18.8	15.22
0	466	18.8	4.04
0	467	18.74	0.26
0	468	18.71	14.94
0	469	18.71	13.75
0	470	18.67	0.0
0	471	18.66	0.23
0	472	18.64	16.33
0	473	18.58	18.42
0	474	18.51	13.88
0	475	18.38	9.35
0	476	18.36	13.87
0	477	18.34	0.0
0	478	18.27	7.63
0	479	18.15	2.54
0	480	18.14	6.59
0	481	18.04	17.9
0	482	18.02	5.7
0	483	18.01	3.59
0	484	18.0	1.82
0	485	17.99	3.06
0	486	17.95	3.26
0	487	17.91	10.89
0	488	17.91	12.44
0	489	17.9	15.56
0	490	17.86	12.94
0	491	17.85	2.05
0	492	17.85	11.52
0	493	17.82	12.61
0	494	17.8	15.6
0	495	17.78	16.85
0	496	17.75	0.0
0	497	17.73	7.97
0	498	17.68	13.71
0	499	17.68	10.9
0	500	17.67	1.88
0	501	17.65	2.1
0	502	17.64	0.84
0	503	17.62	7.0
0	504	17.61	10.36
0	505	17.56	0.76
0	506	17.56	0.0
0	507	17.54	5.96
0	508	17.53	17.17
0	509	17.52	16.11
0	510	17.51	0.0
0	511	17.5	7.85
0	512	17.47	10.71
0	513	17.41	7.19
0	514	17.32	0.0
0	515	17.3	7.41
0	516	17.29	16.11
0	517	17.28	10.84
0	518	17.23	16.22
0	519	17.19	3.08
0	520	17.17	9.26
0	521	17.14	16.67
0	522	17.14	10.18
0	523	17.09	13.04
0	524	17.07	0.0
0	525	17.03	4.46
0	526	17.01	0.0
0	527	17.01	11.46
0	528	16.92	9.22
0	529	16.9	6.35
0	530	16.85	0.0
0	531	16.85	6.52
0	532	16.79	15.75
0	533	16.78	12.09
0	534	16.73	6.23
0	535	16.7	14.47
0	536	16.69	0.35
0	537	16.68	2.74
0	538	16.64	13.28
0	539	16.6	11.49
0	540	16.55	14.51
0	541	16.53	11.52
0	542	16.5	0.0
0	543	16.48	6.1
0	544	16.48	13.06
0	545	16.47	4.32
0	546	16.47	0.0
0	547	16.46	0.56
0	548	16.44	11.66
0	549	16.43	16.21
0	550	16.42	6.65
0	551	16.39	3.36
0	552	16.35	0.0
0	553	16.33	4.42
0	554	16.32	10.8
0	555	16.32	6.56
0	556	16.29	4.1
0	557	16.27	15.4
0	558	16.26	0.0
0	559	16.23	0.0
0	560	16.21	12.52
0	561	16.21	15.58
0	562	16.15	0.0
0	563	16.13	15.29
0	564	16.12	13.24
0	565	16.06	1.76
0	566	15.94	4.86
0	567	15.91	0.06
0	568	15.91	15.57
0	569	15.87	9.88
0	570	15.85	0.26
0	571	15.83	14.26
0	572	15.81	7.05
0	573	15.79	13.98
0	574	15.78	10.99
0	575	15.77	10.52
0	576	15.72	14.45
0	577	15.67	13.74
0	578	15.63	14.47
0	579	15.61	14.16
0	580	15.58	14.17
0	581	15.53	6.57
0	582	15.48	5.95
0	583	15.47	6.23
0	584	15.47	9.75
0	585	15.46	15.21
0	586	15.42	4.16
0	587	15.41	9.71
0	588	15.34	4.17
0	589	15.31	3.79
0	590	15.29	4.14
0	591	15.24	2.92
0	592	15.22	11.96
0	593	15.05	11.97
0	594	15.01	8.1
0	595	15.01	0.0
0	596	15.01	10.16
0	597	14.99	0.0
0	598	14.97	8.42
0	599	14.94	0.0
0	600	14.94	0.0
0	601	14.92	14.38
0	602	14.89	0.0
0	603	14.84	11.28
0	604	14.8	13.42
0	605	14.76	0.0
0	606	14.75	9.37
0	607	14.72	13.66
0	608	14.71	0.0
0	609	14.69	0.0
0	610	14.69	5.68
0	611	14.66	9.89
0	612	14.65	9.75
0	613	14.63	11.1
0	614	14.61	8.37
0	615	14.6	4.83
0	616	14.52	10.35
0	617	14.51	9.16
0	618	14.46	3.61
0	619	14.46	0.0
0	620	14.44	11.67
0	621	14.43	0.0
0	622	14.41	7.42
0	623	14.39	6.93
0	624	14.36	8.48
0	625	14.35	10.18
0	626	14.34	10.37
0	627	14.34	13.61
0	628	14.32	0.0
0	629	14.31	6.88
0	630	14.29	0.0
0	631	14.26	10.71
0	632	14.24	12.37
0	633	14.22	11.46
0	634	14.19	10.75
0	635	14.18	1.91
0	636	14.13	0.0
0	637	14.05	8.49
0	638	14.04	0.0
0	639	14.02	12.63
0	640	14.01	9.99
0	641	14.01	0.0
0	642	13.96	9.09
0	643	13.9	0.0
0	644	13.88	0.0
0	645	13.88	0.0
0	646	13.87	12.32
0	647	13.85	10.98
0	648	13.83	6.98
0	649	13.82	11.08
0	650	13.81	7.13
0	651	13.8	5.53
0	652	13.77	10.82
0	653	13.75	10.48
0	654	13.75	2.1
0	655	13.73	4.76
0	656	13.73	0.0
0	657	13.72	8.56
0	658	13.71	11.19
0	659	13.71	0.0
0	660	13.7	0.0
0	661	13.69	11.65
0	662	13.68	0.0
0	663	13.68	7.17
0	664	13.68	0.0
0	665	13.63	8.77
0	666	13.61	2.93
0	667	13.57	5.53
0	668	13.55	0.0
0	669	13.48	8.38
0	670	13.45	4.85
0	671	13.45	7.15
0	672	13.42	9.54
0	673	13.41	0.0
0	674	13.4	0.38
0	675	13.31	9.25
0	676	13.3	0.0
0	677	13.28	10.36
0	678	13.27	10.29
0	679	13.22	11.94
0	680	13.22	0.0
0	681	13.15	11.82
0	682	13.15	9.78
0	683	13.11	7.86
0	684	13.1	10.78
0	685	13.06	0.88
0	686	13.04	0.0
0	687	12.99	0.0
0	688	12.99	9.15
0	689	12.97	6.22
0	690	12.97	0.0
0	691	12.95	0.0
0	692	12.95	0.0
0	693	12.93	12.04
0	694	12.92	0.69
0	695	12.92	0.0
0	696	12.91	8.42
0	697	12.91	0.26
0	698	12.89	2.64
0	699	12.88	0.0
0	700	12.88	1.94
0	701	12.88	1.91
0	702	12.87	8.18
0	703	12.86	0.0
0	704	12.86	0.78
0	705	12.86	10.45
0	706	12.82	9.83
0	707	12.79	0.0
0	708	12.79	0.0
0	709	12.78	4.87
0	710	12.76	2.76
0	711	12.76	3.88
0	712	12.75	10.77
0	713	12.75	9.1
0	714	12.75	0.0
0	715	12.73	1.91
0	716	12.73	1.28
0	717	12.73	10.09
0	718	12.71	3.7
0	719	12.66	0.0
0	720	12.63	12.24
0	721	12.58	10.29
0	722	12.55	6.0
0	723	12.54	0.0
0	724	12.54	9.05
0	725	12.52	11.47
0	726	12.51	11.02
0	727	12.51	11.58
0	728	12.46	0.0
0	729	12.44	5.5
0	730	12.43	8.73
0	731	12.42	3.33
0	732	12.4	9.01
0	733	12.3	0.0
0	734	12.29	0.0
0	735	12.27	9.45
0	736	12.25	0.0
0	737	12.25	2.51
0	738	12.25	4.31
0	739	12.24	0.0
0	740	12.24	10.9
0	741	12.23	1.69
0	742	12.23	7.96
0	743	12.22	8.39
0	744	12.22	7.82
0	745	12.2	10.76
0	746	12.2	11.05
0	747	12.15	9.29
0	748	12.15	0.0
0	749	12.13	9.29
0	750	12.12	5.41
0	751	12.12	9.77
0	752	12.11	5.11
0	753	12.1	9.0
0	754	12.08	11.98
0	755	12.05	0.89
0	756	12.02	10.65
0	757	12.0	9.62
0	758	11.99	4.39
0	759	11.98	4.09
0	760	11.91	0.0
0	761	11.89	0.0
0	762	11.88	6.27
0	763	11.88	0.49
0	764	11.86	0.0
0	765	11.86	11.43
0	766	11.81	5.61
0	767	11.8	11.23
0	768	11.78	10.72
0	769	11.76	0.0
0	770	11.74	9.99
0	771	11.74	0.0
0	772	11.73	3.31
0	773	11.72	6.23
0	774	11.71	9.08
0	775	11.71	3.95
0	776	11.69	0.81
0	777	11.65	10.87
0	778	11.64	0.0
0	779	11.62	0.0
0	780	11.61	7.9
0	781	11.6	8.68
0	782	11.6	1.53
0	783	11.6	3.49
0	784	11.57	5.74
0	785	11.52	0.85
0	786	11.5	0.0
0	787	11.49	9.92
0	788	11.49	1.63
0	789	11.48	10.48
0	790	11.46	10.96
0	791	11.44	3.95
0	792	11.42	0.0
0	793	11.42	0.0
0	794	11.4	3.55
0	795	11.35	0.0
0	796	11.27	7.85
0	797	11.27	0.0
0	798	11.24	5.34
0	799	11.23	6.46
0	800	11.21	2.19
0	801	11.2	0.0
0	802	11.15	8.27
0	803	11.15	0.0
0	804	11.14	9.51
0	805	11.14	0.0
0	806	11.13	2.45
0	807	11.11	3.06
0	808	11.09	10.36
0	809	11.08	10.06
0	810	11.07	10.09
0	811	11.06	0.0
0	812	11.03	0.0
0	813	11.02	7.68
0	814	11.02	8.19
0	815	10.95	2.44
0	816	10.94	6.59
0	817	10.93	1.32
0	818	10.9	1.3
0	819	10.9	8.84
0	820	10.88	5.72
0	821	10.82	3.01
0	822	10.81	0.23
0	823	10.8	0.0
0	824	10.78	0.0
0	825	10.75	0.01
0	826	10.73	9.0
0	827	10.73	9.67
0	828	10.71	0.0
0	829	10.71	6.34
0	830	10.7	6.76
0	831	10.66	0.0
0	832	10.66	5.15
0	833	10.66	6.68
0	834	10.65	0.0
0	835	10.64	2.07
0	836	10.62	0.0
0	837	10.61	8.68
0	838	10.61	0.0
0	839	10.6	0.0
0	840	10.6	3.56
0	841	10.59	0.0
0	842	10.59	0.0
0	843	10.58	0.0
0	844	10.54	0.0
0	845	10.53	10.23
0	846	10.51	4.95
0	847	10.51	2.65
0	848	10.49	3.28
0	849	10.47	8.12
0	850	10.44	0.0
0	851	10.43	2.48
0	852	10.39	2.85
0	853	10.37	0.8
0	854	10.36	5.64
0	855	10.34	8.57
0	856	10.33	6.75
0	857	10.33	0.0
0	858	10.31	8.48
0	859	10.31	3.42
0	860	10.29	6.57
0	861	10.25	9.77
0	862	10.2	0.0
0	863	10.18	0.0
0	864	10.15	7.27
0	865	10.15	9.73
0	866	10.12	3.76
0	867	10.12	8.36
0	868	10.11	7.29
0	869	10.11	6.48
0	870	10.11	6.28
0	871	10.07	5.84
0	872	10.06	0.0
0	873	10.04	0.0
0	874	10.03	5.19
0	875	10.03	1.74
0	876	10.0	0.0
0	877	9.99	6.7
0	878	9.99	2.7
0	879	9.97	6.59
0	880	9.96	0.0
0	881	9.95	5.73
0	882	9.94	0.0
0	883	9.91	0.0
0	884	9.9	8.11
0	885	9.9	8.24
0	886	9.9	0.0
0	887	9.85	5.56
0	888	9.83	0.0
0	889	9.81	4.11
0	890	9.81	3.84
0	891	9.79	5.25
0	892	9.73	1.33
0	893	9.7	6.83
0	894	9.7	1.01
0	895	9.7	3.33
0	896	9.65	7.09
0	897	9.65	4.9
0	898	9.61	2.57
0	899	9.6	1.22
0	900	9.58	0.0
0	901	9.54	0.0
0	902	9.54	0.0
0	903	9.54	9.06
0	904	9.52	0.0
0	905	9.51	7.67
0	906	9.46	0.0
0	907	9.46	0.0
0	908	9.44	0.0
0	909	9.43	0.0
0	910	9.41	4.64
0	911	9.38	0.0
0	912	9.37	0.0
0	913	9.36	3.1
0	914	9.35	7.2
0	915	9.34	7.86
0	916	9.3	2.8
0	917	9.27	0.0
0	918	9.24	2.41
0	919	9.21	7.25
0	920	9.18	0.0
0	921	9.17	5.45
0	922	9.13	7.99
0	923	9.12	0.0
0	924	9.11	6.12
0	925	9.1	6.17
0	926	9.1	0.0
0	927	9.09	2.09
0	928	9.06	0.0
0	929	9.06	5.06
0	930	9.05	0.0
0	931	9.02	6.78
0	932	9.02	3.66
0	933	8.98	6.52
0	934	8.98	5.01
0	935	8.96	5.86
0	936	8.94	8.83
0	937	8.93	7.63
0	938	8.91	0.0
0	939	8.91	6.57
0	940	8.86	8.83
0	941	8.85	0.0
0	942	8.85	0.0
0	943	8.85	6.53
0	944	8.84	2.48
0	945	8.83	4.84
0	946	8.8	0.0
0	947	8.79	0.0
0	948	8.77	0.0
0	949	8.77	6.74
0	950	8.76	0.0
0	951	8.75	0.0
0	952	8.74	0.0
0	953	8.74	0.0
0	954	8.68	0.0
0	955	8.68	0.0
0	956	8.63	5.74
0	957	8.62	0.0
0	958	8.61	2.99
0	959	8.61	0.0
0	960	8.59	0.08
0	961	8.59	0.0
0	962	8.56	6.74
0	963	8.56	0.0
0	964	8.55	3.92
0	965	8.53	0.0
0	966	8.51	0.0
0	967	8.51	0.0
0	968	8.5	5.64
0	969	8.5	5.47
0	970	8.49	0.0
0	971	8.49	7.95
0	972	8.48	3.11
0	973	8.46	5.08
0	974	8.45	2.45
0	975	8.44	0.0
0	976	8.44	8.06
0	977	8.44	0.0
0	978	8.43	0.0
0	979	8.42	8.05
0	980	8.42	5.95
0	981	8.42	5.99
0	982	8.41	0.0
0	983	8.38	0.0
0	984	8.36	4.8
0	985	8.33	2.99
0	986	8.32	0.0
0	987	8.3	0.0
0	988	8.3	7.6
0	989	8.27	7.82
0	990	8.26	5.68
0	991	8.25	0.0
0	992	8.23	0.0
0	993	8.21	0.0
0	994	8.21	1.84
0	995	8.2	7.6
0	996	8.19	0.11
0	997	8.19	3.87
0	998	8.18	6.95
0	999	8.18	0.0
0	1000	8.17	1.73
0	1001	8.16	0.0
0	1002	8.13	2.11
0	1003	8.13	1.08
0	1004	8.12	7.94
0	1005	8.11	7.62
0	1006	8.11	6.79
0	1007	8.08	0.0
0	1008	8.07	0.0
0	1009	8.06	4.18
0	1010	8.06	0.0
0	1011	8.01	2.94
0	1012	8.01	0.0
0	1013	8.0	0.0
0	1014	7.97	2.03
0	1015	7.97	6.41
0	1016	7.96	4.89
0	1017	7.95	4.33
0	1018	7.93	0.0
0	1019	7.92	1.19
0	1020	7.9	2.26
0	1021	7.88	0.35
0	1022	7.85	0.0
0	1023	7.85	0.0
0	1024	7.84	3.39
0	1025	7.79	0.0
0	1026	7.77	1.57
0	1027	7.76	5.66
0	1028	7.75	0.0
0	1029	7.69	0.0
0	1030	7.66	0.09
0	1031	7.66	6.95
0	1032	7.62	0.0
0	1033	7.62	0.0
0	1034	7.62	7.3
0	1035	7.62	0.0
0	1036	7.61	0.0
0	1037	7.61	0.81
0	1038	7.59	0.13
0	1039	7.59	0.48
0	1040	7.56	0.0
0	1041	7.55	1.09
0	1042	7.54	0.0
0	1043	7.54	3.88
0	1044	7.54	0.0
0	1045	7.53	7.23
0	1046	7.53	5.65
0	1047	7.53	4.76
0	1048	7.53	2.74
0	1049	7.53	5.96
0	1050	7.53	0.0
0	1051	7.51	4.56
0	1052	7.49	0.0
0	1053	7.49	1.98
0	1054	7.48	0.0
0	1055	7.47	1.2
0	1056	7.43	0.0
0	1057	7.4	1.13
0	1058	7.4	0.0
0	1059	7.39	0.5
0	1060	7.38	0.0
0	1061	7.36	0.0
0	1062	7.33	6.91
0	1063	7.32	0.0
0	1064	7.31	0.0
0	1065	7.29	7.03
0	1066	7.28	7.25
0	1067	7.27	4.33
0	1068	7.27	0.0
0	1069	7.23	0.0
0	1070	7.22	3.75
0	1071	7.22	0.0
0	1072	7.21	0.0
0	1073	7.2	6.48
0	1074	7.19	4.52
0	1075	7.18	3.82
0	1076	7.18	0.0
0	1077	7.14	0.0
0	1078	7.13	0.0
0	1079	7.13	0.0
0	1080	7.12	0.14
0	1081	7.1	0.0
0	1082	7.08	0.33
0	1083	7.02	2.55
0	1084	7.02	0.08
0	1085	7.0	2.68
0	1086	7.0	2.13
0	1087	7.0	0.0
0	1088	6.99	3.22
0	1089	6.98	1.85
0	1090	6.98	6.34
0	1091	6.98	2.15
0	1092	6.97	0.0
0	1093	6.95	0.0
0	1094	6.95	4.49
0	1095	6.92	5.8
0	1096	6.89	0.0
0	1097	6.88	0.0
0	1098	6.85	2.21
0	1099	6.84	0.0
0	1100	6.83	4.3
0	1101	6.82	0.0
0	1102	6.78	0.0
0	1103	6.77	0.0
0	1104	6.75	0.0
0	1105	6.75	1.57
0	1106	6.74	3.55
0	1107	6.73	6.63
0	1108	6.71	0.0
0	1109	6.7	0.0
0	1110	6.7	0.75
0	1111	6.66	0.22
0	1112	6.65	0.0
0	1113	6.65	2.38
0	1114	6.65	0.0
0	1115	6.64	0.73
0	1116	6.63	2.39
0	1117	6.63	0.0
0	1118	6.62	5.0
0	1119	6.61	5.97
0	1120	6.61	4.74
0	1121	6.6	0.93
0	1122	6.6	3.83
0	1123	6.59	0.0
0	1124	6.59	0.0
0	1125	6.58	0.0
0	1126	6.55	1.6
0	1127	6.55	4.6
0	1128	6.54	1.94
0	1129	6.53	4.23
0	1130	6.51	0.0
0	1131	6.51	4.91
0	1132	6.49	0.0
0	1133	6.45	0.0
0	1134	6.44	5.36
0	1135	6.43	0.0
0	1136	6.42	0.0
0	1137	6.41	0.0
0	1138	6.4	6.19
0	1139	6.36	0.0
0	1140	6.36	0.0
0	1141	6.33	3.62
0	1142	6.32	3.41
0	1143	6.32	0.0
0	1144	6.31	3.19
0	1145	6.28	0.0
0	1146	6.28	0.0
0	1147	6.27	4.42
0	1148	6.27	0.0
0	1149	6.26	0.99
0	1150	6.26	5.78
0	1151	6.23	3.11
0	1152	6.22	5.16
0	1153	6.22	1.42
0	1154	6.21	5.42
0	1155	6.2	0.0
0	1156	6.19	1.47
0	1157	6.18	0.0
0	1158	6.16	5.35
0	1159	6.16	0.06
0	1160	6.14	3.86
0	1161	6.14	3.57
0	1162	6.1	1.72
0	1163	6.08	0.8
0	1164	6.07	1.94
0	1165	6.06	0.0
0	1166	6.05	0.0
0	1167	6.05	0.0
0	1168	6.04	0.85
0	1169	6.03	0.0
0	1170	6.02	0.0
0	1171	6.01	4.09
0	1172	6.0	3.43
0	1173	5.97	3.58
0	1174	5.96	0.0
0	1175	5.94	0.0
0	1176	5.94	2.25
0	1177	5.92	0.0
0	1178	5.91	3.77
0	1179	5.9	0.0
0	1180	5.9	4.15
0	1181	5.89	0.0
0	1182	5.88	0.0
0	1183	5.86	0.0
0	1184	5.85	0.0
0	1185	5.85	4.41
0	1186	5.85	0.0
0	1187	5.85	0.0
0	1188	5.82	0.47
0	1189	5.77	0.0
0	1190	5.77	0.0
0	1191	5.76	0.0
0	1192	5.73	0.0
0	1193	5.73	1.53
0	1194	5.72	0.0
0	1195	5.71	1.91
0	1196	5.69	0.0
0	1197	5.68	0.0
0	1198	5.66	0.0
0	1199	5.65	0.0
0	1200	5.64	0.0
0	1201	5.63	0.0
0	1202	5.62	5.27
0	1203	5.61	2.57
0	1204	5.59	0.95
0	1205	5.56	0.0
0	1206	5.56	0.0
0	1207	5.55	0.0
0	1208	5.54	0.0
0	1209	5.52	0.0
0	1210	5.52	0.0
0	1211	5.51	0.0
0	1212	5.5	0.0
0	1213	5.5	0.0
0	1214	5.48	0.0
0	1215	5.48	0.0
0	1216	5.47	2.57
0	1217	5.46	4.85
0	1218	5.43	0.0
0	1219	5.41	0.0
0	1220	5.41	4.69
0	1221	5.41	2.17
0	1222	5.4	4.08
0	1223	5.4	0.0
0	1224	5.4	0.0
0	1225	5.4	0.0
0	1226	5.39	3.97
0	1227	5.38	0.0
0	1228	5.36	2.63
0	1229	5.36	0.0
0	1230	5.36	0.0
0	1231	5.34	5.29
0	1232	5.32	0.0
0	1233	5.32	0.43
0	1234	5.29	4.81
0	1235	5.29	0.0
0	1236	5.28	0.0
0	1237	5.28	0.0
0	1238	5.27	0.0
0	1239	5.24	0.0
0	1240	5.23	4.37
0	1241	5.22	0.0
0	1242	5.21	0.0
0	1243	5.21	0.0
0	1244	5.2	4.67
0	1245	5.18	0.0
0	1246	5.18	3.25
0	1247	5.17	3.39
0	1248	5.16	0.37
0	1249	5.14	0.0
0	1250	5.11	0.0
0	1251	5.11	0.52
0	1252	5.1	0.0
0	1253	5.09	2.35
0	1254	5.08	4.56
0	1255	5.08	0.0
0	1256	5.07	0.0
0	1257	5.07	0.0
0	1258	5.04	1.17
0	1259	5.04	4.35
0	1260	4.99	3.5
0	1261	4.97	4.14
0	1262	4.97	4.1
0	1263	4.97	0.0
0	1264	4.92	0.0
0	1265	4.92	0.0
0	1266	4.91	0.44
0	1267	4.91	0.0
0	1268	4.9	0.0
0	1269	4.89	0.0
0	1270	4.89	0.0
0	1271	4.89	0.0
0	1272	4.87	0.0
0	1273	4.87	0.0
0	1274	4.86	3.75
0	1275	4.85	0.0
0	1276	4.85	3.51
0	1277	4.84	0.0
0	1278	4.83	2.71
0	1279	4.81	0.0
0	1280	4.8	0.0
0	1281	4.79	0.0
0	1282	4.78	2.97
0	1283	4.77	0.0
0	1284	4.73	0.0
0	1285	4.73	0.0
0	1286	4.7	4.63
0	1287	4.68	0.69
0	1288	4.67	0.0
0	1289	4.66	0.0
0	1290	4.63	4.38
0	1291	4.63	0.0
0	1292	4.6	0.0
0	1293	4.6	0.0
0	1294	4.58	0.0
0	1295	4.57	4.17
0	1296	4.54	0.0
0	1297	4.53	0.0
0	1298	4.51	0.0
0	1299	4.51	0.0
0	1300	4.49	1.69
0	1301	4.45	0.0
0	1302	4.43	0.0
0	1303	4.42	0.0
0	1304	4.4	0.0
0	1305	4.38	0.0
0	1306	4.37	0.0
0	1307	4.37	1.82
0	1308	4.36	2.46
0	1309	4.36	0.0
0	1310	4.33	0.0
0	1311	4.33	0.0
0	1312	4.33	3.52
0	1313	4.29	0.69
0	1314	4.28	3.61
0	1315	4.28	1.82
0	1316	4.26	0.0
0	1317	4.24	1.5
0	1318	4.22	0.0
0	1319	4.21	3.19
0	1320	4.16	0.0
0	1321	4.16	0.0
0	1322	4.15	3.17
0	1323	4.13	0.0
0	1324	4.13	0.0
0	1325	4.13	0.0
0	1326	4.12	0.26
0	1327	4.12	0.0
0	1328	4.11	0.0
0	1329	4.11	1.59
0	1330	4.1	3.43
0	1331	4.09	0.0
0	1332	4.05	0.0
0	1333	4.01	0.58
0	1334	4.01	1.61
0	1335	3.99	3.24
0	1336	3.99	2.13
0	1337	3.98	3.56
0	1338	3.98	0.92
0	1339	3.97	3.2
0	1340	3.97	0.0
0	1341	3.97	1.16
0	1342	3.95	0.0
0	1343	3.94	0.0
0	1344	3.93	0.0
0	1345	3.9	0.0
0	1346	3.9	0.0
0	1347	3.88	2.53
0	1348	3.87	0.0
0	1349	3.87	1.57
0	1350	3.87	0.56
0	1351	3.86	0.0
0	1352	3.86	2.42
0	1353	3.84	0.0
0	1354	3.83	0.0
0	1355	3.83	0.0
0	1356	3.82	1.33
0	1357	3.82	0.0
0	1358	3.82	1.21
0	1359	3.82	0.25
0	1360	3.8	0.0
0	1361	3.78	0.04
0	1362	3.77	0.0
0	1363	3.77	0.0
0	1364	3.77	2.33
0	1365	3.75	0.0
0	1366	3.75	0.0
0	1367	3.73	0.0
0	1368	3.72	0.42
0	1369	3.72	0.48
0	1370	3.71	0.0
0	1371	3.69	3.23
0	1372	3.68	0.0
0	1373	3.67	0.0
0	1374	3.67	2.08
0	1375	3.66	0.87
0	1376	3.65	0.0
0	1377	3.64	2.33
0	1378	3.61	0.0
0	1379	3.61	1.8
0	1380	3.59	0.0
0	1381	3.59	0.0
0	1382	3.56	1.09
0	1383	3.56	0.0
0	1384	3.55	0.0
0	1385	3.5	2.16
0	1386	3.49	0.0
0	1387	3.48	0.0
0	1388	3.46	0.0
0	1389	3.46	0.0
0	1390	3.44	2.72
0	1391	3.44	0.0
0	1392	3.44	0.0
0	1393	3.41	0.0
0	1394	3.4	0.0
0	1395	3.4	0.0
0	1396	3.39	0.0
0	1397	3.39	0.0
0	1398	3.38	0.0
0	1399	3.35	0.48
0	1400	3.34	0.0
0	1401	3.34	0.0
0	1402	3.34	0.0
0	1403	3.33	0.0
0	1404	3.31	0.0
0	1405	3.31	2.87
0	1406	3.3	0.0
0	1407	3.3	0.0
0	1408	3.29	2.64
0	1409	3.29	0.0
0	1410	3.25	0.0
0	1411	3.25	0.0
0	1412	3.25	0.0
0	1413	3.24	0.0
0	1414	3.24	0.09
0	1415	3.24	0.0
0	1416	3.22	0.0
0	1417	3.22	0.0
0	1418	3.17	0.0
0	1419	3.15	0.0
0	1420	3.15	0.0
0	1421	3.15	0.0
0	1422	3.14	0.0
0	1423	3.13	1.53
0	1424	3.12	0.0
0	1425	3.12	1.99
0	1426	3.12	0.0
0	1427	3.11	0.0
0	1428	3.1	2.47
0	1429	3.09	0.0
0	1430	3.09	0.0
0	1431	3.07	0.0
0	1432	3.07	2.06
0	1433	3.06	0.0
0	1434	3.03	0.0
0	1435	3.02	2.39
0	1436	3.01	0.0
0	1437	2.99	0.0
0	1438	2.99	1.52
0	1439	2.97	0.0
0	1440	2.97	0.0
0	1441	2.96	2.45
0	1442	2.96	0.02
0	1443	2.95	0.0
0	1444	2.95	0.0
0	1445	2.93	1.5
0	1446	2.92	2.81
0	1447	2.92	0.0
0	1448	2.89	0.0
0	1449	2.87	0.0
0	1450	2.86	0.0
0	1451	2.85	0.0
0	1452	2.85	0.0
0	1453	2.84	2.71
0	1454	2.84	0.38
0	1455	2.84	0.0
0	1456	2.84	1.96
0	1457	2.82	0.0
0	1458	2.81	0.0
0	1459	2.79	0.0
0	1460	2.78	0.0
0	1461	2.74	0.0
0	1462	2.73	0.0
0	1463	2.65	0.0
0	1464	2.65	0.0
0	1465	2.65	0.0
0	1466	2.64	0.0
0	1467	2.64	0.0
0	1468	2.62	0.0
0	1469	2.6	0.0
0	1470	2.6	0.0
0	1471	2.59	1.29
0	1472	2.59	0.02
0	1473	2.54	0.0
0	1474	2.53	2.24
0	1475	2.52	0.0
0	1476	2.52	0.0
0	1477	2.52	0.0
0	1478	2.52	0.0
0	1479	2.51	0.0
0	1480	2.49	0.0
0	1481	2.48	0.3
0	1482	2.48	0.0
0	1483	2.47	1.83
0	1484	2.47	0.0
0	1485	2.44	0.0
0	1486	2.43	0.0
0	1487	2.43	0.0
0	1488	2.42	0.0
0	1489	2.42	2.34
0	1490	2.39	0.0
0	1491	2.39	0.0
0	1492	2.38	0.0
0	1493	2.38	1.3
0	1494	2.36	0.0
0	1495	2.36	0.0
0	1496	2.35	0.37
0	1497	2.34	1.37
0	1498	2.34	0.0
0	1499	2.34	0.0
0	1500	2.33	0.0
0	1501	2.32	0.0
0	1502	2.31	0.0
0	1503	2.31	0.0
0	1504	2.31	0.71
0	1505	2.31	0.0
0	1506	2.26	0.0
0	1507	2.25	1.64
0	1508	2.24	0.0
0	1509	2.23	0.0
0	1510	2.23	0.0
0	1511	2.2	0.0
0	1512	2.2	0.0
0	1513	2.19	1.24
0	1514	2.16	0.0
0	1515	2.16	0.0
0	1516	2.16	0.0
0	1517	2.15	1.09
0	1518	2.13	0.0
0	1519	2.13	1.53
0	1520	2.11	0.0
0	1521	2.1	0.0
0	1522	2.09	0.0
0	1523	2.09	0.0
0	1524	2.09	0.0
0	1525	2.09	0.0
0	1526	2.08	0.0
0	1527	2.08	0.0
0	1528	2.06	0.0
0	1529	2.05	0.0
0	1530	2.04	1.21
0	1531	2.04	0.0
0	1532	2.04	0.0
0	1533	2.04	0.63
0	1534	2.04	0.0
0	1535	2.04	0.0
0	1536	2.03	0.0
0	1537	2.01	1.72
0	1538	2.01	0.21
0	1539	2.0	0.11
0	1540	2.0	0.0
0	1541	2.0	0.0
0	1542	1.96	0.0
0	1543	1.95	0.0
0	1544	1.95	0.26
0	1545	1.94	0.0
0	1546	1.94	0.0
0	1547	1.93	0.0
0	1548	1.92	0.33
0	1549	1.9	0.0
0	1550	1.9	0.0
0	1551	1.89	0.0
0	1552	1.87	0.0
0	1553	1.87	0.0
0	1554	1.87	0.0
0	1555	1.86	0.0
0	1556	1.84	0.0
0	1557	1.82	0.0
0	1558	1.82	0.0
0	1559	1.82	0.0
0	1560	1.81	0.0
0	1561	1.79	0.0
0	1562	1.78	0.0
0	1563	1.78	0.0
0	1564	1.76	0.0
0	1565	1.75	0.0
0	1566	1.74	0.0
0	1567	1.74	0.0
0	1568	1.73	0.0
0	1569	1.72	0.87
0	1570	1.72	0.0
0	1571	1.69	0.0
0	1572	1.67	0.0
0	1573	1.66	0.0
0	1574	1.66	0.0
0	1575	1.66	0.0
0	1576	1.65	0.0
0	1577	1.65	0.0
0	1578	1.64	0.47
0	1579	1.64	0.0
0	1580	1.64	0.0
0	1581	1.64	0.0
0	1582	1.63	0.0
0	1583	1.63	0.0
0	1584	1.62	0.0
0	1585	1.62	0.0
0	1586	1.6	0.0
0	1587	1.6	0.0
0	1588	1.6	0.0
0	1589	1.59	0.0
0	1590	1.58	0.0
0	1591	1.58	0.0
0	1592	1.55	0.0
0	1593	1.54	0.0
0	1594	1.54	0.7
0	1595	1.54	1.4
0	1596	1.54	0.0
0	1597	1.53	0.0
0	1598	1.52	0.0
0	1599	1.51	0.0
0	1600	1.48	0.85
0	1601	1.46	0.0
0	1602	1.46	0.0
0	1603	1.44	0.0
0	1604	1.44	0.0
0	1605	1.43	0.0
0	1606	1.41	0.0
0	1607	1.41	0.51
0	1608	1.4	0.0
0	1609	1.39	0.0
0	1610	1.38	0.08
0	1611	1.37	0.0
0	1612	1.35	0.0
0	1613	1.34	0.0
0	1614	1.34	0.0
0	1615	1.34	0.0
0	1616	1.32	0.57
0	1617	1.32	0.0
0	1618	1.32	0.0
0	1619	1.3	0.0
0	1620	1.29	0.0
0	1621	1.28	0.0
0	1622	1.26	0.0
0	1623	1.25	0.0
0	1624	1.25	0.17
0	1625	1.21	0.0
0	1626	1.2	0.0
0	1627	1.19	0.0
0	1628	1.17	0.0
0	1629	1.16	0.0
0	1630	1.16	0.0
0	1631	1.16	0.0
0	1632	1.16	0.0
0	1633	1.15	0.0
0	1634	1.15	0.0
0	1635	1.12	0.0
0	1636	1.1	0.7
0	1637	1.1	0.0
0	1638	1.09	0.0
0	1639	1.09	0.0
0	1640	1.08	0.27
0	1641	1.08	0.0
0	1642	1.08	0.0
0	1643	1.07	0.0
0	1644	1.06	0.0
0	1645	1.05	0.0
0	1646	1.05	0.0
0	1647	1.03	0.0
0	1648	1.03	0.0
0	1649	1.02	0.99
0	1650	1.0	0.0
0	1651	1.0	0.0
0	1652	0.99	0.0
0	1653	0.99	0.0
0	1654	0.98	0.0
0	1655	0.98	0.0
0	1656	0.97	0.0
0	1657	0.97	0.0
0	1658	0.97	0.0
0	1659	0.97	0.0
0	1660	0.96	0.0
0	1661	0.96	0.0
0	1662	0.95	0.0
0	1663	0.94	0.0
0	1664	0.94	0.0
0	1665	0.94	0.0
0	1666	0.93	0.0
0	1667	0.92	0.0
0	1668	0.87	0.0
0	1669	0.85	0.0
0	1670	0.85	0.0
0	1671	0.83	0.0
0	1672	0.82	0.1
0	1673	0.82	0.21
0	1674	0.79	0.0
0	1675	0.77	0.0
0	1676	0.75	0.0
0	1677	0.73	0.0
0	1678	0.68	0.0
0	1679	0.67	0.0
0	1680	0.67	0.0
0	1681	0.67	0.0
0	1682	0.65	0.0
0	1683	0.63	0.0
0	1684	0.62	0.0
0	1685	0.62	0.0
0	1686	0.61	0.0
0	1687	0.6	0.0
0	1688	0.6	0.0
0	1689	0.6	0.0
0	1690	0.59	0.0
0	1691	0.56	0.0
0	1692	0.56	0.0
0	1693	0.55	0.0
0	1694	0.49	0.0
0	1695	0.49	0.0
0	1696	0.48	0.0
0	1697	0.47	0.0
0	1698	0.47	0.0
0	1699	0.46	0.0
0	1700	0.45	0.0
0	1701	0.45	0.0
0	1702	0.45	0.0
0	1703	0.45	0.0
0	1704	0.44	0.0
0	1705	0.42	0.0
0	1706	0.41	0.0
0	1707	0.41	0.0
0	1708	0.4	0.0
0	1709	0.38	0.0
0	1710	0.36	0.0
0	1711	0.35	0.24
0	1712	0.35	0.0
0	1713	0.34	0.0
0	1714	0.34	0.0
0	1715	0.33	0.0
0	1716	0.33	0.0
0	1717	0.33	0.16
0	1718	0.32	0.0
0	1719	0.31	0.0
0	1720	0.31	0.0
0	1721	0.3	0.0
0	1722	0.3	0.0
0	1723	0.29	0.0
0	1724	0.29	0.0
0	1725	0.29	0.0
0	1726	0.28	0.0
0	1727	0.26	0.0
0	1728	0.26	0.0
0	1729	0.25	0.0
0	1730	0.25	0.0
0	1731	0.25	0.0
0	1732	0.25	0.0
0	1733	0.25	0.0
0	1734	0.24	0.0
0	1735	0.24	0.0
0	1736	0.24	0.0
0	1737	0.24	0.0
0	1738	0.22	0.0
0	1739	0.21	0.0
0	1740	0.19	0.0
0	1741	0.19	0.0
0	1742	0.18	0.0
0	1743	0.18	0.0
0	1744	0.17	0.0
0	1745	0.16	0.0
0	1746	0.15	0.0
0	1747	0.15	0.0
0	1748	0.15	0.0
0	1749	0.14	0.0
0	1750	0.12	0.0
0	1751	0.12	0.0
0	1752	0.12	0.0
0	1753	0.11	0.0
0	1754	0.1	0.0
0	1755	0.09	0.0
0	1756	0.09	0.0
0	1757	0.08	0.0
0	1758	0.08	0.0
0	1759	0.06	0.0
0	1760	0.04	0.0
0	1761	0.03	0.0
0	1762	0.02	0.0
0	1763	0.02	0.0
0	1764	0.02	0.0
0	1765	0.02	0.0
