clade	species	ts	te
0	1	100.0	90.56
0	2	99.92	96.09
0	3	99.47	95.12
0	4	98.42	97.84
0	5	97.4	84.33
0	6	97.11	89.62
0	7	95.02	87.68
0	8	94.12	88.75
0	9	92.15	80.58
0	10	89.32	89.0
0	11	89.25	84.31
0	12	88.8	82.85
0	13	87.31	79.69
0	14	85.68	56.54
0	15	84.56	77.9
0	16	83.8	83.58
0	17	79.31	68.29
0	18	79.06	74.13
0	19	76.54	71.69
0	20	76.19	68.9
0	21	75.54	59.4
0	22	74.05	68.31
0	23	72.0	65.16
0	24	71.02	59.8
0	25	70.72	58.26
0	26	70.27	66.17
0	27	70.25	59.8
0	28	69.87	47.94
0	29	69.66	46.23
0	30	69.6	69.05
0	31	68.79	46.18
0	32	68.58	60.5
0	33	67.92	51.59
0	34	67.05	66.46
0	35	64.47	51.59
0	36	63.11	48.43
0	37	62.9	52.79
0	38	62.89	56.42
0	39	62.63	42.49
0	40	62.57	55.96
0	41	60.99	55.78
0	42	60.93	38.17
0	43	60.93	50.75
0	44	60.11	57.49
0	45	59.15	47.84
0	46	58.97	46.9
0	47	57.81	40.17
0	48	57.73	56.94
0	49	57.65	46.81
0	50	57.36	54.75
0	51	57.22	42.15
0	52	56.95	36.39
0	53	56.92	54.82
0	54	56.53	46.91
0	55	56.32	51.65
0	56	56.31	52.84
0	57	56.01	39.11
0	58	56.0	52.71
0	59	55.93	54.23
0	60	55.61	47.22
0	61	55.61	50.96
0	62	55.2	37.84
0	63	55.11	42.96
0	64	55.09	39.14
0	65	54.92	54.51
0	66	54.37	37.53
0	67	53.98	49.99
0	68	53.34	46.03
0	69	53.34	48.91
0	70	52.96	21.04
0	71	52.74	50.22
0	72	52.72	51.6
0	73	52.42	45.22
0	74	52.26	42.71
0	75	52.11	45.22
0	76	52.06	50.35
0	77	52.0	48.57
0	78	51.88	50.11
0	79	51.73	33.78
0	80	51.64	40.97
0	81	51.6	48.42
0	82	51.5	12.45
0	83	51.46	2.14
0	84	51.32	48.14
0	85	51.24	40.38
0	86	51.03	46.4
0	87	50.97	47.55
0	88	50.95	39.06
0	89	50.74	46.3
0	90	50.48	48.8
0	91	50.34	14.32
0	92	50.23	35.87
0	93	50.12	38.64
0	94	50.02	44.77
0	95	49.87	37.52
0	96	49.5	46.15
0	97	49.45	46.91
0	98	49.38	45.18
0	99	49.22	42.46
0	100	49.1	48.27
0	101	48.95	41.07
0	102	48.86	35.67
0	103	48.63	48.48
0	104	48.46	48.14
0	105	48.35	42.86
0	106	48.32	45.93
0	107	48.32	48.09
0	108	48.3	42.06
0	109	48.24	44.03
0	110	48.17	47.17
0	111	48.13	43.79
0	112	47.89	46.45
0	113	47.86	33.8
0	114	47.83	36.77
0	115	47.6	41.08
0	116	47.53	29.82
0	117	47.52	32.11
0	118	47.46	41.71
0	119	47.32	44.11
0	120	47.01	46.97
0	121	46.47	44.51
0	122	46.29	28.6
0	123	46.27	45.21
0	124	46.11	43.92
0	125	46.07	4.55
0	126	45.78	45.5
0	127	45.59	44.38
0	128	45.52	44.15
0	129	45.39	29.94
0	130	45.37	41.75
0	131	45.36	38.85
0	132	45.33	37.22
0	133	44.96	33.16
0	134	44.85	40.74
0	135	44.55	42.63
0	136	44.29	37.22
0	137	43.95	32.63
0	138	43.92	38.06
0	139	43.76	37.48
0	140	43.7	42.09
0	141	43.66	40.22
0	142	43.47	39.97
0	143	43.38	21.05
0	144	43.34	41.12
0	145	43.31	33.91
0	146	43.28	42.63
0	147	42.89	32.12
0	148	42.86	20.97
0	149	42.77	28.4
0	150	42.76	37.08
0	151	42.68	41.32
0	152	42.65	35.95
0	153	42.62	38.41
0	154	42.58	41.42
0	155	42.4	34.7
0	156	42.32	40.31
0	157	41.99	30.51
0	158	41.96	39.69
0	159	41.56	39.03
0	160	41.54	40.5
0	161	41.38	38.43
0	162	41.38	37.33
0	163	41.36	25.51
0	164	41.15	36.87
0	165	40.85	36.9
0	166	40.83	32.79
0	167	40.78	40.16
0	168	40.73	36.05
0	169	40.73	38.42
0	170	40.63	15.58
0	171	40.56	16.39
0	172	40.5	14.59
0	173	40.39	34.48
0	174	40.26	27.72
0	175	40.25	39.02
0	176	39.9	30.01
0	177	39.7	37.1
0	178	39.38	17.24
0	179	39.36	17.88
0	180	39.13	38.95
0	181	39.12	32.92
0	182	39.08	36.93
0	183	38.97	36.28
0	184	38.96	38.6
0	185	38.89	35.03
0	186	38.85	35.6
0	187	38.78	31.43
0	188	38.54	33.63
0	189	38.49	26.47
0	190	38.28	36.76
0	191	38.27	37.34
0	192	38.06	29.92
0	193	37.96	20.41
0	194	37.9	33.67
0	195	37.74	36.86
0	196	37.74	0.0
0	197	37.7	10.25
0	198	37.5	35.63
0	199	37.33	34.5
0	200	37.18	8.5
0	201	36.8	34.21
0	202	36.56	35.61
0	203	36.43	30.87
0	204	36.41	31.15
0	205	36.34	34.41
0	206	36.32	16.65
0	207	36.31	25.34
0	208	36.24	29.78
0	209	36.14	16.12
0	210	36.07	28.57
0	211	35.93	19.72
0	212	35.8	33.73
0	213	35.56	31.81
0	214	35.55	22.89
0	215	35.55	32.26
0	216	35.55	25.74
0	217	35.45	6.53
0	218	35.35	32.91
0	219	35.26	35.22
0	220	35.26	31.67
0	221	35.05	28.14
0	222	34.99	29.14
0	223	34.9	19.31
0	224	34.74	22.91
0	225	34.7	14.77
0	226	34.61	30.72
0	227	34.59	29.97
0	228	34.57	31.01
0	229	34.47	28.14
0	230	34.47	15.94
0	231	34.45	24.43
0	232	34.31	18.99
0	233	34.3	34.2
0	234	34.29	32.22
0	235	34.09	27.97
0	236	34.05	28.25
0	237	33.79	30.93
0	238	33.79	21.57
0	239	33.76	18.95
0	240	33.69	33.49
0	241	33.65	31.94
0	242	33.47	31.34
0	243	33.35	19.72
0	244	33.32	29.7
0	245	33.29	31.99
0	246	33.25	14.64
0	247	32.99	24.83
0	248	32.95	2.87
0	249	32.95	12.28
0	250	32.89	18.16
0	251	32.72	23.84
0	252	32.67	30.81
0	253	32.63	30.97
0	254	32.61	28.38
0	255	32.46	29.8
0	256	32.38	26.13
0	257	32.29	24.8
0	258	32.05	15.99
0	259	32.04	23.67
0	260	31.96	30.84
0	261	31.96	21.93
0	262	31.94	23.28
0	263	31.81	13.17
0	264	31.8	27.1
0	265	31.67	25.01
0	266	31.66	8.7
0	267	31.6	22.08
0	268	31.6	30.54
0	269	31.56	25.29
0	270	31.55	14.49
0	271	31.51	27.39
0	272	31.5	28.62
0	273	31.21	16.94
0	274	31.2	30.26
0	275	31.19	4.08
0	276	31.1	13.08
0	277	31.04	24.0
0	278	30.96	24.59
0	279	30.47	26.4
0	280	30.33	13.41
0	281	30.22	13.71
0	282	30.19	26.15
0	283	30.08	20.83
0	284	30.05	24.36
0	285	30.05	0.0
0	286	30.03	26.38
0	287	30.01	26.69
0	288	29.94	25.17
0	289	29.94	20.48
0	290	29.94	28.9
0	291	29.92	25.95
0	292	29.89	27.88
0	293	29.87	22.38
0	294	29.85	25.42
0	295	29.73	7.71
0	296	29.69	18.29
0	297	29.69	26.8
0	298	29.65	24.41
0	299	29.64	25.17
0	300	29.5	14.34
0	301	29.47	19.43
0	302	29.43	25.66
0	303	29.36	4.77
0	304	29.31	28.97
0	305	29.28	27.09
0	306	29.21	16.24
0	307	29.17	24.7
0	308	29.16	24.68
0	309	29.12	13.17
0	310	29.11	24.65
0	311	29.03	18.04
0	312	28.92	15.29
0	313	28.88	27.06
0	314	28.87	21.93
0	315	28.48	7.73
0	316	28.42	12.63
0	317	28.42	24.53
0	318	28.36	24.1
0	319	28.34	0.82
0	320	28.1	10.42
0	321	28.07	27.61
0	322	28.0	19.86
0	323	28.0	0.0
0	324	27.89	27.01
0	325	27.89	18.11
0	326	27.82	13.34
0	327	27.8	14.05
0	328	27.78	23.05
0	329	27.77	7.16
0	330	27.76	26.02
0	331	27.63	25.61
0	332	27.59	18.47
0	333	27.58	22.72
0	334	27.51	0.0
0	335	27.47	23.99
0	336	27.37	20.83
0	337	27.33	18.36
0	338	27.31	22.47
0	339	27.31	8.79
0	340	27.31	16.58
0	341	27.1	5.89
0	342	27.09	4.79
0	343	27.08	25.45
0	344	26.97	26.32
0	345	26.84	26.6
0	346	26.79	15.21
0	347	26.72	0.28
0	348	26.6	23.64
0	349	26.54	7.96
0	350	26.41	23.96
0	351	26.33	25.67
0	352	26.16	13.7
0	353	26.1	25.59
0	354	26.09	0.0
0	355	26.02	5.08
0	356	26.02	18.13
0	357	25.96	23.59
0	358	25.87	8.18
0	359	25.81	0.0
0	360	25.76	4.33
0	361	25.65	20.61
0	362	25.56	7.62
0	363	25.55	7.22
0	364	25.51	21.02
0	365	25.48	24.53
0	366	25.48	24.28
0	367	25.43	25.3
0	368	25.37	20.2
0	369	25.36	16.5
0	370	25.35	21.9
0	371	25.34	24.6
0	372	25.33	24.22
0	373	25.3	23.1
0	374	25.28	19.4
0	375	25.27	19.85
0	376	25.17	18.59
0	377	25.13	19.61
0	378	25.11	12.72
0	379	25.06	0.0
0	380	25.02	3.36
0	381	24.91	16.04
0	382	24.89	21.46
0	383	24.86	5.92
0	384	24.74	21.52
0	385	24.68	0.0
0	386	24.62	15.36
0	387	24.54	2.21
0	388	24.52	19.31
0	389	24.47	19.39
0	390	24.32	13.93
0	391	24.28	14.62
0	392	24.22	22.61
0	393	24.08	15.7
0	394	24.03	22.77
0	395	24.0	21.77
0	396	23.99	11.96
0	397	23.93	23.06
0	398	23.84	10.6
0	399	23.82	23.44
0	400	23.79	11.09
0	401	23.75	16.67
0	402	23.64	11.91
0	403	23.57	10.66
0	404	23.55	0.0
0	405	23.48	22.17
0	406	23.42	21.99
0	407	23.36	22.41
0	408	23.3	19.91
0	409	23.18	5.89
0	410	23.15	11.77
0	411	23.07	18.14
0	412	23.02	22.65
0	413	22.92	22.62
0	414	22.84	2.29
0	415	22.84	12.44
0	416	22.81	12.99
0	417	22.78	20.89
0	418	22.75	13.59
0	419	22.72	21.53
0	420	22.68	17.21
0	421	22.67	16.38
0	422	22.61	16.26
0	423	22.53	22.46
0	424	22.5	6.62
0	425	22.5	18.76
0	426	22.33	17.43
0	427	22.28	15.24
0	428	22.25	10.5
0	429	22.21	6.9
0	430	22.15	19.22
0	431	22.12	21.84
0	432	22.1	0.0
0	433	22.02	20.11
0	434	21.99	19.7
0	435	21.96	6.36
0	436	21.92	21.1
0	437	21.86	15.5
0	438	21.85	7.08
0	439	21.83	16.59
0	440	21.81	19.02
0	441	21.65	12.1
0	442	21.64	0.0
0	443	21.63	19.12
0	444	21.57	14.34
0	445	21.55	21.04
0	446	21.53	16.89
0	447	21.53	21.17
0	448	21.48	16.15
0	449	21.48	20.71
0	450	21.45	16.24
0	451	21.45	16.11
0	452	21.42	16.18
0	453	21.38	10.52
0	454	21.34	18.45
0	455	21.33	20.74
0	456	21.32	10.55
0	457	21.25	12.85
0	458	21.23	5.16
0	459	21.19	4.06
0	460	21.18	5.7
0	461	21.16	16.89
0	462	21.11	5.33
0	463	21.08	19.93
0	464	21.01	20.56
0	465	20.91	12.98
0	466	20.87	1.11
0	467	20.86	20.06
0	468	20.85	0.0
0	469	20.81	19.96
0	470	20.77	18.48
0	471	20.71	0.0
0	472	20.68	19.43
0	473	20.62	19.34
0	474	20.57	8.92
0	475	20.55	0.76
0	476	20.54	11.72
0	477	20.53	17.84
0	478	20.49	13.08
0	479	20.47	5.2
0	480	20.44	14.85
0	481	20.44	14.96
0	482	20.34	0.0
0	483	20.34	20.01
0	484	20.33	5.24
0	485	20.32	5.87
0	486	20.31	16.58
0	487	20.31	19.07
0	488	20.3	16.7
0	489	20.3	10.81
0	490	20.12	11.37
0	491	20.11	16.55
0	492	20.1	17.67
0	493	20.09	12.32
0	494	20.07	16.78
0	495	20.05	0.0
0	496	20.04	18.34
0	497	20.03	12.32
0	498	19.98	10.52
0	499	19.97	5.2
0	500	19.95	17.3
0	501	19.89	18.09
0	502	19.85	5.97
0	503	19.83	15.0
0	504	19.83	3.59
0	505	19.81	16.77
0	506	19.78	15.94
0	507	19.73	14.7
0	508	19.73	12.13
0	509	19.7	14.0
0	510	19.69	2.56
0	511	19.68	16.21
0	512	19.66	11.74
0	513	19.66	7.46
0	514	19.63	1.05
0	515	19.63	13.82
0	516	19.62	16.18
0	517	19.6	0.0
0	518	19.57	0.0
0	519	19.57	12.0
0	520	19.55	16.98
0	521	19.54	15.28
0	522	19.44	9.47
0	523	19.37	4.89
0	524	19.32	13.8
0	525	19.32	11.73
0	526	19.31	16.49
0	527	19.3	0.0
0	528	19.24	9.39
0	529	19.22	12.19
0	530	19.2	5.93
0	531	19.15	11.35
0	532	19.14	16.91
0	533	19.1	11.45
0	534	19.09	16.51
0	535	19.03	17.06
0	536	19.03	14.85
0	537	18.94	16.75
0	538	18.93	12.73
0	539	18.93	9.34
0	540	18.93	12.7
0	541	18.92	2.11
0	542	18.81	17.49
0	543	18.79	17.93
0	544	18.76	16.45
0	545	18.72	9.04
0	546	18.67	7.64
0	547	18.65	16.09
0	548	18.64	0.0
0	549	18.63	10.14
0	550	18.54	17.61
0	551	18.46	1.56
0	552	18.45	18.07
0	553	18.44	17.3
0	554	18.38	9.74
0	555	18.31	10.75
0	556	18.3	0.0
0	557	18.28	12.17
0	558	18.24	17.78
0	559	18.19	11.05
0	560	18.18	14.48
0	561	18.17	12.34
0	562	18.12	16.28
0	563	17.9	12.99
0	564	17.87	7.02
0	565	17.83	14.92
0	566	17.78	0.0
0	567	17.58	17.57
0	568	17.57	14.93
0	569	17.56	11.58
0	570	17.52	13.8
0	571	17.49	12.83
0	572	17.46	16.65
0	573	17.44	0.0
0	574	17.43	2.25
0	575	17.4	10.51
0	576	17.32	15.82
0	577	17.3	13.9
0	578	17.26	0.92
0	579	17.22	0.0
0	580	17.21	8.56
0	581	17.21	14.46
0	582	17.2	12.3
0	583	17.19	13.71
0	584	17.17	17.01
0	585	17.17	13.48
0	586	17.16	16.94
0	587	17.09	15.44
0	588	17.08	4.3
0	589	17.06	13.77
0	590	17.05	3.4
0	591	16.99	9.69
0	592	16.96	0.0
0	593	16.92	13.47
0	594	16.89	10.04
0	595	16.87	0.0
0	596	16.86	10.03
0	597	16.84	12.22
0	598	16.82	10.15
0	599	16.65	0.0
0	600	16.63	0.0
0	601	16.62	0.93
0	602	16.61	11.83
0	603	16.61	8.18
0	604	16.59	0.0
0	605	16.57	13.95
0	606	16.57	0.0
0	607	16.55	12.45
0	608	16.54	13.87
0	609	16.5	0.0
0	610	16.48	4.23
0	611	16.46	9.35
0	612	16.45	15.06
0	613	16.44	3.81
0	614	16.44	15.05
0	615	16.42	14.44
0	616	16.42	14.43
0	617	16.38	5.49
0	618	16.37	0.0
0	619	16.35	11.73
0	620	16.34	15.72
0	621	16.32	15.23
0	622	16.3	11.68
0	623	16.29	15.67
0	624	16.27	0.0
0	625	16.24	0.0
0	626	16.21	15.04
0	627	16.2	9.62
0	628	16.19	15.13
0	629	16.1	14.52
0	630	16.08	0.0
0	631	16.07	7.2
0	632	16.07	9.02
0	633	16.02	10.68
0	634	16.01	10.44
0	635	15.98	0.0
0	636	15.97	15.11
0	637	15.95	0.0
0	638	15.93	9.97
0	639	15.9	14.87
0	640	15.9	12.59
0	641	15.86	7.25
0	642	15.85	15.09
0	643	15.73	8.53
0	644	15.71	0.0
0	645	15.66	11.95
0	646	15.65	12.72
0	647	15.59	14.16
0	648	15.56	13.66
0	649	15.52	6.58
0	650	15.51	10.4
0	651	15.5	12.34
0	652	15.49	12.44
0	653	15.47	13.01
0	654	15.44	2.14
0	655	15.41	0.0
0	656	15.4	14.62
0	657	15.39	12.77
0	658	15.38	4.35
0	659	15.38	8.54
0	660	15.32	14.4
0	661	15.32	7.91
0	662	15.31	4.83
0	663	15.29	11.24
0	664	15.29	15.17
0	665	15.25	10.9
0	666	15.24	0.0
0	667	15.21	0.0
0	668	15.2	7.33
0	669	15.19	11.48
0	670	15.19	8.77
0	671	15.19	14.83
0	672	15.18	11.38
0	673	15.07	0.0
0	674	15.07	11.96
0	675	15.05	10.81
0	676	15.05	14.23
0	677	14.99	0.55
0	678	14.98	6.72
0	679	14.87	6.58
0	680	14.86	0.0
0	681	14.82	0.04
0	682	14.77	14.24
0	683	14.74	5.0
0	684	14.69	0.0
0	685	14.68	1.54
0	686	14.67	1.3
0	687	14.65	3.15
0	688	14.58	10.07
0	689	14.57	2.94
0	690	14.54	3.79
0	691	14.54	11.3
0	692	14.52	10.14
0	693	14.52	13.79
0	694	14.51	13.82
0	695	14.48	12.19
0	696	14.47	12.62
0	697	14.43	14.03
0	698	14.42	12.16
0	699	14.42	9.82
0	700	14.41	0.0
0	701	14.41	11.71
0	702	14.36	0.0
0	703	14.33	12.11
0	704	14.26	8.31
0	705	14.25	1.37
0	706	14.23	11.53
0	707	14.21	13.95
0	708	14.21	8.56
0	709	14.14	8.61
0	710	14.09	5.19
0	711	14.08	13.59
0	712	14.06	10.57
0	713	14.06	14.02
0	714	14.05	4.54
0	715	14.05	12.7
0	716	14.01	13.06
0	717	13.95	12.55
0	718	13.92	5.39
0	719	13.91	10.33
0	720	13.91	0.0
0	721	13.87	0.0
0	722	13.78	6.59
0	723	13.77	3.49
0	724	13.76	8.06
0	725	13.72	9.36
0	726	13.7	13.42
0	727	13.62	12.71
0	728	13.62	0.0
0	729	13.61	0.0
0	730	13.59	2.94
0	731	13.59	0.0
0	732	13.54	0.02
0	733	13.52	0.0
0	734	13.48	7.78
0	735	13.48	11.67
0	736	13.48	0.0
0	737	13.48	11.11
0	738	13.47	4.36
0	739	13.44	0.0
0	740	13.42	9.98
0	741	13.42	8.67
0	742	13.4	6.71
0	743	13.4	13.32
0	744	13.37	0.0
0	745	13.34	0.0
0	746	13.3	0.0
0	747	13.29	7.52
0	748	13.26	0.0
0	749	13.25	0.0
0	750	13.24	12.24
0	751	13.23	0.0
0	752	13.23	7.24
0	753	13.23	12.34
0	754	13.22	3.27
0	755	13.21	1.58
0	756	13.18	0.0
0	757	13.17	10.87
0	758	13.15	0.0
0	759	13.15	3.71
0	760	13.14	7.63
0	761	13.12	3.35
0	762	13.08	6.51
0	763	13.05	0.0
0	764	13.02	0.0
0	765	13.02	8.73
0	766	12.98	10.75
0	767	12.97	12.39
0	768	12.94	0.0
0	769	12.92	0.0
0	770	12.82	10.77
0	771	12.76	0.0
0	772	12.75	2.5
0	773	12.73	0.16
0	774	12.72	0.0
0	775	12.72	0.0
0	776	12.71	10.58
0	777	12.7	0.0
0	778	12.7	11.51
0	779	12.69	0.0
0	780	12.55	7.65
0	781	12.51	1.4
0	782	12.51	8.34
0	783	12.51	12.32
0	784	12.46	2.4
0	785	12.4	0.0
0	786	12.36	4.57
0	787	12.33	11.04
0	788	12.3	10.16
0	789	12.3	0.0
0	790	12.27	0.0
0	791	12.23	0.0
0	792	12.23	10.5
0	793	12.22	10.4
0	794	12.21	0.0
0	795	12.19	9.95
0	796	12.11	0.0
0	797	12.1	0.0
0	798	12.09	9.98
0	799	12.08	2.3
0	800	12.08	0.0
0	801	12.06	0.0
0	802	12.04	8.15
0	803	12.04	0.0
0	804	11.98	0.0
0	805	11.98	0.9
0	806	11.94	3.99
0	807	11.92	10.03
0	808	11.91	9.5
0	809	11.9	0.0
0	810	11.9	5.4
0	811	11.88	10.43
0	812	11.83	2.75
0	813	11.81	8.15
0	814	11.8	0.0
0	815	11.75	11.32
0	816	11.75	9.62
0	817	11.75	0.0
0	818	11.71	9.87
0	819	11.69	0.0
0	820	11.67	0.0
0	821	11.66	0.49
0	822	11.65	0.9
0	823	11.65	6.26
0	824	11.65	8.32
0	825	11.6	7.63
0	826	11.59	5.21
0	827	11.55	7.56
0	828	11.54	6.89
0	829	11.54	0.0
0	830	11.53	0.0
0	831	11.53	6.36
0	832	11.51	10.09
0	833	11.5	3.3
0	834	11.49	7.11
0	835	11.49	5.71
0	836	11.46	8.26
0	837	11.46	10.69
0	838	11.46	0.0
0	839	11.45	5.66
0	840	11.44	7.51
0	841	11.44	0.0
0	842	11.41	0.0
0	843	11.37	6.38
0	844	11.37	0.0
0	845	11.37	11.22
0	846	11.34	7.92
0	847	11.32	10.6
0	848	11.26	0.0
0	849	11.25	3.45
0	850	11.22	3.46
0	851	11.19	10.41
0	852	11.16	0.0
0	853	11.16	0.0
0	854	11.14	2.96
0	855	11.13	0.0
0	856	11.09	9.52
0	857	11.09	4.09
0	858	11.08	0.0
0	859	11.06	7.12
0	860	11.02	2.28
0	861	11.01	0.0
0	862	11.0	5.41
0	863	10.99	6.37
0	864	10.96	10.87
0	865	10.96	5.97
0	866	10.92	0.0
0	867	10.88	10.73
0	868	10.87	0.0
0	869	10.86	0.0
0	870	10.81	0.0
0	871	10.79	8.5
0	872	10.77	10.51
0	873	10.76	10.63
0	874	10.76	6.35
0	875	10.75	7.75
0	876	10.75	0.0
0	877	10.74	5.82
0	878	10.73	9.57
0	879	10.65	6.18
0	880	10.64	0.0
0	881	10.63	9.75
0	882	10.6	9.0
0	883	10.6	9.26
0	884	10.59	6.8
0	885	10.56	8.65
0	886	10.56	7.65
0	887	10.56	0.0
0	888	10.53	8.5
0	889	10.5	5.95
0	890	10.45	0.0
0	891	10.43	6.0
0	892	10.4	0.0
0	893	10.37	0.0
0	894	10.36	0.0
0	895	10.32	0.0
0	896	10.3	0.0
0	897	10.28	5.18
0	898	10.24	0.0
0	899	10.24	0.0
0	900	10.21	8.19
0	901	10.19	0.0
0	902	10.18	0.18
0	903	10.12	2.77
0	904	10.12	8.35
0	905	10.11	7.32
0	906	10.11	7.41
0	907	10.1	0.0
0	908	10.1	2.22
0	909	10.08	2.89
0	910	10.06	9.54
0	911	10.06	5.11
0	912	10.06	9.52
0	913	10.05	5.87
0	914	10.04	9.2
0	915	10.01	5.44
0	916	9.98	0.0
0	917	9.97	9.9
0	918	9.96	0.0
0	919	9.93	8.76
0	920	9.91	7.19
0	921	9.9	0.0
0	922	9.87	0.0
0	923	9.86	2.59
0	924	9.83	0.0
0	925	9.8	6.17
0	926	9.72	8.1
0	927	9.72	0.0
0	928	9.72	3.3
0	929	9.72	0.0
0	930	9.71	5.77
0	931	9.69	3.9
0	932	9.59	0.0
0	933	9.59	0.41
0	934	9.57	0.0
0	935	9.57	0.38
0	936	9.55	4.15
0	937	9.55	0.0
0	938	9.54	0.0
0	939	9.49	9.44
0	940	9.46	8.97
0	941	9.46	9.05
0	942	9.45	8.59
0	943	9.45	1.79
0	944	9.42	7.69
0	945	9.41	5.42
0	946	9.37	0.0
0	947	9.37	0.0
0	948	9.35	0.0
0	949	9.33	0.0
0	950	9.32	6.12
0	951	9.31	6.74
0	952	9.3	0.0
0	953	9.3	3.47
0	954	9.28	3.99
0	955	9.28	0.0
0	956	9.24	7.33
0	957	9.22	6.45
0	958	9.22	0.0
0	959	9.21	0.0
0	960	9.21	5.74
0	961	9.21	0.0
0	962	9.17	8.83
0	963	9.15	2.7
0	964	9.13	7.94
0	965	9.11	6.78
0	966	9.11	0.0
0	967	9.09	0.0
0	968	9.08	0.0
0	969	9.07	0.0
0	970	9.05	0.0
0	971	9.05	0.0
0	972	9.03	4.98
0	973	9.01	8.56
0	974	8.99	0.09
0	975	8.99	0.39
0	976	8.99	0.0
0	977	8.98	4.69
0	978	8.95	0.0
0	979	8.93	0.0
0	980	8.92	0.17
0	981	8.91	0.0
0	982	8.9	1.03
0	983	8.88	0.0
0	984	8.87	7.06
0	985	8.85	4.45
0	986	8.78	0.0
0	987	8.73	4.84
0	988	8.72	0.0
0	989	8.7	2.7
0	990	8.7	2.31
0	991	8.69	8.29
0	992	8.67	5.19
0	993	8.66	0.0
0	994	8.66	0.0
0	995	8.58	8.39
0	996	8.58	2.51
0	997	8.57	5.18
0	998	8.55	0.0
0	999	8.51	3.31
0	1000	8.46	0.0
0	1001	8.42	5.64
0	1002	8.42	3.94
0	1003	8.41	4.21
0	1004	8.4	0.32
0	1005	8.39	4.0
0	1006	8.36	0.0
0	1007	8.35	0.0
0	1008	8.35	7.28
0	1009	8.33	0.66
0	1010	8.32	0.31
0	1011	8.32	6.95
0	1012	8.31	0.0
0	1013	8.28	5.56
0	1014	8.28	0.0
0	1015	8.28	0.0
0	1016	8.26	5.82
0	1017	8.25	0.0
0	1018	8.25	0.0
0	1019	8.25	5.89
0	1020	8.23	4.52
0	1021	8.22	0.0
0	1022	8.21	0.0
0	1023	8.2	0.0
0	1024	8.18	0.0
0	1025	8.17	0.0
0	1026	8.17	2.11
0	1027	8.15	0.0
0	1028	8.14	0.0
0	1029	8.12	5.28
0	1030	8.12	0.0
0	1031	8.11	0.0
0	1032	8.11	0.0
0	1033	8.1	0.2
0	1034	8.08	0.0
0	1035	8.07	1.59
0	1036	8.07	0.0
0	1037	8.04	0.86
0	1038	8.01	4.92
0	1039	8.0	0.0
0	1040	7.99	6.33
0	1041	7.98	2.94
0	1042	7.98	0.0
0	1043	7.96	7.38
0	1044	7.95	5.5
0	1045	7.95	0.0
0	1046	7.93	0.0
0	1047	7.93	0.0
0	1048	7.92	0.0
0	1049	7.91	5.28
0	1050	7.88	0.18
0	1051	7.86	2.34
0	1052	7.84	0.0
0	1053	7.83	0.0
0	1054	7.82	0.0
0	1055	7.78	3.01
0	1056	7.77	0.0
0	1057	7.75	4.42
0	1058	7.75	0.0
0	1059	7.75	5.52
0	1060	7.74	2.82
0	1061	7.74	0.0
0	1062	7.73	0.0
0	1063	7.7	7.03
0	1064	7.69	0.0
0	1065	7.63	5.95
0	1066	7.61	0.0
0	1067	7.55	0.0
0	1068	7.55	7.1
0	1069	7.55	0.0
0	1070	7.54	6.64
0	1071	7.53	6.54
0	1072	7.5	2.51
0	1073	7.5	4.96
0	1074	7.49	0.0
0	1075	7.49	0.48
0	1076	7.45	0.0
0	1077	7.4	2.72
0	1078	7.38	0.0
0	1079	7.38	4.96
0	1080	7.36	6.58
0	1081	7.36	7.16
0	1082	7.35	1.62
0	1083	7.34	0.0
0	1084	7.33	1.57
0	1085	7.31	0.0
0	1086	7.3	0.0
0	1087	7.29	0.39
0	1088	7.28	0.0
0	1089	7.28	0.0
0	1090	7.26	0.0
0	1091	7.25	0.0
0	1092	7.22	0.63
0	1093	7.22	4.23
0	1094	7.2	4.48
0	1095	7.17	0.0
0	1096	7.17	3.61
0	1097	7.16	1.33
0	1098	7.16	1.53
0	1099	7.15	4.93
0	1100	7.14	0.0
0	1101	7.11	0.0
0	1102	7.1	0.0
0	1103	7.07	2.29
0	1104	7.06	0.0
0	1105	7.03	1.7
0	1106	7.02	0.0
0	1107	7.02	3.29
0	1108	7.0	0.0
0	1109	6.99	0.0
0	1110	6.99	3.57
0	1111	6.98	0.0
0	1112	6.97	5.34
0	1113	6.97	0.0
0	1114	6.96	0.0
0	1115	6.94	0.0
0	1116	6.94	0.0
0	1117	6.93	0.36
0	1118	6.93	3.09
0	1119	6.92	0.0
0	1120	6.92	0.0
0	1121	6.91	0.0
0	1122	6.86	6.61
0	1123	6.85	0.88
0	1124	6.84	3.44
0	1125	6.84	1.13
0	1126	6.83	6.14
0	1127	6.82	2.82
0	1128	6.81	0.0
0	1129	6.81	0.0
0	1130	6.8	0.0
0	1131	6.79	3.08
0	1132	6.79	5.59
0	1133	6.77	0.0
0	1134	6.77	0.0
0	1135	6.75	0.0
0	1136	6.74	4.84
0	1137	6.74	4.5
0	1138	6.74	0.0
0	1139	6.73	0.0
0	1140	6.72	5.99
0	1141	6.72	0.0
0	1142	6.65	0.46
0	1143	6.64	0.0
0	1144	6.62	5.97
0	1145	6.61	0.0
0	1146	6.6	0.0
0	1147	6.58	3.89
0	1148	6.55	0.0
0	1149	6.53	0.0
0	1150	6.52	5.53
0	1151	6.52	3.0
0	1152	6.51	0.0
0	1153	6.48	0.0
0	1154	6.42	3.24
0	1155	6.42	0.0
0	1156	6.42	6.38
0	1157	6.41	2.13
0	1158	6.41	5.45
0	1159	6.4	0.0
0	1160	6.39	5.6
0	1161	6.36	0.26
0	1162	6.36	0.0
0	1163	6.36	0.0
0	1164	6.36	0.0
0	1165	6.33	0.0
0	1166	6.29	0.0
0	1167	6.28	0.0
0	1168	6.27	4.57
0	1169	6.27	3.07
0	1170	6.26	0.0
0	1171	6.26	2.83
0	1172	6.25	2.05
0	1173	6.21	3.55
0	1174	6.15	0.0
0	1175	6.12	1.68
0	1176	6.11	0.0
0	1177	6.08	0.0
0	1178	6.06	0.0
0	1179	6.03	3.18
0	1180	6.02	0.0
0	1181	6.01	0.0
0	1182	6.0	0.0
0	1183	5.98	5.22
0	1184	5.97	2.67
0	1185	5.95	0.0
0	1186	5.94	4.18
0	1187	5.94	0.0
0	1188	5.94	0.0
0	1189	5.93	0.18
0	1190	5.93	0.0
0	1191	5.91	5.29
0	1192	5.9	2.85
0	1193	5.9	5.53
0	1194	5.9	0.0
0	1195	5.9	0.0
0	1196	5.89	0.0
0	1197	5.87	0.0
0	1198	5.84	0.0
0	1199	5.84	1.39
0	1200	5.84	3.51
0	1201	5.84	0.0
0	1202	5.8	1.43
0	1203	5.79	0.0
0	1204	5.78	0.0
0	1205	5.78	3.64
0	1206	5.78	0.0
0	1207	5.78	0.0
0	1208	5.76	3.02
0	1209	5.76	0.0
0	1210	5.74	0.0
0	1211	5.73	1.73
0	1212	5.7	0.0
0	1213	5.68	1.77
0	1214	5.67	0.0
0	1215	5.66	4.09
0	1216	5.66	0.0
0	1217	5.65	0.0
0	1218	5.64	3.28
0	1219	5.64	0.0
0	1220	5.62	2.62
0	1221	5.62	0.0
0	1222	5.58	1.97
0	1223	5.55	0.0
0	1224	5.51	0.0
0	1225	5.49	1.07
0	1226	5.46	2.33
0	1227	5.45	4.46
0	1228	5.42	4.13
0	1229	5.42	0.0
0	1230	5.41	0.0
0	1231	5.41	4.96
0	1232	5.41	0.0
0	1233	5.4	1.94
0	1234	5.37	0.0
0	1235	5.33	0.0
0	1236	5.29	0.0
0	1237	5.26	0.0
0	1238	5.23	0.0
0	1239	5.23	2.32
0	1240	5.16	3.27
0	1241	5.16	0.0
0	1242	5.14	0.0
0	1243	5.13	0.0
0	1244	5.11	0.0
0	1245	5.1	0.0
0	1246	5.1	0.0
0	1247	5.09	0.0
0	1248	5.08	5.04
0	1249	5.08	0.0
0	1250	5.07	0.0
0	1251	5.07	0.0
0	1252	5.06	0.0
0	1253	5.05	0.0
0	1254	5.03	0.0
0	1255	5.02	0.51
0	1256	5.01	2.26
0	1257	5.01	4.08
0	1258	5.0	3.92
0	1259	5.0	1.38
0	1260	4.99	4.47
0	1261	4.97	0.0
0	1262	4.96	0.0
0	1263	4.95	3.24
0	1264	4.92	0.0
0	1265	4.92	0.0
0	1266	4.9	4.86
0	1267	4.89	0.0
0	1268	4.84	0.0
0	1269	4.83	2.53
0	1270	4.81	0.0
0	1271	4.8	3.35
0	1272	4.78	0.0
0	1273	4.76	0.0
0	1274	4.76	0.0
0	1275	4.75	0.0
0	1276	4.74	1.33
0	1277	4.72	0.0
0	1278	4.7	4.54
0	1279	4.68	4.52
0	1280	4.67	0.0
0	1281	4.66	0.0
0	1282	4.65	0.04
0	1283	4.64	2.04
0	1284	4.62	0.0
0	1285	4.61	2.75
0	1286	4.59	4.14
0	1287	4.53	0.0
0	1288	4.53	0.0
0	1289	4.52	0.0
0	1290	4.52	1.0
0	1291	4.52	0.0
0	1292	4.51	0.0
0	1293	4.5	0.0
0	1294	4.5	3.42
0	1295	4.49	1.68
0	1296	4.49	0.44
0	1297	4.49	4.08
0	1298	4.49	3.48
0	1299	4.47	2.33
0	1300	4.46	2.32
0	1301	4.45	0.0
0	1302	4.44	0.0
0	1303	4.43	0.0
0	1304	4.43	0.0
0	1305	4.42	0.0
0	1306	4.4	0.89
0	1307	4.39	0.0
0	1308	4.39	0.0
0	1309	4.38	0.0
0	1310	4.35	3.24
0	1311	4.33	0.0
0	1312	4.33	0.0
0	1313	4.33	2.9
0	1314	4.29	0.0
0	1315	4.28	0.0
0	1316	4.28	2.95
0	1317	4.28	0.0
0	1318	4.26	0.0
0	1319	4.26	1.04
0	1320	4.25	3.76
0	1321	4.25	0.0
0	1322	4.22	0.43
0	1323	4.22	0.0
0	1324	4.21	0.0
0	1325	4.21	3.84
0	1326	4.21	1.09
0	1327	4.19	3.81
0	1328	4.19	0.01
0	1329	4.16	0.0
0	1330	4.15	0.0
0	1331	4.13	0.0
0	1332	4.13	0.95
0	1333	4.13	0.0
0	1334	4.13	0.0
0	1335	4.12	2.3
0	1336	4.11	0.0
0	1337	4.1	0.0
0	1338	4.07	3.58
0	1339	4.06	3.85
0	1340	4.05	1.51
0	1341	4.05	0.0
0	1342	4.04	0.0
0	1343	4.03	0.0
0	1344	4.02	0.7
0	1345	4.01	0.0
0	1346	4.0	0.0
0	1347	3.95	0.0
0	1348	3.93	0.0
0	1349	3.93	0.0
0	1350	3.93	0.0
0	1351	3.92	2.62
0	1352	3.92	0.0
0	1353	3.91	0.0
0	1354	3.9	0.0
0	1355	3.9	1.79
0	1356	3.9	0.0
0	1357	3.9	0.0
0	1358	3.9	0.0
0	1359	3.88	1.91
0	1360	3.88	0.0
0	1361	3.88	0.0
0	1362	3.88	0.0
0	1363	3.87	0.0
0	1364	3.85	0.0
0	1365	3.84	0.0
0	1366	3.83	0.0
0	1367	3.82	0.0
0	1368	3.81	0.0
0	1369	3.81	1.22
0	1370	3.79	2.85
0	1371	3.79	2.24
0	1372	3.78	0.0
0	1373	3.76	0.0
0	1374	3.76	0.0
0	1375	3.75	0.0
0	1376	3.75	0.81
0	1377	3.74	0.0
0	1378	3.74	1.82
0	1379	3.71	0.0
0	1380	3.69	0.0
0	1381	3.69	0.97
0	1382	3.67	0.0
0	1383	3.67	0.0
0	1384	3.64	0.0
0	1385	3.64	0.0
0	1386	3.62	0.0
0	1387	3.62	0.0
0	1388	3.57	0.83
0	1389	3.57	0.51
0	1390	3.56	0.0
0	1391	3.55	0.0
0	1392	3.55	1.1
0	1393	3.53	3.17
0	1394	3.53	0.0
0	1395	3.52	0.0
0	1396	3.51	0.0
0	1397	3.49	0.0
0	1398	3.48	0.0
0	1399	3.47	0.0
0	1400	3.47	2.59
0	1401	3.43	0.0
0	1402	3.43	0.0
0	1403	3.4	0.0
0	1404	3.4	0.0
0	1405	3.37	0.0
0	1406	3.36	0.0
0	1407	3.35	3.13
0	1408	3.32	0.0
0	1409	3.32	0.0
0	1410	3.32	0.0
0	1411	3.32	1.77
0	1412	3.29	0.0
0	1413	3.28	0.0
0	1414	3.28	0.81
0	1415	3.27	0.0
0	1416	3.27	0.0
0	1417	3.27	0.0
0	1418	3.26	0.0
0	1419	3.23	0.0
0	1420	3.23	1.5
0	1421	3.2	0.0
0	1422	3.19	0.0
0	1423	3.18	0.0
0	1424	3.18	0.0
0	1425	3.17	0.32
0	1426	3.16	0.0
0	1427	3.15	0.0
0	1428	3.15	0.0
0	1429	3.14	0.0
0	1430	3.12	0.0
0	1431	3.11	0.0
0	1432	3.11	0.0
0	1433	3.07	0.0
0	1434	3.06	0.0
0	1435	3.06	0.0
0	1436	3.06	0.0
0	1437	3.06	0.31
0	1438	3.05	0.0
0	1439	3.04	0.0
0	1440	3.03	0.0
0	1441	3.03	1.06
0	1442	3.02	0.0
0	1443	3.01	0.0
0	1444	3.0	0.0
0	1445	2.98	0.0
0	1446	2.98	1.88
0	1447	2.98	0.0
0	1448	2.97	1.16
0	1449	2.96	1.03
0	1450	2.96	0.47
0	1451	2.95	2.56
0	1452	2.93	1.25
0	1453	2.91	0.0
0	1454	2.9	0.05
0	1455	2.9	1.15
0	1456	2.89	0.0
0	1457	2.89	0.0
0	1458	2.87	0.0
0	1459	2.86	0.0
0	1460	2.84	0.24
0	1461	2.81	0.0
0	1462	2.78	0.0
0	1463	2.78	0.0
0	1464	2.77	0.0
0	1465	2.77	0.0
0	1466	2.77	0.0
0	1467	2.77	0.0
0	1468	2.76	2.47
0	1469	2.76	0.0
0	1470	2.75	0.0
0	1471	2.75	0.0
0	1472	2.74	0.0
0	1473	2.71	0.0
0	1474	2.71	0.0
0	1475	2.68	0.0
0	1476	2.66	0.41
0	1477	2.65	0.0
0	1478	2.65	2.07
0	1479	2.64	0.0
0	1480	2.63	1.19
0	1481	2.63	0.0
0	1482	2.62	0.0
0	1483	2.6	0.0
0	1484	2.59	0.0
0	1485	2.58	0.0
0	1486	2.56	0.89
0	1487	2.54	0.62
0	1488	2.53	2.3
0	1489	2.53	0.0
0	1490	2.53	0.0
0	1491	2.52	0.0
0	1492	2.5	0.0
0	1493	2.5	0.0
0	1494	2.49	0.0
0	1495	2.47	0.0
0	1496	2.44	0.0
0	1497	2.43	2.09
0	1498	2.43	0.56
0	1499	2.41	0.0
0	1500	2.4	0.0
0	1501	2.4	0.0
0	1502	2.4	0.0
0	1503	2.38	0.0
0	1504	2.37	0.0
0	1505	2.34	0.0
0	1506	2.33	0.0
0	1507	2.32	0.0
0	1508	2.3	1.76
0	1509	2.28	0.0
0	1510	2.28	0.0
0	1511	2.27	0.46
0	1512	2.23	0.0
0	1513	2.22	1.78
0	1514	2.22	0.0
0	1515	2.21	0.0
0	1516	2.21	0.0
0	1517	2.2	0.0
0	1518	2.18	1.79
0	1519	2.18	0.0
0	1520	2.18	0.0
0	1521	2.16	0.0
0	1522	2.15	0.0
0	1523	2.13	1.83
0	1524	2.13	1.63
0	1525	2.13	0.0
0	1526	2.12	0.0
0	1527	2.11	0.0
0	1528	2.11	0.0
0	1529	2.08	0.0
0	1530	2.07	1.15
0	1531	2.07	0.0
0	1532	2.06	1.77
0	1533	2.03	0.0
0	1534	2.03	0.0
0	1535	2.03	0.0
0	1536	2.01	0.0
0	1537	2.01	0.0
0	1538	2.0	0.0
0	1539	1.98	0.9
0	1540	1.97	0.0
0	1541	1.97	0.0
0	1542	1.95	0.0
0	1543	1.94	0.0
0	1544	1.93	0.0
0	1545	1.93	0.0
0	1546	1.93	0.0
0	1547	1.9	0.0
0	1548	1.87	0.0
0	1549	1.87	0.0
0	1550	1.82	1.79
0	1551	1.79	0.0
0	1552	1.79	0.0
0	1553	1.78	0.0
0	1554	1.78	0.0
0	1555	1.73	0.0
0	1556	1.71	0.0
0	1557	1.71	0.0
0	1558	1.7	0.0
0	1559	1.7	0.0
0	1560	1.69	0.2
0	1561	1.69	0.0
0	1562	1.67	0.0
0	1563	1.65	0.0
0	1564	1.65	0.0
0	1565	1.64	0.0
0	1566	1.64	0.0
0	1567	1.63	0.1
0	1568	1.62	0.8
0	1569	1.62	0.0
0	1570	1.61	0.0
0	1571	1.59	0.0
0	1572	1.58	0.0
0	1573	1.56	0.0
0	1574	1.56	0.0
0	1575	1.55	1.07
0	1576	1.52	0.0
0	1577	1.51	0.0
0	1578	1.5	0.73
0	1579	1.47	0.06
0	1580	1.47	0.0
0	1581	1.47	0.0
0	1582	1.45	0.0
0	1583	1.45	0.0
0	1584	1.45	0.0
0	1585	1.44	0.0
0	1586	1.41	0.0
0	1587	1.4	0.0
0	1588	1.39	0.0
0	1589	1.36	0.0
0	1590	1.34	0.0
0	1591	1.31	0.0
0	1592	1.3	0.0
0	1593	1.3	0.0
0	1594	1.29	0.0
0	1595	1.28	0.0
0	1596	1.28	0.0
0	1597	1.27	0.0
0	1598	1.24	0.0
0	1599	1.23	0.8
0	1600	1.22	0.0
0	1601	1.22	0.0
0	1602	1.22	0.0
0	1603	1.2	0.0
0	1604	1.2	0.0
0	1605	1.16	0.0
0	1606	1.16	0.0
0	1607	1.16	0.0
0	1608	1.15	0.0
0	1609	1.15	0.0
0	1610	1.13	0.0
0	1611	1.11	0.0
0	1612	1.11	0.0
0	1613	1.1	0.43
0	1614	1.1	0.0
0	1615	1.08	0.0
0	1616	1.07	0.0
0	1617	1.06	0.0
0	1618	1.05	0.0
0	1619	1.05	0.0
0	1620	1.03	0.0
0	1621	1.03	0.0
0	1622	1.02	0.0
0	1623	1.02	0.0
0	1624	1.02	0.0
0	1625	1.02	0.0
0	1626	1.01	0.0
0	1627	0.99	0.0
0	1628	0.99	0.0
0	1629	0.98	0.0
0	1630	0.95	0.0
0	1631	0.94	0.0
0	1632	0.93	0.12
0	1633	0.92	0.0
0	1634	0.89	0.0
0	1635	0.88	0.0
0	1636	0.88	0.44
0	1637	0.87	0.0
0	1638	0.87	0.0
0	1639	0.86	0.0
0	1640	0.85	0.0
0	1641	0.84	0.0
0	1642	0.83	0.62
0	1643	0.82	0.0
0	1644	0.8	0.0
0	1645	0.8	0.0
0	1646	0.8	0.0
0	1647	0.8	0.0
0	1648	0.78	0.0
0	1649	0.78	0.0
0	1650	0.76	0.0
0	1651	0.75	0.0
0	1652	0.75	0.0
0	1653	0.74	0.0
0	1654	0.73	0.0
0	1655	0.73	0.19
0	1656	0.7	0.0
0	1657	0.7	0.0
0	1658	0.7	0.04
0	1659	0.68	0.0
0	1660	0.68	0.0
0	1661	0.68	0.0
0	1662	0.65	0.0
0	1663	0.64	0.0
0	1664	0.59	0.0
0	1665	0.59	0.0
0	1666	0.59	0.0
0	1667	0.59	0.0
0	1668	0.58	0.0
0	1669	0.58	0.0
0	1670	0.58	0.0
0	1671	0.58	0.0
0	1672	0.57	0.0
0	1673	0.56	0.0
0	1674	0.56	0.0
0	1675	0.56	0.0
0	1676	0.54	0.0
0	1677	0.54	0.36
0	1678	0.54	0.05
0	1679	0.5	0.0
0	1680	0.5	0.0
0	1681	0.49	0.0
0	1682	0.48	0.0
0	1683	0.47	0.0
0	1684	0.47	0.0
0	1685	0.47	0.0
0	1686	0.47	0.0
0	1687	0.45	0.0
0	1688	0.44	0.0
0	1689	0.39	0.0
0	1690	0.36	0.0
0	1691	0.35	0.0
0	1692	0.34	0.0
0	1693	0.33	0.0
0	1694	0.32	0.0
0	1695	0.32	0.0
0	1696	0.31	0.0
0	1697	0.3	0.0
0	1698	0.3	0.0
0	1699	0.28	0.0
0	1700	0.27	0.0
0	1701	0.27	0.06
0	1702	0.27	0.0
0	1703	0.25	0.0
0	1704	0.25	0.0
0	1705	0.23	0.0
0	1706	0.22	0.0
0	1707	0.22	0.0
0	1708	0.21	0.0
0	1709	0.21	0.0
0	1710	0.2	0.0
0	1711	0.2	0.0
0	1712	0.19	0.0
0	1713	0.19	0.0
0	1714	0.17	0.0
0	1715	0.16	0.0
0	1716	0.15	0.0
0	1717	0.15	0.0
0	1718	0.14	0.0
0	1719	0.13	0.0
0	1720	0.12	0.0
0	1721	0.12	0.0
0	1722	0.12	0.0
0	1723	0.11	0.0
0	1724	0.09	0.0
0	1725	0.09	0.0
0	1726	0.09	0.0
0	1727	0.08	0.0
0	1728	0.07	0.0
0	1729	0.07	0.0
0	1730	0.05	0.0
0	1731	0.05	0.0
0	1732	0.05	0.0
0	1733	0.03	0.0
0	1734	0.03	0.0
