clade	species	ts	te
0	1	100.0	97.1
0	2	99.77	79.56
0	3	95.29	80.34
0	4	87.38	86.65
0	5	87.31	80.01
0	6	87.21	82.52
0	7	86.21	85.85
0	8	86.05	64.22
0	9	85.84	79.63
0	10	82.3	74.52
0	11	81.09	73.36
0	12	79.95	76.19
0	13	79.59	67.45
0	14	77.76	73.36
0	15	76.8	73.53
0	16	75.56	68.85
0	17	75.05	66.62
0	18	74.87	67.95
0	19	74.59	74.0
0	20	72.27	62.46
0	21	70.86	50.89
0	22	70.39	58.03
0	23	69.42	52.57
0	24	68.67	49.83
0	25	68.21	63.45
0	26	67.26	65.63
0	27	64.52	48.09
0	28	63.96	59.69
0	29	60.88	54.56
0	30	59.45	38.63
0	31	57.37	52.54
0	32	57.03	48.85
0	33	56.87	49.61
0	34	56.8	49.12
0	35	55.6	55.06
0	36	54.37	39.23
0	37	54.23	41.35
0	38	53.79	43.04
0	39	53.65	47.85
0	40	53.64	32.9
0	41	53.63	0.0
0	42	53.53	47.69
0	43	53.41	32.15
0	44	53.24	49.83
0	45	53.03	36.88
0	46	52.52	44.25
0	47	52.38	31.54
0	48	52.16	34.28
0	49	52.02	50.79
0	50	51.41	42.19
0	51	51.34	46.41
0	52	50.57	11.24
0	53	50.47	11.48
0	54	50.47	49.76
0	55	50.37	40.88
0	56	49.91	30.75
0	57	49.84	47.11
0	58	49.72	40.2
0	59	49.69	47.33
0	60	49.3	38.83
0	61	49.26	37.27
0	62	49.2	41.13
0	63	49.06	15.32
0	64	48.94	34.86
0	65	48.81	37.05
0	66	48.36	46.73
0	67	48.24	26.81
0	68	48.13	35.21
0	69	48.01	1.65
0	70	47.96	42.33
0	71	47.82	47.41
0	72	47.47	0.0
0	73	47.09	38.47
0	74	46.98	46.39
0	75	46.93	40.82
0	76	46.84	29.68
0	77	46.75	38.82
0	78	46.51	44.79
0	79	46.45	39.15
0	80	46.32	41.94
0	81	45.72	28.62
0	82	45.56	32.98
0	83	45.45	44.89
0	84	45.4	26.19
0	85	45.2	31.14
0	86	45.17	43.33
0	87	45.13	17.13
0	88	45.03	36.27
0	89	44.95	44.45
0	90	44.81	44.31
0	91	44.77	36.09
0	92	44.73	0.0
0	93	44.68	37.06
0	94	44.58	20.47
0	95	44.54	42.9
0	96	44.3	39.88
0	97	44.28	33.28
0	98	44.24	44.2
0	99	44.18	18.67
0	100	44.15	39.55
0	101	44.08	33.03
0	102	43.94	4.58
0	103	43.86	42.46
0	104	43.71	42.78
0	105	43.43	41.82
0	106	43.18	31.96
0	107	42.87	19.07
0	108	42.8	39.32
0	109	42.78	29.96
0	110	42.75	27.41
0	111	42.56	35.61
0	112	42.53	0.0
0	113	42.36	31.29
0	114	42.1	41.23
0	115	42.1	40.86
0	116	41.93	37.9
0	117	41.57	36.95
0	118	41.43	34.59
0	119	41.31	38.66
0	120	41.19	38.86
0	121	41.14	38.43
0	122	41.11	35.4
0	123	41.11	39.62
0	124	41.1	37.31
0	125	41.0	37.9
0	126	40.73	30.64
0	127	40.59	37.95
0	128	40.51	27.47
0	129	40.46	26.7
0	130	40.34	18.6
0	131	40.25	18.45
0	132	40.21	30.07
0	133	40.14	39.75
0	134	40.09	36.26
0	135	40.07	39.54
0	136	40.06	33.54
0	137	40.0	32.04
0	138	39.96	36.67
0	139	39.94	24.29
0	140	39.88	20.25
0	141	39.86	6.76
0	142	39.85	32.14
0	143	39.54	35.59
0	144	39.52	37.53
0	145	39.49	36.94
0	146	39.47	36.08
0	147	39.38	25.08
0	148	39.36	31.08
0	149	39.17	20.63
0	150	39.15	38.96
0	151	38.93	38.67
0	152	38.85	20.86
0	153	38.76	35.24
0	154	38.59	32.85
0	155	38.54	24.2
0	156	38.42	31.46
0	157	38.39	34.29
0	158	38.04	17.33
0	159	37.85	34.5
0	160	37.81	18.72
0	161	37.77	29.94
0	162	37.68	28.74
0	163	37.64	23.07
0	164	37.37	23.5
0	165	37.27	35.19
0	166	37.13	10.43
0	167	37.05	13.85
0	168	36.9	25.77
0	169	36.81	36.56
0	170	36.67	22.53
0	171	36.54	30.62
0	172	36.54	31.83
0	173	36.53	34.1
0	174	36.37	18.19
0	175	35.87	35.48
0	176	35.85	14.87
0	177	35.72	23.91
0	178	35.64	30.9
0	179	35.58	30.59
0	180	35.49	22.2
0	181	35.45	28.12
0	182	35.42	17.92
0	183	35.28	33.7
0	184	35.23	32.41
0	185	35.22	32.04
0	186	34.69	33.04
0	187	34.66	29.33
0	188	34.56	0.3
0	189	34.5	18.06
0	190	34.45	17.98
0	191	34.26	11.02
0	192	34.25	33.06
0	193	34.25	24.41
0	194	34.24	24.13
0	195	33.96	27.6
0	196	33.82	30.77
0	197	33.8	33.52
0	198	33.72	31.36
0	199	33.67	29.08
0	200	33.64	27.94
0	201	33.49	29.52
0	202	33.28	27.07
0	203	33.0	26.96
0	204	32.88	29.39
0	205	32.76	21.33
0	206	32.72	28.06
0	207	32.63	16.94
0	208	32.62	17.71
0	209	32.49	32.12
0	210	32.48	29.94
0	211	32.18	29.07
0	212	32.1	20.27
0	213	32.01	22.63
0	214	31.89	15.73
0	215	31.88	16.59
0	216	31.73	29.72
0	217	31.71	26.01
0	218	31.56	30.53
0	219	31.53	25.05
0	220	31.45	28.37
0	221	31.42	13.93
0	222	31.34	16.03
0	223	31.31	28.16
0	224	31.26	24.83
0	225	31.24	0.0
0	226	31.21	19.51
0	227	31.11	30.76
0	228	31.07	27.54
0	229	31.06	23.81
0	230	31.04	25.52
0	231	31.0	27.26
0	232	30.96	11.28
0	233	30.9	14.19
0	234	30.9	19.78
0	235	30.88	30.54
0	236	30.86	28.97
0	237	30.79	0.0
0	238	30.72	14.4
0	239	30.68	18.04
0	240	30.68	24.97
0	241	30.63	17.17
0	242	30.56	4.47
0	243	30.51	0.0
0	244	30.42	14.55
0	245	30.38	3.79
0	246	30.36	12.08
0	247	30.34	27.9
0	248	30.23	25.62
0	249	30.2	18.52
0	250	30.16	27.13
0	251	30.1	28.19
0	252	30.08	5.96
0	253	29.94	26.68
0	254	29.94	25.8
0	255	29.92	20.25
0	256	29.91	26.79
0	257	29.9	29.76
0	258	29.89	26.74
0	259	29.84	20.65
0	260	29.82	20.73
0	261	29.79	29.26
0	262	29.77	28.01
0	263	29.75	29.44
0	264	29.67	25.12
0	265	29.6	27.19
0	266	29.47	28.06
0	267	29.4	22.5
0	268	29.39	24.79
0	269	29.34	25.96
0	270	29.27	27.84
0	271	29.23	15.7
0	272	29.18	0.0
0	273	29.17	25.72
0	274	29.16	0.0
0	275	29.12	17.2
0	276	29.08	6.23
0	277	29.01	7.5
0	278	28.91	9.14
0	279	28.85	14.77
0	280	28.81	11.49
0	281	28.72	27.65
0	282	28.58	20.99
0	283	28.54	0.0
0	284	28.42	17.5
0	285	28.4	18.72
0	286	28.38	28.35
0	287	28.3	27.97
0	288	28.29	24.62
0	289	28.29	26.97
0	290	28.22	19.58
0	291	28.2	21.1
0	292	28.14	21.7
0	293	28.03	25.23
0	294	27.98	26.07
0	295	27.94	23.77
0	296	27.84	0.0
0	297	27.82	22.12
0	298	27.75	13.37
0	299	27.62	23.73
0	300	27.61	21.35
0	301	27.58	26.24
0	302	27.56	11.08
0	303	27.54	16.55
0	304	27.53	5.77
0	305	27.5	26.0
0	306	27.39	19.01
0	307	27.34	23.73
0	308	27.33	26.21
0	309	27.31	23.74
0	310	27.3	1.51
0	311	27.29	26.5
0	312	27.27	15.74
0	313	27.25	0.46
0	314	27.25	25.25
0	315	27.15	19.77
0	316	27.13	26.54
0	317	27.12	26.9
0	318	27.06	3.41
0	319	27.05	25.64
0	320	27.03	8.96
0	321	27.02	6.29
0	322	26.99	13.39
0	323	26.84	24.54
0	324	26.83	0.91
0	325	26.77	14.65
0	326	26.72	25.89
0	327	26.7	23.6
0	328	26.66	15.52
0	329	26.57	0.0
0	330	26.56	21.99
0	331	26.51	0.0
0	332	26.49	25.7
0	333	26.42	25.72
0	334	26.36	25.38
0	335	26.2	26.18
0	336	26.17	9.61
0	337	26.1	19.0
0	338	26.08	22.55
0	339	26.02	18.94
0	340	26.0	12.9
0	341	25.99	23.6
0	342	25.94	16.45
0	343	25.91	24.84
0	344	25.86	16.77
0	345	25.85	6.69
0	346	25.77	0.0
0	347	25.77	23.93
0	348	25.67	0.0
0	349	25.59	9.88
0	350	25.5	21.17
0	351	25.49	21.11
0	352	25.49	18.57
0	353	25.48	18.93
0	354	25.48	25.42
0	355	25.39	25.34
0	356	25.38	18.57
0	357	25.32	24.57
0	358	25.25	20.64
0	359	25.23	9.65
0	360	25.11	17.06
0	361	25.06	23.42
0	362	25.03	4.97
0	363	25.0	24.34
0	364	24.99	23.4
0	365	24.99	22.48
0	366	24.95	2.53
0	367	24.93	0.0
0	368	24.85	7.47
0	369	24.84	0.0
0	370	24.8	23.03
0	371	24.77	0.0
0	372	24.62	15.7
0	373	24.58	13.46
0	374	24.57	14.66
0	375	24.55	23.72
0	376	24.55	19.31
0	377	24.55	19.1
0	378	24.51	18.07
0	379	24.27	0.0
0	380	24.23	17.42
0	381	24.16	17.35
0	382	24.13	0.0
0	383	24.1	0.0
0	384	24.08	19.69
0	385	24.06	21.83
0	386	24.06	8.38
0	387	24.04	12.5
0	388	23.95	16.59
0	389	23.85	23.05
0	390	23.8	21.36
0	391	23.75	17.64
0	392	23.71	5.36
0	393	23.71	19.24
0	394	23.69	18.67
0	395	23.59	22.37
0	396	23.54	13.57
0	397	23.53	22.83
0	398	23.47	9.95
0	399	23.47	21.4
0	400	23.43	15.9
0	401	23.42	21.63
0	402	23.34	19.61
0	403	23.34	21.49
0	404	23.32	14.32
0	405	23.31	0.0
0	406	23.29	20.5
0	407	23.27	23.01
0	408	23.25	22.78
0	409	23.23	13.14
0	410	23.23	7.88
0	411	23.18	21.76
0	412	23.14	20.19
0	413	23.06	22.54
0	414	23.05	13.78
0	415	23.04	20.34
0	416	23.03	14.72
0	417	22.99	21.7
0	418	22.98	4.87
0	419	22.96	21.74
0	420	22.96	15.5
0	421	22.91	16.14
0	422	22.87	21.49
0	423	22.71	0.0
0	424	22.7	17.64
0	425	22.69	21.29
0	426	22.65	0.0
0	427	22.62	15.41
0	428	22.54	6.52
0	429	22.53	0.0
0	430	22.52	13.5
0	431	22.48	19.69
0	432	22.44	13.73
0	433	22.4	21.88
0	434	22.37	16.77
0	435	22.34	18.83
0	436	22.31	19.28
0	437	22.31	20.74
0	438	22.06	21.25
0	439	22.05	9.3
0	440	21.98	20.5
0	441	21.92	10.45
0	442	21.92	0.56
0	443	21.92	16.61
0	444	21.91	14.02
0	445	21.9	0.0
0	446	21.85	6.19
0	447	21.85	17.95
0	448	21.79	9.99
0	449	21.78	10.85
0	450	21.76	9.52
0	451	21.67	17.08
0	452	21.66	10.1
0	453	21.64	17.12
0	454	21.57	15.88
0	455	21.57	18.45
0	456	21.53	17.84
0	457	21.51	12.68
0	458	21.5	19.84
0	459	21.49	17.96
0	460	21.48	0.0
0	461	21.43	6.59
0	462	21.4	0.0
0	463	21.4	16.15
0	464	21.35	8.6
0	465	21.26	13.62
0	466	21.23	16.67
0	467	21.17	10.98
0	468	21.06	17.62
0	469	21.02	0.0
0	470	20.95	15.08
0	471	20.94	15.45
0	472	20.93	19.91
0	473	20.93	18.81
0	474	20.9	12.91
0	475	20.85	8.47
0	476	20.83	19.68
0	477	20.79	6.99
0	478	20.79	19.88
0	479	20.78	0.0
0	480	20.73	2.61
0	481	20.61	19.39
0	482	20.56	13.98
0	483	20.51	18.83
0	484	20.5	17.09
0	485	20.47	0.0
0	486	20.36	16.47
0	487	20.3	0.0
0	488	20.29	0.89
0	489	20.28	18.97
0	490	20.28	18.09
0	491	20.24	18.5
0	492	20.23	16.95
0	493	20.22	19.76
0	494	20.19	5.27
0	495	20.19	15.46
0	496	20.15	16.04
0	497	20.1	16.78
0	498	20.09	18.42
0	499	20.08	1.52
0	500	20.06	16.99
0	501	19.92	16.62
0	502	19.91	12.64
0	503	19.9	14.03
0	504	19.86	2.62
0	505	19.83	11.75
0	506	19.77	0.0
0	507	19.75	7.99
0	508	19.72	0.0
0	509	19.57	0.0
0	510	19.55	11.69
0	511	19.53	0.0
0	512	19.52	0.0
0	513	19.43	18.06
0	514	19.4	7.14
0	515	19.34	12.36
0	516	19.32	12.54
0	517	19.3	8.49
0	518	19.09	18.5
0	519	19.05	8.17
0	520	18.97	0.0
0	521	18.96	10.07
0	522	18.96	17.34
0	523	18.95	14.53
0	524	18.94	1.46
0	525	18.91	0.0
0	526	18.79	0.0
0	527	18.78	9.9
0	528	18.78	6.43
0	529	18.76	17.48
0	530	18.7	15.91
0	531	18.69	7.82
0	532	18.68	18.51
0	533	18.67	0.0
0	534	18.65	0.0
0	535	18.61	17.91
0	536	18.59	0.47
0	537	18.54	12.69
0	538	18.54	15.79
0	539	18.5	15.11
0	540	18.47	14.28
0	541	18.47	12.59
0	542	18.41	14.83
0	543	18.41	16.47
0	544	18.4	13.91
0	545	18.36	6.74
0	546	18.34	15.57
0	547	18.32	11.14
0	548	18.27	11.5
0	549	18.21	0.0
0	550	18.18	11.08
0	551	18.16	0.0
0	552	18.14	7.59
0	553	18.13	0.0
0	554	18.11	4.25
0	555	18.11	6.35
0	556	17.98	9.91
0	557	17.98	9.08
0	558	17.93	6.21
0	559	17.86	5.08
0	560	17.85	0.0
0	561	17.83	16.82
0	562	17.8	16.98
0	563	17.76	0.0
0	564	17.7	0.0
0	565	17.7	5.44
0	566	17.7	13.97
0	567	17.69	12.64
0	568	17.66	15.19
0	569	17.63	16.94
0	570	17.57	8.65
0	571	17.56	0.78
0	572	17.54	17.01
0	573	17.5	11.17
0	574	17.46	16.47
0	575	17.46	0.0
0	576	17.42	11.68
0	577	17.42	0.0
0	578	17.39	8.64
0	579	17.37	13.8
0	580	17.35	12.53
0	581	17.35	10.59
0	582	17.33	0.0
0	583	17.3	10.25
0	584	17.21	9.27
0	585	17.2	0.0
0	586	17.17	15.03
0	587	17.09	15.15
0	588	17.09	8.82
0	589	17.06	0.0
0	590	17.02	10.2
0	591	17.02	15.82
0	592	17.01	0.0
0	593	16.98	13.81
0	594	16.9	13.56
0	595	16.87	5.94
0	596	16.82	10.52
0	597	16.8	16.07
0	598	16.7	4.49
0	599	16.7	14.1
0	600	16.69	14.64
0	601	16.68	0.0
0	602	16.6	0.0
0	603	16.58	8.0
0	604	16.58	0.0
0	605	16.56	14.72
0	606	16.53	0.0
0	607	16.52	14.81
0	608	16.52	14.34
0	609	16.49	13.07
0	610	16.47	6.44
0	611	16.45	0.0
0	612	16.41	11.51
0	613	16.41	0.0
0	614	16.39	0.0
0	615	16.32	8.85
0	616	16.3	12.25
0	617	16.24	16.2
0	618	16.21	12.21
0	619	16.17	3.59
0	620	16.16	14.76
0	621	16.1	15.91
0	622	16.08	13.07
0	623	16.03	13.54
0	624	16.02	6.02
0	625	15.98	12.97
0	626	15.96	5.27
0	627	15.9	11.63
0	628	15.89	1.92
0	629	15.89	0.0
0	630	15.89	13.96
0	631	15.88	13.0
0	632	15.87	0.2
0	633	15.87	4.62
0	634	15.86	11.15
0	635	15.82	0.0
0	636	15.82	3.88
0	637	15.81	6.69
0	638	15.8	0.0
0	639	15.8	12.44
0	640	15.8	15.45
0	641	15.75	5.32
0	642	15.72	13.72
0	643	15.7	10.3
0	644	15.69	15.0
0	645	15.67	11.08
0	646	15.67	14.5
0	647	15.64	9.99
0	648	15.62	13.0
0	649	15.58	15.12
0	650	15.57	15.2
0	651	15.56	5.81
0	652	15.54	10.64
0	653	15.54	7.49
0	654	15.52	11.64
0	655	15.52	3.84
0	656	15.51	0.0
0	657	15.51	5.8
0	658	15.48	0.0
0	659	15.47	14.66
0	660	15.47	0.0
0	661	15.44	0.83
0	662	15.4	0.24
0	663	15.38	0.0
0	664	15.37	0.0
0	665	15.35	13.65
0	666	15.35	14.11
0	667	15.33	5.16
0	668	15.28	3.39
0	669	15.24	7.28
0	670	15.23	11.78
0	671	15.22	3.09
0	672	15.21	10.18
0	673	15.17	0.0
0	674	15.17	0.0
0	675	15.14	4.34
0	676	15.12	0.0
0	677	15.1	8.18
0	678	15.04	12.86
0	679	15.03	12.82
0	680	15.01	0.0
0	681	14.97	13.94
0	682	14.96	0.0
0	683	14.96	0.0
0	684	14.93	14.86
0	685	14.92	0.0
0	686	14.92	14.75
0	687	14.9	13.48
0	688	14.89	10.78
0	689	14.85	4.61
0	690	14.76	12.79
0	691	14.72	9.67
0	692	14.72	8.96
0	693	14.71	11.85
0	694	14.7	12.85
0	695	14.68	4.08
0	696	14.67	6.73
0	697	14.67	10.82
0	698	14.63	9.51
0	699	14.62	0.0
0	700	14.61	5.54
0	701	14.51	11.54
0	702	14.47	10.85
0	703	14.47	5.71
0	704	14.46	12.54
0	705	14.42	13.95
0	706	14.4	3.57
0	707	14.31	13.4
0	708	14.31	10.53
0	709	14.27	14.04
0	710	14.26	13.29
0	711	14.25	1.18
0	712	14.25	10.72
0	713	14.22	10.03
0	714	14.21	0.0
0	715	14.18	9.26
0	716	14.16	7.56
0	717	14.14	11.85
0	718	14.14	0.0
0	719	14.11	13.15
0	720	14.09	0.0
0	721	14.08	8.65
0	722	14.03	0.82
0	723	14.03	11.89
0	724	14.02	0.0
0	725	14.02	9.99
0	726	13.96	11.75
0	727	13.95	10.53
0	728	13.94	0.0
0	729	13.91	10.72
0	730	13.91	1.83
0	731	13.87	0.0
0	732	13.87	4.65
0	733	13.85	0.0
0	734	13.84	0.0
0	735	13.78	12.48
0	736	13.74	6.53
0	737	13.73	11.8
0	738	13.7	11.24
0	739	13.69	12.99
0	740	13.67	0.0
0	741	13.66	12.65
0	742	13.65	6.07
0	743	13.64	0.0
0	744	13.58	7.94
0	745	13.57	5.53
0	746	13.55	10.43
0	747	13.54	12.97
0	748	13.49	0.0
0	749	13.48	0.0
0	750	13.47	5.18
0	751	13.41	9.09
0	752	13.4	9.72
0	753	13.39	10.3
0	754	13.39	1.96
0	755	13.38	13.2
0	756	13.37	10.02
0	757	13.35	9.4
0	758	13.35	8.72
0	759	13.34	13.09
0	760	13.33	8.44
0	761	13.33	8.23
0	762	13.32	0.0
0	763	13.31	6.88
0	764	13.29	8.5
0	765	13.22	0.0
0	766	13.19	8.12
0	767	13.16	0.0
0	768	13.14	10.16
0	769	13.13	1.25
0	770	13.11	12.55
0	771	13.1	11.4
0	772	13.09	0.0
0	773	13.03	9.83
0	774	12.99	0.0
0	775	12.95	1.01
0	776	12.94	0.0
0	777	12.91	10.69
0	778	12.91	0.0
0	779	12.89	0.0
0	780	12.88	1.04
0	781	12.82	12.7
0	782	12.82	0.0
0	783	12.81	0.0
0	784	12.8	0.0
0	785	12.79	3.09
0	786	12.78	10.81
0	787	12.78	7.29
0	788	12.76	7.87
0	789	12.76	0.0
0	790	12.76	10.31
0	791	12.73	1.0
0	792	12.71	5.37
0	793	12.66	5.78
0	794	12.66	12.36
0	795	12.63	0.0
0	796	12.58	5.38
0	797	12.58	11.11
0	798	12.56	11.24
0	799	12.54	9.11
0	800	12.54	6.61
0	801	12.51	6.78
0	802	12.5	8.33
0	803	12.5	0.0
0	804	12.49	2.5
0	805	12.48	3.9
0	806	12.48	6.47
0	807	12.48	0.0
0	808	12.46	8.07
0	809	12.46	5.61
0	810	12.45	0.26
0	811	12.43	8.48
0	812	12.41	11.81
0	813	12.35	0.0
0	814	12.34	0.0
0	815	12.24	10.05
0	816	12.22	0.0
0	817	12.2	11.66
0	818	12.16	0.16
0	819	12.12	0.0
0	820	12.11	7.25
0	821	12.11	4.55
0	822	12.1	3.9
0	823	12.07	1.55
0	824	12.05	7.49
0	825	12.02	10.53
0	826	12.0	0.0
0	827	11.97	8.97
0	828	11.96	6.2
0	829	11.96	8.45
0	830	11.92	4.84
0	831	11.92	7.49
0	832	11.91	0.0
0	833	11.89	0.0
0	834	11.88	1.06
0	835	11.83	9.05
0	836	11.83	0.0
0	837	11.8	9.5
0	838	11.78	8.23
0	839	11.77	6.19
0	840	11.76	3.11
0	841	11.75	6.44
0	842	11.75	11.26
0	843	11.71	9.6
0	844	11.71	0.0
0	845	11.68	6.32
0	846	11.63	7.47
0	847	11.62	10.4
0	848	11.6	6.9
0	849	11.6	0.0
0	850	11.6	0.0
0	851	11.59	0.31
0	852	11.58	10.51
0	853	11.47	6.32
0	854	11.46	6.25
0	855	11.43	0.0
0	856	11.39	0.0
0	857	11.39	0.0
0	858	11.38	0.0
0	859	11.37	6.33
0	860	11.37	0.0
0	861	11.35	4.07
0	862	11.33	7.9
0	863	11.31	2.79
0	864	11.28	0.0
0	865	11.28	7.34
0	866	11.28	7.23
0	867	11.25	0.0
0	868	11.24	9.96
0	869	11.23	8.28
0	870	11.22	5.96
0	871	11.22	11.02
0	872	11.21	3.24
0	873	11.21	1.45
0	874	11.21	9.13
0	875	11.19	4.61
0	876	11.17	0.0
0	877	11.16	11.06
0	878	11.16	6.27
0	879	11.11	0.0
0	880	11.1	10.61
0	881	11.1	3.61
0	882	11.1	8.42
0	883	11.05	0.0
0	884	11.04	2.25
0	885	11.03	7.96
0	886	11.01	10.99
0	887	11.01	7.77
0	888	10.96	0.0
0	889	10.94	0.0
0	890	10.92	0.0
0	891	10.92	2.05
0	892	10.91	7.98
0	893	10.91	8.67
0	894	10.91	5.79
0	895	10.89	0.0
0	896	10.88	4.9
0	897	10.87	0.0
0	898	10.83	0.0
0	899	10.83	0.0
0	900	10.82	0.0
0	901	10.78	7.78
0	902	10.77	0.0
0	903	10.77	0.91
0	904	10.75	0.0
0	905	10.74	9.46
0	906	10.72	8.21
0	907	10.71	8.67
0	908	10.69	5.55
0	909	10.68	9.58
0	910	10.67	5.47
0	911	10.62	0.97
0	912	10.61	0.96
0	913	10.6	0.0
0	914	10.6	6.58
0	915	10.58	0.0
0	916	10.56	7.79
0	917	10.56	7.27
0	918	10.56	7.54
0	919	10.55	0.0
0	920	10.55	1.98
0	921	10.52	0.41
0	922	10.49	0.0
0	923	10.48	3.88
0	924	10.45	0.0
0	925	10.45	8.05
0	926	10.41	3.52
0	927	10.39	2.15
0	928	10.38	6.09
0	929	10.34	0.24
0	930	10.32	8.81
0	931	10.3	0.0
0	932	10.28	0.0
0	933	10.26	0.0
0	934	10.26	8.6
0	935	10.24	0.0
0	936	10.24	0.0
0	937	10.22	5.16
0	938	10.2	5.74
0	939	10.19	7.74
0	940	10.18	10.05
0	941	10.17	0.0
0	942	10.14	6.42
0	943	10.11	4.58
0	944	10.09	9.93
0	945	10.04	0.0
0	946	10.03	0.0
0	947	10.01	2.02
0	948	10.01	0.0
0	949	10.0	0.0
0	950	10.0	5.41
0	951	9.99	0.0
0	952	9.98	8.92
0	953	9.98	8.78
0	954	9.94	9.89
0	955	9.94	5.71
0	956	9.88	9.38
0	957	9.88	0.0
0	958	9.88	0.92
0	959	9.85	0.0
0	960	9.78	9.15
0	961	9.77	0.0
0	962	9.77	6.73
0	963	9.76	5.25
0	964	9.75	3.8
0	965	9.74	7.23
0	966	9.72	5.25
0	967	9.68	0.0
0	968	9.68	8.95
0	969	9.67	2.33
0	970	9.67	8.14
0	971	9.64	5.39
0	972	9.63	7.61
0	973	9.63	0.0
0	974	9.59	9.51
0	975	9.58	0.0
0	976	9.56	0.07
0	977	9.56	9.51
0	978	9.54	0.19
0	979	9.52	4.38
0	980	9.51	0.0
0	981	9.48	2.57
0	982	9.4	5.01
0	983	9.33	8.78
0	984	9.32	3.93
0	985	9.31	0.0
0	986	9.29	4.03
0	987	9.29	0.0
0	988	9.24	8.93
0	989	9.18	0.0
0	990	9.14	7.3
0	991	9.14	3.25
0	992	9.13	3.18
0	993	9.12	7.02
0	994	9.09	5.37
0	995	9.08	0.0
0	996	9.08	7.75
0	997	9.08	0.36
0	998	9.07	8.4
0	999	9.07	2.46
0	1000	9.07	4.17
0	1001	9.06	3.2
0	1002	9.03	1.09
0	1003	9.02	0.0
0	1004	9.01	6.03
0	1005	9.0	0.0
0	1006	8.99	0.0
0	1007	8.98	2.31
0	1008	8.96	0.0
0	1009	8.9	0.2
0	1010	8.9	1.6
0	1011	8.9	7.4
0	1012	8.89	0.0
0	1013	8.85	2.22
0	1014	8.84	6.46
0	1015	8.84	0.0
0	1016	8.83	6.66
0	1017	8.83	0.92
0	1018	8.83	0.0
0	1019	8.8	0.0
0	1020	8.78	4.36
0	1021	8.73	0.0
0	1022	8.72	2.06
0	1023	8.7	8.45
0	1024	8.7	4.44
0	1025	8.69	0.0
0	1026	8.68	2.42
0	1027	8.68	0.0
0	1028	8.67	0.0
0	1029	8.65	0.0
0	1030	8.63	0.0
0	1031	8.63	0.0
0	1032	8.63	6.45
0	1033	8.62	5.38
0	1034	8.61	7.65
0	1035	8.6	0.0
0	1036	8.59	8.08
0	1037	8.58	4.59
0	1038	8.57	1.61
0	1039	8.56	7.87
0	1040	8.52	0.0
0	1041	8.52	0.0
0	1042	8.5	0.0
0	1043	8.49	3.83
0	1044	8.47	6.43
0	1045	8.47	8.4
0	1046	8.42	2.31
0	1047	8.39	0.0
0	1048	8.35	0.0
0	1049	8.35	0.0
0	1050	8.3	2.1
0	1051	8.3	6.74
0	1052	8.27	4.02
0	1053	8.27	2.08
0	1054	8.26	5.61
0	1055	8.21	6.05
0	1056	8.2	3.4
0	1057	8.17	0.0
0	1058	8.16	0.0
0	1059	8.15	0.0
0	1060	8.15	8.13
0	1061	8.14	0.0
0	1062	8.09	0.0
0	1063	8.06	6.49
0	1064	8.05	0.0
0	1065	8.03	0.0
0	1066	8.02	0.0
0	1067	8.02	0.0
0	1068	8.01	6.45
0	1069	8.0	0.52
0	1070	8.0	0.0
0	1071	7.99	0.0
0	1072	7.99	7.09
0	1073	7.98	6.51
0	1074	7.94	6.51
0	1075	7.91	5.99
0	1076	7.85	4.56
0	1077	7.85	5.02
0	1078	7.84	0.0
0	1079	7.84	3.78
0	1080	7.79	0.0
0	1081	7.79	7.29
0	1082	7.76	0.39
0	1083	7.76	6.84
0	1084	7.76	5.73
0	1085	7.73	2.12
0	1086	7.73	6.66
0	1087	7.73	2.06
0	1088	7.72	0.0
0	1089	7.72	2.07
0	1090	7.71	0.0
0	1091	7.69	0.0
0	1092	7.64	5.68
0	1093	7.62	0.0
0	1094	7.62	7.18
0	1095	7.6	0.0
0	1096	7.55	0.0
0	1097	7.5	3.75
0	1098	7.48	6.68
0	1099	7.48	0.0
0	1100	7.47	0.0
0	1101	7.45	0.0
0	1102	7.44	0.0
0	1103	7.43	0.0
0	1104	7.4	3.68
0	1105	7.4	0.0
0	1106	7.39	0.0
0	1107	7.39	3.67
0	1108	7.38	0.0
0	1109	7.38	0.0
0	1110	7.36	0.0
0	1111	7.35	0.0
0	1112	7.34	5.14
0	1113	7.28	2.44
0	1114	7.28	3.98
0	1115	7.28	0.0
0	1116	7.26	0.1
0	1117	7.26	5.55
0	1118	7.26	3.15
0	1119	7.24	7.03
0	1120	7.22	4.59
0	1121	7.21	0.0
0	1122	7.19	5.21
0	1123	7.17	0.0
0	1124	7.16	1.37
0	1125	7.14	1.83
0	1126	7.14	5.1
0	1127	7.14	0.0
0	1128	7.12	0.0
0	1129	7.11	0.0
0	1130	7.1	0.0
0	1131	7.1	0.0
0	1132	7.1	0.0
0	1133	7.09	0.0
0	1134	7.08	0.0
0	1135	7.07	0.0
0	1136	7.06	4.52
0	1137	7.05	0.0
0	1138	7.04	5.73
0	1139	7.04	0.0
0	1140	7.03	0.0
0	1141	7.01	5.2
0	1142	7.0	0.0
0	1143	6.99	0.0
0	1144	6.97	0.0
0	1145	6.96	0.0
0	1146	6.95	6.45
0	1147	6.94	0.0
0	1148	6.87	0.0
0	1149	6.86	0.07
0	1150	6.86	0.0
0	1151	6.86	0.0
0	1152	6.84	0.11
0	1153	6.83	5.58
0	1154	6.83	0.0
0	1155	6.82	2.7
0	1156	6.82	0.89
0	1157	6.81	4.8
0	1158	6.8	0.0
0	1159	6.8	4.61
0	1160	6.77	0.0
0	1161	6.77	2.59
0	1162	6.75	0.0
0	1163	6.75	4.71
0	1164	6.75	0.0
0	1165	6.73	1.25
0	1166	6.71	0.0
0	1167	6.7	0.0
0	1168	6.69	2.95
0	1169	6.67	2.44
0	1170	6.66	6.1
0	1171	6.66	0.0
0	1172	6.64	0.0
0	1173	6.63	2.48
0	1174	6.62	3.92
0	1175	6.62	5.54
0	1176	6.6	0.0
0	1177	6.59	6.31
0	1178	6.59	0.0
0	1179	6.58	0.0
0	1180	6.58	0.0
0	1181	6.56	0.0
0	1182	6.56	6.41
0	1183	6.56	0.0
0	1184	6.55	6.31
0	1185	6.53	0.6
0	1186	6.52	0.0
0	1187	6.52	0.0
0	1188	6.51	0.44
0	1189	6.51	0.0
0	1190	6.5	0.0
0	1191	6.47	2.77
0	1192	6.46	5.07
0	1193	6.43	0.0
0	1194	6.41	0.0
0	1195	6.41	0.0
0	1196	6.39	0.0
0	1197	6.36	0.0
0	1198	6.36	5.94
0	1199	6.28	0.0
0	1200	6.25	0.0
0	1201	6.24	5.5
0	1202	6.23	3.97
0	1203	6.22	0.0
0	1204	6.22	0.0
0	1205	6.21	0.0
0	1206	6.2	0.0
0	1207	6.2	0.0
0	1208	6.15	2.05
0	1209	6.13	4.08
0	1210	6.1	0.0
0	1211	6.06	0.0
0	1212	5.99	0.0
0	1213	5.99	0.0
0	1214	5.98	5.81
0	1215	5.98	0.0
0	1216	5.97	1.74
0	1217	5.97	0.0
0	1218	5.96	4.23
0	1219	5.96	5.26
0	1220	5.93	3.04
0	1221	5.91	0.0
0	1222	5.89	0.0
0	1223	5.89	0.0
0	1224	5.88	3.9
0	1225	5.88	0.0
0	1226	5.87	0.0
0	1227	5.87	0.18
0	1228	5.83	3.03
0	1229	5.83	0.0
0	1230	5.83	0.0
0	1231	5.83	0.0
0	1232	5.82	0.0
0	1233	5.77	0.0
0	1234	5.75	3.23
0	1235	5.75	5.14
0	1236	5.74	0.0
0	1237	5.72	5.56
0	1238	5.71	0.54
0	1239	5.69	2.89
0	1240	5.66	0.0
0	1241	5.65	0.0
0	1242	5.63	0.0
0	1243	5.63	0.71
0	1244	5.62	0.0
0	1245	5.61	0.0
0	1246	5.6	1.38
0	1247	5.58	0.65
0	1248	5.57	4.12
0	1249	5.57	0.61
0	1250	5.52	4.99
0	1251	5.51	0.07
0	1252	5.5	2.52
0	1253	5.49	0.0
0	1254	5.49	4.02
0	1255	5.49	0.0
0	1256	5.49	3.25
0	1257	5.46	5.38
0	1258	5.43	0.0
0	1259	5.42	0.0
0	1260	5.42	4.49
0	1261	5.38	0.0
0	1262	5.36	0.0
0	1263	5.36	0.0
0	1264	5.36	0.0
0	1265	5.35	0.0
0	1266	5.34	4.25
0	1267	5.34	0.0
0	1268	5.33	4.75
0	1269	5.32	5.3
0	1270	5.31	0.0
0	1271	5.3	1.47
0	1272	5.3	2.67
0	1273	5.29	0.0
0	1274	5.28	2.58
0	1275	5.27	3.88
0	1276	5.26	0.0
0	1277	5.26	2.88
0	1278	5.26	0.0
0	1279	5.25	1.63
0	1280	5.24	0.0
0	1281	5.24	0.0
0	1282	5.23	0.0
0	1283	5.23	0.5
0	1284	5.21	0.0
0	1285	5.2	0.0
0	1286	5.2	0.27
0	1287	5.2	2.42
0	1288	5.18	0.0
0	1289	5.18	0.0
0	1290	5.15	0.0
0	1291	5.15	2.6
0	1292	5.15	0.31
0	1293	5.14	4.92
0	1294	5.14	2.01
0	1295	5.14	0.0
0	1296	5.14	4.9
0	1297	5.12	2.36
0	1298	5.11	4.06
0	1299	5.05	0.0
0	1300	5.05	4.57
0	1301	5.04	4.49
0	1302	5.03	0.0
0	1303	5.02	0.0
0	1304	5.0	2.7
0	1305	4.99	0.0
0	1306	4.93	2.92
0	1307	4.92	0.0
0	1308	4.9	0.0
0	1309	4.9	3.35
0	1310	4.88	1.89
0	1311	4.87	0.0
0	1312	4.87	1.26
0	1313	4.84	0.0
0	1314	4.84	0.0
0	1315	4.84	2.53
0	1316	4.83	0.0
0	1317	4.8	0.0
0	1318	4.78	0.0
0	1319	4.78	0.69
0	1320	4.77	0.0
0	1321	4.76	0.0
0	1322	4.75	0.0
0	1323	4.75	0.0
0	1324	4.74	0.0
0	1325	4.73	0.0
0	1326	4.73	0.03
0	1327	4.7	0.44
0	1328	4.69	1.97
0	1329	4.68	0.0
0	1330	4.68	0.0
0	1331	4.67	0.0
0	1332	4.66	0.0
0	1333	4.63	0.0
0	1334	4.62	0.0
0	1335	4.62	0.0
0	1336	4.61	0.0
0	1337	4.61	0.0
0	1338	4.6	0.0
0	1339	4.6	0.0
0	1340	4.58	0.0
0	1341	4.58	4.56
0	1342	4.55	0.0
0	1343	4.55	3.78
0	1344	4.55	3.08
0	1345	4.53	0.0
0	1346	4.51	0.0
0	1347	4.51	4.18
0	1348	4.51	0.0
0	1349	4.5	0.0
0	1350	4.49	0.0
0	1351	4.49	0.0
0	1352	4.47	3.12
0	1353	4.47	0.0
0	1354	4.47	0.0
0	1355	4.46	0.0
0	1356	4.45	3.15
0	1357	4.42	0.0
0	1358	4.42	0.0
0	1359	4.42	0.0
0	1360	4.42	0.0
0	1361	4.41	1.31
0	1362	4.4	0.0
0	1363	4.39	0.0
0	1364	4.38	0.0
0	1365	4.38	0.0
0	1366	4.38	0.0
0	1367	4.37	1.63
0	1368	4.36	1.6
0	1369	4.36	0.0
0	1370	4.35	0.0
0	1371	4.33	0.0
0	1372	4.3	0.0
0	1373	4.3	0.0
0	1374	4.27	0.0
0	1375	4.26	1.1
0	1376	4.25	2.43
0	1377	4.25	0.0
0	1378	4.24	0.0
0	1379	4.24	0.0
0	1380	4.23	0.0
0	1381	4.21	2.97
0	1382	4.21	0.0
0	1383	4.2	0.0
0	1384	4.19	0.48
0	1385	4.19	0.0
0	1386	4.19	0.0
0	1387	4.18	0.0
0	1388	4.18	0.0
0	1389	4.17	0.63
0	1390	4.17	3.96
0	1391	4.16	2.6
0	1392	4.16	0.0
0	1393	4.14	0.69
0	1394	4.14	1.44
0	1395	4.14	0.0
0	1396	4.14	0.0
0	1397	4.12	0.0
0	1398	4.12	0.0
0	1399	4.12	0.0
0	1400	4.12	3.67
0	1401	4.11	0.0
0	1402	4.1	1.6
0	1403	4.09	0.0
0	1404	4.09	0.02
0	1405	4.08	0.0
0	1406	4.07	3.81
0	1407	4.05	0.0
0	1408	4.03	0.0
0	1409	4.02	0.0
0	1410	4.01	0.0
0	1411	3.99	0.0
0	1412	3.98	3.09
0	1413	3.96	0.0
0	1414	3.95	0.0
0	1415	3.94	0.71
0	1416	3.91	0.0
0	1417	3.9	1.12
0	1418	3.88	0.0
0	1419	3.88	0.0
0	1420	3.87	0.0
0	1421	3.87	0.0
0	1422	3.86	0.0
0	1423	3.86	0.0
0	1424	3.85	0.0
0	1425	3.85	0.0
0	1426	3.84	1.75
0	1427	3.84	0.0
0	1428	3.84	0.0
0	1429	3.8	2.2
0	1430	3.8	0.0
0	1431	3.79	0.0
0	1432	3.78	0.0
0	1433	3.78	0.84
0	1434	3.78	0.0
0	1435	3.76	0.0
0	1436	3.76	0.0
0	1437	3.75	3.3
0	1438	3.73	3.36
0	1439	3.72	0.0
0	1440	3.71	0.0
0	1441	3.71	0.0
0	1442	3.71	0.0
0	1443	3.7	0.0
0	1444	3.7	0.0
0	1445	3.68	0.0
0	1446	3.68	0.0
0	1447	3.67	0.0
0	1448	3.66	0.0
0	1449	3.66	0.0
0	1450	3.66	0.0
0	1451	3.66	0.0
0	1452	3.66	0.0
0	1453	3.65	0.0
0	1454	3.65	0.0
0	1455	3.65	3.48
0	1456	3.64	0.0
0	1457	3.64	0.0
0	1458	3.62	0.0
0	1459	3.6	0.0
0	1460	3.56	0.0
0	1461	3.54	2.61
0	1462	3.54	0.0
0	1463	3.53	0.0
0	1464	3.53	1.52
0	1465	3.5	0.0
0	1466	3.48	0.0
0	1467	3.47	0.0
0	1468	3.47	0.0
0	1469	3.47	2.91
0	1470	3.47	0.0
0	1471	3.47	0.36
0	1472	3.45	0.0
0	1473	3.44	0.0
0	1474	3.43	0.0
0	1475	3.42	3.27
0	1476	3.41	0.0
0	1477	3.41	1.3
0	1478	3.41	2.95
0	1479	3.4	1.97
0	1480	3.4	0.0
0	1481	3.39	0.0
0	1482	3.38	1.72
0	1483	3.38	0.0
0	1484	3.37	0.0
0	1485	3.35	0.0
0	1486	3.33	0.0
0	1487	3.32	0.0
0	1488	3.32	0.0
0	1489	3.32	1.09
0	1490	3.32	0.0
0	1491	3.31	0.0
0	1492	3.31	0.0
0	1493	3.3	0.0
0	1494	3.3	3.16
0	1495	3.29	3.05
0	1496	3.29	0.69
0	1497	3.28	2.96
0	1498	3.27	0.0
0	1499	3.27	0.0
0	1500	3.26	0.13
0	1501	3.25	0.0
0	1502	3.25	1.54
0	1503	3.24	0.0
0	1504	3.23	0.0
0	1505	3.23	0.0
0	1506	3.21	0.82
0	1507	3.2	0.0
0	1508	3.19	0.0
0	1509	3.17	0.04
0	1510	3.16	0.0
0	1511	3.16	0.0
0	1512	3.16	0.0
0	1513	3.15	2.82
0	1514	3.15	0.0
0	1515	3.14	0.0
0	1516	3.11	0.0
0	1517	3.11	0.0
0	1518	3.11	0.0
0	1519	3.11	1.0
0	1520	3.09	0.0
0	1521	3.08	0.0
0	1522	3.08	0.0
0	1523	3.07	0.26
0	1524	3.06	0.0
0	1525	3.04	0.0
0	1526	3.04	0.0
0	1527	3.03	0.0
0	1528	3.03	2.56
0	1529	3.02	0.0
0	1530	3.02	0.0
0	1531	3.0	0.0
0	1532	3.0	0.0
0	1533	2.99	0.0
0	1534	2.99	0.6
0	1535	2.99	0.0
0	1536	2.97	0.0
0	1537	2.94	1.16
0	1538	2.93	0.0
0	1539	2.9	0.0
0	1540	2.9	0.0
0	1541	2.88	0.5
0	1542	2.86	0.0
0	1543	2.82	2.31
0	1544	2.82	0.0
0	1545	2.8	2.15
0	1546	2.78	0.0
0	1547	2.78	0.0
0	1548	2.77	0.0
0	1549	2.77	0.0
0	1550	2.77	0.0
0	1551	2.74	2.32
0	1552	2.74	0.28
0	1553	2.74	1.42
0	1554	2.74	0.0
0	1555	2.72	0.0
0	1556	2.71	1.62
0	1557	2.71	0.0
0	1558	2.7	1.67
0	1559	2.69	1.88
0	1560	2.68	0.0
0	1561	2.67	0.0
0	1562	2.66	0.0
0	1563	2.65	0.27
0	1564	2.65	0.0
0	1565	2.63	0.0
0	1566	2.62	0.0
0	1567	2.62	2.0
0	1568	2.61	0.0
0	1569	2.6	0.0
0	1570	2.6	2.17
0	1571	2.58	0.0
0	1572	2.58	0.0
0	1573	2.58	0.0
0	1574	2.57	0.0
0	1575	2.56	0.0
0	1576	2.56	0.0
0	1577	2.54	1.64
0	1578	2.52	1.06
0	1579	2.5	1.66
0	1580	2.5	0.0
0	1581	2.49	0.0
0	1582	2.48	0.0
0	1583	2.47	0.0
0	1584	2.46	0.69
0	1585	2.45	0.0
0	1586	2.45	0.0
0	1587	2.45	1.79
0	1588	2.45	0.0
0	1589	2.44	0.0
0	1590	2.44	0.83
0	1591	2.43	0.26
0	1592	2.41	0.64
0	1593	2.41	0.0
0	1594	2.38	0.0
0	1595	2.37	0.0
0	1596	2.37	0.0
0	1597	2.36	1.6
0	1598	2.35	0.0
0	1599	2.35	1.72
0	1600	2.35	0.0
0	1601	2.33	0.6
0	1602	2.33	1.9
0	1603	2.32	0.0
0	1604	2.32	0.0
0	1605	2.31	0.0
0	1606	2.3	0.0
0	1607	2.3	0.0
0	1608	2.29	0.0
0	1609	2.28	1.69
0	1610	2.27	0.0
0	1611	2.27	0.0
0	1612	2.26	0.0
0	1613	2.26	0.0
0	1614	2.26	0.0
0	1615	2.26	0.0
0	1616	2.25	1.32
0	1617	2.22	0.0
0	1618	2.22	0.0
0	1619	2.21	0.0
0	1620	2.21	0.0
0	1621	2.21	0.0
0	1622	2.2	1.98
0	1623	2.17	0.46
0	1624	2.17	1.26
0	1625	2.15	0.0
0	1626	2.15	0.0
0	1627	2.15	0.0
0	1628	2.14	0.0
0	1629	2.14	0.0
0	1630	2.12	0.0
0	1631	2.12	0.0
0	1632	2.12	0.0
0	1633	2.11	0.0
0	1634	2.09	0.0
0	1635	2.08	2.02
0	1636	2.08	0.0
0	1637	2.07	1.45
0	1638	2.05	0.0
0	1639	2.02	0.0
0	1640	2.02	1.99
0	1641	2.01	0.0
0	1642	2.0	0.37
0	1643	1.98	0.0
0	1644	1.98	0.39
0	1645	1.98	0.0
0	1646	1.98	0.0
0	1647	1.96	0.0
0	1648	1.96	0.0
0	1649	1.94	0.0
0	1650	1.92	0.0
0	1651	1.91	0.0
0	1652	1.91	0.0
0	1653	1.89	0.0
0	1654	1.88	0.0
0	1655	1.86	0.0
0	1656	1.86	0.0
0	1657	1.86	0.0
0	1658	1.85	0.13
0	1659	1.83	0.33
0	1660	1.81	0.0
0	1661	1.8	0.14
0	1662	1.79	0.0
0	1663	1.79	0.0
0	1664	1.78	0.0
0	1665	1.78	0.0
0	1666	1.76	0.0
0	1667	1.76	0.0
0	1668	1.74	0.0
0	1669	1.72	0.0
0	1670	1.69	0.7
0	1671	1.68	0.0
0	1672	1.68	0.0
0	1673	1.68	1.16
0	1674	1.68	0.0
0	1675	1.68	0.0
0	1676	1.65	0.0
0	1677	1.64	0.0
0	1678	1.63	0.0
0	1679	1.63	0.0
0	1680	1.63	0.0
0	1681	1.62	0.21
0	1682	1.62	0.0
0	1683	1.62	0.0
0	1684	1.6	0.0
0	1685	1.6	0.0
0	1686	1.6	1.34
0	1687	1.57	0.0
0	1688	1.57	0.0
0	1689	1.54	0.0
0	1690	1.54	0.0
0	1691	1.54	0.0
0	1692	1.53	0.0
0	1693	1.53	0.0
0	1694	1.5	0.9
0	1695	1.5	0.0
0	1696	1.49	0.0
0	1697	1.49	0.0
0	1698	1.47	0.0
0	1699	1.46	0.0
0	1700	1.46	0.0
0	1701	1.45	0.03
0	1702	1.4	0.0
0	1703	1.38	0.0
0	1704	1.38	0.0
0	1705	1.37	0.0
0	1706	1.36	0.0
0	1707	1.34	0.0
0	1708	1.33	0.0
0	1709	1.33	0.0
0	1710	1.32	0.0
0	1711	1.32	0.0
0	1712	1.32	0.0
0	1713	1.31	0.46
0	1714	1.31	0.0
0	1715	1.31	0.0
0	1716	1.3	0.0
0	1717	1.3	0.0
0	1718	1.28	0.0
0	1719	1.28	0.0
0	1720	1.27	0.0
0	1721	1.27	0.0
0	1722	1.26	0.65
0	1723	1.23	0.0
0	1724	1.22	0.0
0	1725	1.22	0.0
0	1726	1.21	0.0
0	1727	1.19	0.0
0	1728	1.18	0.0
0	1729	1.18	0.0
0	1730	1.17	0.0
0	1731	1.17	0.0
0	1732	1.17	0.0
0	1733	1.16	0.0
0	1734	1.15	0.0
0	1735	1.15	0.0
0	1736	1.15	0.0
0	1737	1.15	0.0
0	1738	1.14	0.0
0	1739	1.14	0.0
0	1740	1.14	0.0
0	1741	1.14	0.0
0	1742	1.12	0.0
0	1743	1.12	0.0
0	1744	1.11	0.0
0	1745	1.09	0.55
0	1746	1.08	0.0
0	1747	1.08	0.0
0	1748	1.04	0.0
0	1749	1.04	0.0
0	1750	1.03	0.0
0	1751	1.03	0.0
0	1752	1.02	0.0
0	1753	1.02	0.0
0	1754	1.01	0.0
0	1755	1.0	0.0
0	1756	0.99	0.0
0	1757	0.98	0.0
0	1758	0.96	0.0
0	1759	0.96	0.0
0	1760	0.95	0.0
0	1761	0.95	0.0
0	1762	0.94	0.0
0	1763	0.94	0.0
0	1764	0.94	0.0
0	1765	0.93	0.0
0	1766	0.93	0.0
0	1767	0.92	0.0
0	1768	0.92	0.0
0	1769	0.92	0.0
0	1770	0.91	0.0
0	1771	0.88	0.23
0	1772	0.88	0.0
0	1773	0.87	0.0
0	1774	0.87	0.0
0	1775	0.86	0.0
0	1776	0.85	0.0
0	1777	0.84	0.0
0	1778	0.79	0.0
0	1779	0.79	0.0
0	1780	0.76	0.0
0	1781	0.76	0.0
0	1782	0.75	0.0
0	1783	0.74	0.0
0	1784	0.74	0.0
0	1785	0.74	0.0
0	1786	0.74	0.0
0	1787	0.73	0.0
0	1788	0.72	0.0
0	1789	0.72	0.0
0	1790	0.7	0.0
0	1791	0.7	0.0
0	1792	0.7	0.0
0	1793	0.69	0.0
0	1794	0.69	0.0
0	1795	0.68	0.0
0	1796	0.67	0.0
0	1797	0.67	0.0
0	1798	0.67	0.0
0	1799	0.65	0.0
0	1800	0.65	0.0
0	1801	0.64	0.0
0	1802	0.64	0.0
0	1803	0.64	0.0
0	1804	0.63	0.0
0	1805	0.63	0.0
0	1806	0.62	0.0
0	1807	0.61	0.0
0	1808	0.61	0.0
0	1809	0.6	0.0
0	1810	0.58	0.52
0	1811	0.57	0.0
0	1812	0.57	0.0
0	1813	0.57	0.0
0	1814	0.52	0.0
0	1815	0.51	0.0
0	1816	0.51	0.0
0	1817	0.51	0.0
0	1818	0.49	0.0
0	1819	0.49	0.0
0	1820	0.49	0.0
0	1821	0.49	0.0
0	1822	0.48	0.0
0	1823	0.47	0.0
0	1824	0.46	0.0
0	1825	0.46	0.0
0	1826	0.46	0.0
0	1827	0.45	0.0
0	1828	0.45	0.0
0	1829	0.44	0.0
0	1830	0.44	0.0
0	1831	0.43	0.0
0	1832	0.43	0.0
0	1833	0.42	0.0
0	1834	0.4	0.0
0	1835	0.39	0.0
0	1836	0.39	0.0
0	1837	0.37	0.0
0	1838	0.35	0.0
0	1839	0.35	0.0
0	1840	0.35	0.0
0	1841	0.35	0.0
0	1842	0.33	0.0
0	1843	0.33	0.0
0	1844	0.3	0.0
0	1845	0.29	0.0
0	1846	0.28	0.27
0	1847	0.28	0.0
0	1848	0.27	0.0
0	1849	0.27	0.0
0	1850	0.26	0.0
0	1851	0.26	0.0
0	1852	0.26	0.0
0	1853	0.23	0.0
0	1854	0.23	0.0
0	1855	0.23	0.0
0	1856	0.21	0.0
0	1857	0.21	0.0
0	1858	0.2	0.0
0	1859	0.2	0.0
0	1860	0.19	0.0
0	1861	0.17	0.0
0	1862	0.17	0.0
0	1863	0.17	0.0
0	1864	0.16	0.0
0	1865	0.15	0.0
0	1866	0.13	0.0
0	1867	0.12	0.0
0	1868	0.12	0.0
0	1869	0.11	0.0
0	1870	0.1	0.0
0	1871	0.08	0.0
0	1872	0.07	0.0
0	1873	0.07	0.0
0	1874	0.06	0.0
0	1875	0.06	0.0
0	1876	0.06	0.0
0	1877	0.06	0.0
0	1878	0.05	0.0
0	1879	0.05	0.0
0	1880	0.05	0.0
0	1881	0.04	0.0
0	1882	0.03	0.0
0	1883	0.02	0.0
0	1884	0.02	0.0
0	1885	0.02	0.0
