clade	species	ts	te
0	1	100.0	81.11
0	2	97.84	89.95
0	3	94.6	78.09
0	4	94.1	73.89
0	5	90.67	88.29
0	6	86.21	84.83
0	7	84.58	84.44
0	8	81.7	79.77
0	9	81.35	60.59
0	10	79.81	58.57
0	11	76.25	70.3
0	12	74.86	60.36
0	13	74.26	62.13
0	14	73.62	53.34
0	15	73.11	68.58
0	16	72.94	72.86
0	17	72.85	68.93
0	18	69.65	43.61
0	19	68.72	68.46
0	20	67.52	59.05
0	21	66.45	45.02
0	22	63.92	56.72
0	23	63.46	61.77
0	24	63.36	60.27
0	25	63.01	62.78
0	26	62.68	54.82
0	27	62.11	20.56
0	28	62.0	61.78
0	29	61.85	51.59
0	30	60.72	47.87
0	31	60.71	58.12
0	32	60.4	59.37
0	33	58.74	35.04
0	34	58.43	55.84
0	35	58.15	39.78
0	36	57.28	43.01
0	37	56.16	38.04
0	38	55.73	45.07
0	39	53.97	47.14
0	40	52.96	50.56
0	41	52.42	51.53
0	42	52.3	19.55
0	43	52.17	49.34
0	44	51.51	47.29
0	45	51.49	49.56
0	46	51.33	47.82
0	47	51.15	39.95
0	48	49.85	45.71
0	49	49.71	46.36
0	50	49.33	38.46
0	51	49.22	38.33
0	52	49.14	31.54
0	53	48.62	35.82
0	54	47.45	34.99
0	55	47.42	38.22
0	56	47.01	36.41
0	57	46.24	43.29
0	58	45.23	34.45
0	59	45.16	44.09
0	60	45.09	42.97
0	61	44.95	39.75
0	62	44.73	37.03
0	63	44.5	44.26
0	64	44.23	31.54
0	65	44.17	21.83
0	66	44.16	40.24
0	67	43.8	42.9
0	68	43.78	32.53
0	69	43.73	42.07
0	70	43.54	38.05
0	71	43.38	42.93
0	72	43.36	3.52
0	73	43.22	37.55
0	74	42.64	37.68
0	75	42.56	39.68
0	76	41.84	41.73
0	77	41.82	27.31
0	78	41.72	39.78
0	79	41.2	21.61
0	80	41.06	34.83
0	81	40.89	36.32
0	82	40.58	22.17
0	83	40.57	33.95
0	84	40.52	32.18
0	85	40.44	29.83
0	86	40.3	37.84
0	87	40.21	35.34
0	88	40.05	19.98
0	89	39.69	36.09
0	90	39.42	31.41
0	91	39.38	0.0
0	92	39.32	38.32
0	93	38.71	26.54
0	94	38.61	31.73
0	95	37.47	34.4
0	96	37.42	34.32
0	97	37.22	21.39
0	98	37.21	30.56
0	99	37.15	26.08
0	100	37.03	17.44
0	101	36.91	32.51
0	102	36.88	36.33
0	103	36.68	17.62
0	104	36.08	35.28
0	105	35.93	20.56
0	106	35.68	20.49
0	107	35.61	0.0
0	108	35.56	35.55
0	109	35.37	26.44
0	110	35.08	31.91
0	111	34.99	19.38
0	112	34.93	32.37
0	113	34.91	15.78
0	114	34.83	28.19
0	115	34.54	30.75
0	116	34.34	25.39
0	117	34.17	28.77
0	118	33.75	33.73
0	119	33.64	32.66
0	120	33.62	31.09
0	121	33.34	19.52
0	122	33.31	0.0
0	123	33.3	17.49
0	124	32.99	29.25
0	125	32.84	12.49
0	126	32.72	10.87
0	127	32.51	23.93
0	128	32.25	23.59
0	129	32.12	28.31
0	130	31.98	30.7
0	131	31.75	28.86
0	132	31.45	21.69
0	133	31.41	31.37
0	134	31.34	30.46
0	135	31.24	27.12
0	136	31.2	30.92
0	137	31.12	19.7
0	138	31.0	16.6
0	139	30.45	12.36
0	140	30.44	28.56
0	141	30.24	27.36
0	142	30.12	29.78
0	143	30.04	25.7
0	144	29.46	25.47
0	145	29.43	10.72
0	146	29.31	26.02
0	147	29.16	0.0
0	148	29.15	27.64
0	149	29.14	18.71
0	150	28.99	16.59
0	151	28.98	19.08
0	152	28.91	26.6
0	153	28.91	26.43
0	154	28.89	16.82
0	155	28.81	7.59
0	156	28.78	26.96
0	157	28.77	2.03
0	158	28.48	17.22
0	159	28.29	0.0
0	160	28.27	17.77
0	161	28.24	12.48
0	162	28.19	25.98
0	163	27.98	5.49
0	164	27.78	0.0
0	165	27.53	20.47
0	166	27.51	21.99
0	167	27.48	19.01
0	168	27.33	19.79
0	169	27.04	22.88
0	170	27.01	23.17
0	171	26.96	12.43
0	172	26.96	16.16
0	173	26.94	19.57
0	174	26.78	20.76
0	175	26.75	0.0
0	176	26.65	12.27
0	177	26.48	25.99
0	178	26.4	0.0
0	179	26.35	24.53
0	180	26.19	25.11
0	181	26.15	25.42
0	182	26.1	25.62
0	183	25.95	8.98
0	184	25.92	1.12
0	185	25.88	15.63
0	186	25.84	14.04
0	187	25.82	17.31
0	188	25.79	20.4
0	189	25.52	2.62
0	190	25.47	9.77
0	191	25.47	20.27
0	192	25.47	16.89
0	193	25.23	4.72
0	194	25.21	0.0
0	195	25.2	15.4
0	196	25.16	17.56
0	197	25.15	11.97
0	198	25.13	23.58
0	199	25.13	24.15
0	200	24.92	16.18
0	201	24.88	21.57
0	202	24.87	23.71
0	203	24.84	22.64
0	204	24.75	8.31
0	205	24.74	23.91
0	206	24.7	0.0
0	207	24.68	0.0
0	208	24.62	0.0
0	209	24.61	7.48
0	210	24.59	0.0
0	211	24.59	21.86
0	212	24.55	13.83
0	213	24.45	4.23
0	214	24.39	17.88
0	215	24.38	19.71
0	216	24.35	15.86
0	217	24.32	17.94
0	218	24.24	13.6
0	219	24.23	21.91
0	220	24.2	16.19
0	221	24.18	20.69
0	222	24.15	11.49
0	223	23.97	19.02
0	224	23.83	20.89
0	225	23.77	10.9
0	226	23.72	0.0
0	227	23.64	0.0
0	228	23.59	21.13
0	229	23.45	15.41
0	230	23.45	0.0
0	231	23.41	0.0
0	232	23.41	11.75
0	233	23.4	20.73
0	234	23.2	15.35
0	235	23.15	20.57
0	236	23.08	19.01
0	237	23.06	2.01
0	238	23.05	18.67
0	239	22.98	15.45
0	240	22.93	13.24
0	241	22.91	21.21
0	242	22.9	14.34
0	243	22.86	20.18
0	244	22.86	0.32
0	245	22.81	19.63
0	246	22.68	14.82
0	247	22.64	19.06
0	248	22.61	19.45
0	249	22.45	9.19
0	250	22.42	15.71
0	251	22.4	21.5
0	252	22.38	12.76
0	253	22.31	18.17
0	254	22.29	8.11
0	255	22.25	19.89
0	256	22.22	2.03
0	257	22.19	21.89
0	258	22.19	7.14
0	259	22.17	11.9
0	260	22.15	16.28
0	261	22.08	0.0
0	262	22.01	14.02
0	263	21.97	20.97
0	264	21.87	17.07
0	265	21.77	20.67
0	266	21.75	19.13
0	267	21.72	16.06
0	268	21.72	0.0
0	269	21.71	0.16
0	270	21.71	20.72
0	271	21.69	7.94
0	272	21.61	20.18
0	273	21.57	16.32
0	274	21.5	15.68
0	275	21.43	20.19
0	276	21.37	15.98
0	277	21.34	8.25
0	278	21.33	5.72
0	279	21.32	11.01
0	280	21.3	19.36
0	281	21.19	8.23
0	282	21.1	4.39
0	283	21.09	0.0
0	284	21.01	18.59
0	285	21.01	17.63
0	286	21.0	15.83
0	287	20.93	16.77
0	288	20.9	14.33
0	289	20.89	4.97
0	290	20.89	13.66
0	291	20.88	14.62
0	292	20.84	0.0
0	293	20.82	20.03
0	294	20.71	15.36
0	295	20.7	18.16
0	296	20.69	13.95
0	297	20.69	10.91
0	298	20.68	18.21
0	299	20.67	0.0
0	300	20.66	1.65
0	301	20.61	5.95
0	302	20.59	11.24
0	303	20.55	5.31
0	304	20.5	1.29
0	305	20.48	13.56
0	306	20.35	0.0
0	307	20.32	11.59
0	308	20.24	8.86
0	309	20.22	10.36
0	310	20.18	15.45
0	311	20.12	0.0
0	312	20.03	0.0
0	313	20.03	9.82
0	314	20.03	13.27
0	315	20.02	17.73
0	316	20.02	10.63
0	317	20.02	18.25
0	318	20.01	12.78
0	319	19.99	9.79
0	320	19.97	14.93
0	321	19.95	5.83
0	322	19.9	17.5
0	323	19.89	14.99
0	324	19.87	0.0
0	325	19.8	15.84
0	326	19.76	0.0
0	327	19.75	19.15
0	328	19.74	18.38
0	329	19.66	17.82
0	330	19.65	18.54
0	331	19.61	0.0
0	332	19.6	18.21
0	333	19.6	17.68
0	334	19.58	13.32
0	335	19.57	13.39
0	336	19.48	16.71
0	337	19.44	16.92
0	338	19.41	2.61
0	339	19.4	12.78
0	340	19.29	13.18
0	341	19.28	12.03
0	342	19.24	3.61
0	343	19.19	12.45
0	344	19.19	9.94
0	345	19.17	0.11
0	346	19.16	0.0
0	347	19.15	2.13
0	348	19.09	6.79
0	349	19.05	10.7
0	350	18.89	0.0
0	351	18.87	10.2
0	352	18.87	12.4
0	353	18.86	18.56
0	354	18.73	12.75
0	355	18.68	16.31
0	356	18.68	17.82
0	357	18.66	6.72
0	358	18.66	15.76
0	359	18.65	0.0
0	360	18.64	14.0
0	361	18.62	10.85
0	362	18.56	0.0
0	363	18.52	12.08
0	364	18.49	8.48
0	365	18.44	13.2
0	366	18.4	14.16
0	367	18.35	0.0
0	368	18.33	13.43
0	369	18.32	11.33
0	370	18.31	17.29
0	371	18.29	12.73
0	372	18.28	12.32
0	373	18.27	6.46
0	374	18.26	13.77
0	375	18.23	16.44
0	376	18.15	0.0
0	377	18.14	12.41
0	378	18.12	14.5
0	379	18.06	8.7
0	380	18.03	0.0
0	381	18.0	13.45
0	382	18.0	11.21
0	383	17.97	13.11
0	384	17.94	14.95
0	385	17.91	12.83
0	386	17.87	3.3
0	387	17.85	8.14
0	388	17.78	0.0
0	389	17.75	9.39
0	390	17.7	10.24
0	391	17.61	14.52
0	392	17.61	14.32
0	393	17.6	3.54
0	394	17.6	12.07
0	395	17.58	15.55
0	396	17.57	4.17
0	397	17.56	15.09
0	398	17.51	14.22
0	399	17.51	12.88
0	400	17.48	10.64
0	401	17.46	15.71
0	402	17.35	14.16
0	403	17.35	13.26
0	404	17.29	16.7
0	405	17.25	13.05
0	406	17.23	10.63
0	407	17.22	15.35
0	408	17.2	4.23
0	409	17.19	0.0
0	410	17.18	7.74
0	411	17.14	5.64
0	412	17.13	14.92
0	413	17.13	0.0
0	414	17.12	13.23
0	415	17.11	8.43
0	416	17.04	4.41
0	417	17.04	9.7
0	418	17.03	0.0
0	419	17.01	10.39
0	420	16.97	0.0
0	421	16.93	2.34
0	422	16.85	6.05
0	423	16.84	13.61
0	424	16.82	13.16
0	425	16.81	0.0
0	426	16.77	12.38
0	427	16.74	9.64
0	428	16.7	3.57
0	429	16.67	0.0
0	430	16.65	10.38
0	431	16.64	11.11
0	432	16.63	4.51
0	433	16.63	15.47
0	434	16.58	16.29
0	435	16.54	7.9
0	436	16.52	6.8
0	437	16.5	11.08
0	438	16.45	0.0
0	439	16.45	13.25
0	440	16.43	4.17
0	441	16.43	12.16
0	442	16.42	13.17
0	443	16.35	7.93
0	444	16.34	7.02
0	445	16.33	0.0
0	446	16.26	10.4
0	447	16.21	0.0
0	448	16.21	12.97
0	449	16.19	0.0
0	450	16.18	7.69
0	451	16.12	3.78
0	452	16.12	10.58
0	453	16.11	14.19
0	454	16.1	11.44
0	455	16.1	0.0
0	456	16.07	12.04
0	457	16.06	14.59
0	458	16.03	12.82
0	459	16.02	0.0
0	460	15.98	6.18
0	461	15.97	15.38
0	462	15.92	3.25
0	463	15.87	10.33
0	464	15.87	0.0
0	465	15.82	9.4
0	466	15.82	15.51
0	467	15.8	5.05
0	468	15.75	14.11
0	469	15.73	15.66
0	470	15.71	0.0
0	471	15.65	4.32
0	472	15.59	10.8
0	473	15.55	10.12
0	474	15.54	14.31
0	475	15.49	15.04
0	476	15.47	4.97
0	477	15.42	0.0
0	478	15.41	0.0
0	479	15.39	0.0
0	480	15.38	13.91
0	481	15.36	13.46
0	482	15.35	14.38
0	483	15.35	10.51
0	484	15.3	0.0
0	485	15.28	10.4
0	486	15.28	11.09
0	487	15.24	8.18
0	488	15.22	5.67
0	489	15.2	14.54
0	490	15.2	14.69
0	491	15.19	13.96
0	492	15.18	0.0
0	493	15.15	7.93
0	494	15.13	14.0
0	495	15.11	0.0
0	496	15.1	0.0
0	497	15.03	10.1
0	498	15.03	2.63
0	499	15.02	13.15
0	500	15.0	6.1
0	501	14.95	0.0
0	502	14.93	9.26
0	503	14.89	0.35
0	504	14.88	14.64
0	505	14.87	12.88
0	506	14.85	11.75
0	507	14.83	2.83
0	508	14.83	14.59
0	509	14.83	0.0
0	510	14.79	13.88
0	511	14.78	8.3
0	512	14.72	0.0
0	513	14.67	13.03
0	514	14.59	10.99
0	515	14.57	4.88
0	516	14.56	14.03
0	517	14.56	10.99
0	518	14.55	13.95
0	519	14.55	9.8
0	520	14.55	0.66
0	521	14.55	14.32
0	522	14.54	0.0
0	523	14.52	13.9
0	524	14.49	9.7
0	525	14.47	11.91
0	526	14.42	7.69
0	527	14.41	10.02
0	528	14.39	0.0
0	529	14.35	8.78
0	530	14.34	8.61
0	531	14.26	0.0
0	532	14.23	2.38
0	533	14.17	13.87
0	534	14.15	1.8
0	535	14.14	10.96
0	536	14.13	0.0
0	537	14.12	0.0
0	538	14.1	11.99
0	539	14.09	0.0
0	540	14.08	13.1
0	541	14.07	2.31
0	542	14.05	0.2
0	543	14.0	6.94
0	544	13.99	10.58
0	545	13.96	0.0
0	546	13.94	1.84
0	547	13.94	9.69
0	548	13.93	10.07
0	549	13.92	3.73
0	550	13.92	6.4
0	551	13.9	6.32
0	552	13.9	0.0
0	553	13.81	11.65
0	554	13.71	11.27
0	555	13.7	10.14
0	556	13.68	10.92
0	557	13.67	0.0
0	558	13.67	12.77
0	559	13.57	2.9
0	560	13.55	5.96
0	561	13.54	3.45
0	562	13.53	3.83
0	563	13.51	0.0
0	564	13.49	9.01
0	565	13.49	13.07
0	566	13.46	0.0
0	567	13.44	6.91
0	568	13.44	5.54
0	569	13.41	3.24
0	570	13.37	10.14
0	571	13.36	9.74
0	572	13.36	11.26
0	573	13.34	0.0
0	574	13.31	1.18
0	575	13.29	10.25
0	576	13.27	9.35
0	577	13.26	5.53
0	578	13.17	0.0
0	579	13.17	11.0
0	580	13.15	11.85
0	581	13.13	1.3
0	582	13.13	11.95
0	583	13.1	3.68
0	584	13.08	7.73
0	585	13.07	12.56
0	586	13.06	9.07
0	587	13.06	11.61
0	588	13.05	8.28
0	589	13.04	4.14
0	590	13.01	0.0
0	591	13.0	0.0
0	592	12.96	0.0
0	593	12.96	6.79
0	594	12.96	0.0
0	595	12.95	6.05
0	596	12.95	4.98
0	597	12.92	0.0
0	598	12.9	10.62
0	599	12.88	5.81
0	600	12.87	12.73
0	601	12.82	0.0
0	602	12.82	11.88
0	603	12.81	9.82
0	604	12.77	0.0
0	605	12.75	1.31
0	606	12.75	8.66
0	607	12.75	0.0
0	608	12.74	3.88
0	609	12.74	6.74
0	610	12.72	2.6
0	611	12.71	5.32
0	612	12.69	0.0
0	613	12.66	0.09
0	614	12.65	1.82
0	615	12.64	0.0
0	616	12.61	0.0
0	617	12.58	0.0
0	618	12.58	3.31
0	619	12.58	2.79
0	620	12.56	9.1
0	621	12.55	0.0
0	622	12.51	8.67
0	623	12.51	7.65
0	624	12.5	0.0
0	625	12.45	0.0
0	626	12.44	9.46
0	627	12.43	3.18
0	628	12.41	11.97
0	629	12.38	8.11
0	630	12.35	0.0
0	631	12.35	4.39
0	632	12.31	4.11
0	633	12.31	6.26
0	634	12.3	3.7
0	635	12.29	9.65
0	636	12.25	3.2
0	637	12.24	11.54
0	638	12.23	0.0
0	639	12.21	6.01
0	640	12.21	10.99
0	641	12.15	0.73
0	642	12.12	3.64
0	643	12.12	3.17
0	644	12.09	0.0
0	645	12.04	0.0
0	646	12.04	8.04
0	647	12.0	2.37
0	648	11.98	9.25
0	649	11.97	9.92
0	650	11.96	10.73
0	651	11.95	0.0
0	652	11.91	10.82
0	653	11.9	0.0
0	654	11.88	7.02
0	655	11.87	0.0
0	656	11.84	9.69
0	657	11.83	6.85
0	658	11.83	0.0
0	659	11.82	3.19
0	660	11.81	4.26
0	661	11.81	1.0
0	662	11.76	8.33
0	663	11.74	3.65
0	664	11.7	0.0
0	665	11.69	0.0
0	666	11.64	8.1
0	667	11.62	0.0
0	668	11.61	10.04
0	669	11.58	0.0
0	670	11.57	8.26
0	671	11.55	0.0
0	672	11.52	2.3
0	673	11.5	0.0
0	674	11.5	10.7
0	675	11.49	0.0
0	676	11.49	2.84
0	677	11.48	8.65
0	678	11.44	2.88
0	679	11.44	0.0
0	680	11.38	2.42
0	681	11.37	11.26
0	682	11.32	4.32
0	683	11.32	8.2
0	684	11.29	5.46
0	685	11.27	5.22
0	686	11.23	6.6
0	687	11.1	9.93
0	688	11.1	10.71
0	689	11.09	9.75
0	690	11.06	4.28
0	691	11.06	6.96
0	692	11.05	6.98
0	693	11.03	0.0
0	694	11.02	3.14
0	695	11.01	4.6
0	696	11.0	5.19
0	697	10.97	0.0
0	698	10.97	0.0
0	699	10.97	8.92
0	700	10.94	0.0
0	701	10.92	10.03
0	702	10.92	8.26
0	703	10.91	9.38
0	704	10.88	0.0
0	705	10.86	7.78
0	706	10.86	0.0
0	707	10.86	0.0
0	708	10.85	6.68
0	709	10.84	10.56
0	710	10.83	10.44
0	711	10.83	0.0
0	712	10.78	3.79
0	713	10.76	0.0
0	714	10.74	0.0
0	715	10.71	6.04
0	716	10.71	5.17
0	717	10.67	10.14
0	718	10.67	0.0
0	719	10.66	1.9
0	720	10.66	7.36
0	721	10.64	0.0
0	722	10.64	4.03
0	723	10.62	1.3
0	724	10.6	2.35
0	725	10.59	0.0
0	726	10.57	0.0
0	727	10.56	4.28
0	728	10.55	0.0
0	729	10.54	0.0
0	730	10.51	0.0
0	731	10.51	4.32
0	732	10.46	9.37
0	733	10.44	0.0
0	734	10.42	0.0
0	735	10.4	6.34
0	736	10.38	6.29
0	737	10.34	5.7
0	738	10.3	0.0
0	739	10.28	9.09
0	740	10.28	0.0
0	741	10.27	6.92
0	742	10.25	0.0
0	743	10.24	9.78
0	744	10.2	3.11
0	745	10.19	0.0
0	746	10.18	3.25
0	747	10.14	4.75
0	748	10.12	3.81
0	749	10.08	0.0
0	750	10.05	0.23
0	751	10.01	4.96
0	752	10.0	2.64
0	753	9.99	9.17
0	754	9.99	1.26
0	755	9.98	8.16
0	756	9.98	0.0
0	757	9.94	9.28
0	758	9.92	8.15
0	759	9.9	0.0
0	760	9.87	3.29
0	761	9.87	6.24
0	762	9.85	1.02
0	763	9.84	0.0
0	764	9.83	4.04
0	765	9.8	0.52
0	766	9.8	0.0
0	767	9.78	0.0
0	768	9.75	4.12
0	769	9.72	4.15
0	770	9.68	4.24
0	771	9.65	3.97
0	772	9.64	0.0
0	773	9.63	0.0
0	774	9.6	0.0
0	775	9.6	7.32
0	776	9.57	0.0
0	777	9.56	0.0
0	778	9.5	0.0
0	779	9.49	8.52
0	780	9.46	2.93
0	781	9.45	8.21
0	782	9.44	0.0
0	783	9.43	0.0
0	784	9.42	0.0
0	785	9.42	0.56
0	786	9.41	7.05
0	787	9.39	0.0
0	788	9.38	0.0
0	789	9.36	4.04
0	790	9.36	8.61
0	791	9.34	1.14
0	792	9.34	6.36
0	793	9.33	7.76
0	794	9.31	3.22
0	795	9.27	0.0
0	796	9.26	4.73
0	797	9.25	4.23
0	798	9.24	4.3
0	799	9.23	0.0
0	800	9.23	0.0
0	801	9.22	0.0
0	802	9.21	0.0
0	803	9.16	1.54
0	804	9.16	8.5
0	805	9.14	4.08
0	806	9.14	5.7
0	807	9.13	3.23
0	808	9.12	0.0
0	809	9.12	3.11
0	810	9.12	1.18
0	811	9.08	1.88
0	812	9.07	0.0
0	813	9.07	0.0
0	814	9.04	0.0
0	815	9.01	0.04
0	816	9.0	3.9
0	817	9.0	8.12
0	818	8.98	8.38
0	819	8.98	5.61
0	820	8.97	2.67
0	821	8.96	0.0
0	822	8.94	8.6
0	823	8.94	5.78
0	824	8.93	0.0
0	825	8.89	2.22
0	826	8.87	2.13
0	827	8.86	0.0
0	828	8.83	0.0
0	829	8.76	7.34
0	830	8.74	6.04
0	831	8.74	6.88
0	832	8.74	5.94
0	833	8.67	0.0
0	834	8.67	7.61
0	835	8.65	6.83
0	836	8.64	0.0
0	837	8.64	0.0
0	838	8.63	7.46
0	839	8.62	0.0
0	840	8.57	1.55
0	841	8.57	6.41
0	842	8.55	0.0
0	843	8.54	0.0
0	844	8.52	0.0
0	845	8.51	4.13
0	846	8.48	0.0
0	847	8.47	4.73
0	848	8.42	0.0
0	849	8.4	8.16
0	850	8.4	5.19
0	851	8.39	0.0
0	852	8.38	0.0
0	853	8.38	0.0
0	854	8.36	3.51
0	855	8.33	6.46
0	856	8.33	6.23
0	857	8.31	1.38
0	858	8.28	0.0
0	859	8.27	1.08
0	860	8.26	0.0
0	861	8.25	6.84
0	862	8.23	4.1
0	863	8.21	0.0
0	864	8.19	5.86
0	865	8.18	6.88
0	866	8.16	4.32
0	867	8.12	0.0
0	868	8.1	3.55
0	869	8.1	4.43
0	870	8.05	0.0
0	871	8.04	5.97
0	872	8.04	0.0
0	873	8.0	7.56
0	874	7.99	0.0
0	875	7.99	7.56
0	876	7.98	3.15
0	877	7.97	7.6
0	878	7.96	5.3
0	879	7.94	0.0
0	880	7.9	3.46
0	881	7.9	0.0
0	882	7.89	3.82
0	883	7.86	1.69
0	884	7.83	7.74
0	885	7.82	2.73
0	886	7.82	7.62
0	887	7.8	0.0
0	888	7.74	0.0
0	889	7.74	1.26
0	890	7.73	0.0
0	891	7.72	0.0
0	892	7.72	0.0
0	893	7.72	0.0
0	894	7.7	0.0
0	895	7.68	0.0
0	896	7.68	3.47
0	897	7.67	0.87
0	898	7.62	6.93
0	899	7.61	0.0
0	900	7.61	6.72
0	901	7.59	6.9
0	902	7.58	1.34
0	903	7.58	3.65
0	904	7.56	5.09
0	905	7.55	0.0
0	906	7.55	0.0
0	907	7.55	0.0
0	908	7.5	0.0
0	909	7.5	0.0
0	910	7.49	6.2
0	911	7.49	0.0
0	912	7.47	0.0
0	913	7.47	4.21
0	914	7.47	0.0
0	915	7.46	0.0
0	916	7.45	2.02
0	917	7.45	0.0
0	918	7.42	0.0
0	919	7.38	0.0
0	920	7.38	0.0
0	921	7.35	7.26
0	922	7.34	6.39
0	923	7.31	4.32
0	924	7.3	0.0
0	925	7.27	4.12
0	926	7.22	0.0
0	927	7.22	0.0
0	928	7.21	6.49
0	929	7.21	4.78
0	930	7.19	5.25
0	931	7.19	6.96
0	932	7.19	4.98
0	933	7.13	0.01
0	934	7.13	2.53
0	935	7.12	3.64
0	936	7.11	0.0
0	937	7.09	2.83
0	938	7.06	0.0
0	939	7.06	0.0
0	940	7.06	1.73
0	941	7.06	0.0
0	942	7.06	3.51
0	943	7.06	3.46
0	944	7.05	3.94
0	945	7.02	2.07
0	946	6.99	0.0
0	947	6.96	0.0
0	948	6.95	0.0
0	949	6.95	0.0
0	950	6.93	0.0
0	951	6.93	0.0
0	952	6.91	0.0
0	953	6.88	0.0
0	954	6.88	0.0
0	955	6.86	2.54
0	956	6.85	0.0
0	957	6.85	6.63
0	958	6.85	0.0
0	959	6.83	4.98
0	960	6.81	5.16
0	961	6.8	4.69
0	962	6.76	5.74
0	963	6.76	0.0
0	964	6.76	0.0
0	965	6.75	5.83
0	966	6.73	0.0
0	967	6.72	0.0
0	968	6.72	0.0
0	969	6.71	0.0
0	970	6.71	0.0
0	971	6.71	4.24
0	972	6.69	1.81
0	973	6.69	0.0
0	974	6.64	1.75
0	975	6.63	0.0
0	976	6.62	6.38
0	977	6.62	0.0
0	978	6.62	3.64
0	979	6.61	0.0
0	980	6.61	0.0
0	981	6.6	1.66
0	982	6.6	0.0
0	983	6.6	2.29
0	984	6.59	3.23
0	985	6.57	4.57
0	986	6.56	0.0
0	987	6.54	2.44
0	988	6.53	0.0
0	989	6.5	4.24
0	990	6.49	0.0
0	991	6.49	0.0
0	992	6.47	0.0
0	993	6.47	3.22
0	994	6.45	0.0
0	995	6.44	0.0
0	996	6.42	5.42
0	997	6.41	5.84
0	998	6.4	0.0
0	999	6.38	0.44
0	1000	6.37	0.0
0	1001	6.37	3.8
0	1002	6.35	0.0
0	1003	6.35	0.0
0	1004	6.34	0.0
0	1005	6.32	0.0
0	1006	6.32	6.22
0	1007	6.32	2.82
0	1008	6.3	3.88
0	1009	6.29	0.0
0	1010	6.26	4.82
0	1011	6.25	6.24
0	1012	6.23	4.34
0	1013	6.23	5.62
0	1014	6.23	1.11
0	1015	6.22	0.0
0	1016	6.21	3.06
0	1017	6.21	0.0
0	1018	6.19	0.0
0	1019	6.17	0.0
0	1020	6.14	1.67
0	1021	6.14	5.73
0	1022	6.1	1.52
0	1023	6.1	0.0
0	1024	6.09	0.0
0	1025	6.09	1.02
0	1026	6.06	4.84
0	1027	6.05	1.73
0	1028	6.04	0.0
0	1029	6.01	0.0
0	1030	6.0	5.52
0	1031	6.0	3.2
0	1032	5.99	0.0
0	1033	5.97	0.0
0	1034	5.97	0.0
0	1035	5.95	0.0
0	1036	5.92	4.91
0	1037	5.91	5.52
0	1038	5.89	0.0
0	1039	5.88	0.0
0	1040	5.85	0.85
0	1041	5.84	0.0
0	1042	5.84	0.0
0	1043	5.83	5.51
0	1044	5.82	0.0
0	1045	5.81	2.09
0	1046	5.78	2.25
0	1047	5.78	0.0
0	1048	5.77	0.0
0	1049	5.74	1.56
0	1050	5.73	0.0
0	1051	5.73	4.91
0	1052	5.73	0.65
0	1053	5.73	0.0
0	1054	5.73	0.61
0	1055	5.72	0.0
0	1056	5.72	0.0
0	1057	5.71	0.0
0	1058	5.7	0.0
0	1059	5.7	0.0
0	1060	5.68	3.97
0	1061	5.66	0.0
0	1062	5.65	0.0
0	1063	5.64	0.13
0	1064	5.63	0.0
0	1065	5.61	0.0
0	1066	5.6	0.0
0	1067	5.57	0.0
0	1068	5.56	1.72
0	1069	5.55	0.0
0	1070	5.53	0.0
0	1071	5.52	0.0
0	1072	5.51	0.0
0	1073	5.51	0.0
0	1074	5.49	0.0
0	1075	5.47	0.0
0	1076	5.47	0.0
0	1077	5.45	3.77
0	1078	5.43	2.38
0	1079	5.42	1.67
0	1080	5.42	0.0
0	1081	5.4	1.34
0	1082	5.4	0.0
0	1083	5.38	0.0
0	1084	5.38	0.0
0	1085	5.37	3.21
0	1086	5.3	0.0
0	1087	5.3	0.0
0	1088	5.3	3.08
0	1089	5.28	0.0
0	1090	5.27	1.6
0	1091	5.26	4.38
0	1092	5.23	2.28
0	1093	5.2	0.0
0	1094	5.19	5.03
0	1095	5.18	0.0
0	1096	5.14	4.81
0	1097	5.13	0.0
0	1098	5.13	1.17
0	1099	5.12	0.0
0	1100	5.12	0.13
0	1101	5.12	0.0
0	1102	5.11	0.0
0	1103	5.08	5.03
0	1104	5.08	1.06
0	1105	5.07	3.69
0	1106	5.06	0.55
0	1107	5.05	0.0
0	1108	5.04	0.0
0	1109	5.03	0.0
0	1110	5.01	0.0
0	1111	4.99	0.0
0	1112	4.98	4.76
0	1113	4.97	0.0
0	1114	4.96	0.0
0	1115	4.93	0.0
0	1116	4.9	3.02
0	1117	4.9	3.87
0	1118	4.89	1.05
0	1119	4.88	3.89
0	1120	4.87	3.74
0	1121	4.85	0.0
0	1122	4.83	0.0
0	1123	4.82	0.0
0	1124	4.81	0.0
0	1125	4.81	0.0
0	1126	4.81	0.0
0	1127	4.8	0.0
0	1128	4.79	0.0
0	1129	4.79	0.99
0	1130	4.78	0.0
0	1131	4.77	0.98
0	1132	4.71	2.91
0	1133	4.7	0.0
0	1134	4.69	0.0
0	1135	4.68	0.0
0	1136	4.68	4.35
0	1137	4.68	0.0
0	1138	4.68	0.0
0	1139	4.67	1.25
0	1140	4.66	0.0
0	1141	4.66	1.47
0	1142	4.65	4.37
0	1143	4.65	0.0
0	1144	4.65	0.0
0	1145	4.64	4.23
0	1146	4.6	1.84
0	1147	4.59	1.05
0	1148	4.57	0.29
0	1149	4.57	1.81
0	1150	4.57	0.0
0	1151	4.57	0.0
0	1152	4.57	0.0
0	1153	4.56	0.0
0	1154	4.56	0.0
0	1155	4.55	0.0
0	1156	4.55	3.24
0	1157	4.5	1.49
0	1158	4.47	1.8
0	1159	4.47	1.59
0	1160	4.47	0.0
0	1161	4.45	0.0
0	1162	4.44	0.0
0	1163	4.43	0.1
0	1164	4.42	0.0
0	1165	4.41	0.0
0	1166	4.4	0.0
0	1167	4.4	3.7
0	1168	4.38	0.0
0	1169	4.3	0.0
0	1170	4.29	0.0
0	1171	4.28	2.77
0	1172	4.27	1.74
0	1173	4.26	0.0
0	1174	4.26	0.0
0	1175	4.26	0.0
0	1176	4.25	0.0
0	1177	4.22	0.0
0	1178	4.21	0.0
0	1179	4.21	0.0
0	1180	4.21	0.0
0	1181	4.19	3.18
0	1182	4.19	0.0
0	1183	4.16	0.0
0	1184	4.15	0.0
0	1185	4.15	0.0
0	1186	4.15	2.87
0	1187	4.12	0.0
0	1188	4.12	1.55
0	1189	4.12	3.02
0	1190	4.09	0.0
0	1191	4.08	3.02
0	1192	4.08	0.0
0	1193	4.08	0.0
0	1194	4.06	2.13
0	1195	4.05	3.96
0	1196	4.04	0.0
0	1197	4.01	0.21
0	1198	3.99	0.0
0	1199	3.98	3.12
0	1200	3.97	2.05
0	1201	3.97	3.18
0	1202	3.97	0.0
0	1203	3.94	0.0
0	1204	3.93	0.0
0	1205	3.9	0.0
0	1206	3.89	0.11
0	1207	3.87	0.0
0	1208	3.82	0.0
0	1209	3.81	0.0
0	1210	3.8	0.0
0	1211	3.8	0.0
0	1212	3.78	0.0
0	1213	3.76	0.0
0	1214	3.71	0.33
0	1215	3.69	0.0
0	1216	3.69	0.0
0	1217	3.65	0.0
0	1218	3.64	3.01
0	1219	3.64	1.94
0	1220	3.61	0.0
0	1221	3.6	0.0
0	1222	3.58	0.0
0	1223	3.58	0.0
0	1224	3.58	0.07
0	1225	3.58	2.14
0	1226	3.57	0.0
0	1227	3.55	2.29
0	1228	3.55	0.52
0	1229	3.53	0.0
0	1230	3.52	0.0
0	1231	3.51	0.0
0	1232	3.5	0.0
0	1233	3.5	2.89
0	1234	3.49	0.63
0	1235	3.49	1.56
0	1236	3.48	0.0
0	1237	3.48	3.03
0	1238	3.47	0.0
0	1239	3.47	2.43
0	1240	3.46	0.0
0	1241	3.46	0.0
0	1242	3.46	0.0
0	1243	3.45	0.0
0	1244	3.45	1.24
0	1245	3.45	1.41
0	1246	3.42	0.0
0	1247	3.42	1.93
0	1248	3.41	0.0
0	1249	3.4	0.32
0	1250	3.39	3.26
0	1251	3.39	3.11
0	1252	3.38	0.0
0	1253	3.37	0.0
0	1254	3.35	1.75
0	1255	3.34	0.0
0	1256	3.34	2.22
0	1257	3.34	0.0
0	1258	3.33	0.0
0	1259	3.33	0.43
0	1260	3.32	0.0
0	1261	3.29	1.61
0	1262	3.29	2.25
0	1263	3.27	1.31
0	1264	3.25	0.0
0	1265	3.24	0.0
0	1266	3.23	1.47
0	1267	3.23	0.0
0	1268	3.23	0.0
0	1269	3.2	0.0
0	1270	3.2	2.18
0	1271	3.18	0.0
0	1272	3.15	0.0
0	1273	3.14	0.0
0	1274	3.14	0.0
0	1275	3.11	2.92
0	1276	3.1	0.0
0	1277	3.09	2.06
0	1278	3.08	0.74
0	1279	3.08	0.0
0	1280	3.07	0.0
0	1281	3.03	0.23
0	1282	3.02	0.86
0	1283	3.02	0.0
0	1284	3.01	0.0
0	1285	3.0	2.59
0	1286	2.99	1.11
0	1287	2.97	0.0
0	1288	2.97	0.0
0	1289	2.96	0.0
0	1290	2.95	0.0
0	1291	2.94	0.0
0	1292	2.94	0.25
0	1293	2.93	0.97
0	1294	2.91	0.0
0	1295	2.9	0.0
0	1296	2.9	0.0
0	1297	2.89	0.0
0	1298	2.86	0.18
0	1299	2.85	0.0
0	1300	2.85	0.0
0	1301	2.84	0.0
0	1302	2.81	0.0
0	1303	2.8	0.0
0	1304	2.77	0.0
0	1305	2.77	0.0
0	1306	2.74	1.25
0	1307	2.73	1.86
0	1308	2.7	0.0
0	1309	2.7	0.0
0	1310	2.7	0.0
0	1311	2.7	0.0
0	1312	2.69	0.0
0	1313	2.68	1.79
0	1314	2.67	0.98
0	1315	2.64	2.46
0	1316	2.63	0.0
0	1317	2.63	0.0
0	1318	2.62	1.71
0	1319	2.62	0.0
0	1320	2.62	0.0
0	1321	2.61	0.0
0	1322	2.6	0.0
0	1323	2.6	0.0
0	1324	2.58	0.0
0	1325	2.58	0.0
0	1326	2.56	2.29
0	1327	2.53	0.0
0	1328	2.52	0.0
0	1329	2.52	0.0
0	1330	2.52	0.0
0	1331	2.51	0.0
0	1332	2.51	0.0
0	1333	2.5	0.0
0	1334	2.5	1.11
0	1335	2.49	0.0
0	1336	2.49	0.0
0	1337	2.49	0.0
0	1338	2.49	0.0
0	1339	2.48	1.49
0	1340	2.48	1.3
0	1341	2.46	0.07
0	1342	2.45	0.71
0	1343	2.44	0.0
0	1344	2.44	0.0
0	1345	2.44	0.0
0	1346	2.41	0.0
0	1347	2.41	1.79
0	1348	2.39	2.35
0	1349	2.38	0.85
0	1350	2.38	0.0
0	1351	2.37	0.0
0	1352	2.36	0.0
0	1353	2.35	0.0
0	1354	2.35	0.0
0	1355	2.35	0.0
0	1356	2.33	0.0
0	1357	2.32	0.0
0	1358	2.31	0.0
0	1359	2.31	0.0
0	1360	2.29	0.0
0	1361	2.27	0.0
0	1362	2.27	0.08
0	1363	2.26	0.0
0	1364	2.26	0.0
0	1365	2.24	0.24
0	1366	2.23	0.0
0	1367	2.23	0.0
0	1368	2.23	1.92
0	1369	2.22	0.0
0	1370	2.22	0.0
0	1371	2.21	0.0
0	1372	2.19	2.13
0	1373	2.19	0.0
0	1374	2.19	0.0
0	1375	2.18	1.09
0	1376	2.17	0.0
0	1377	2.17	0.0
0	1378	2.15	0.0
0	1379	2.12	0.0
0	1380	2.11	0.16
0	1381	2.1	0.0
0	1382	2.08	0.35
0	1383	2.08	0.0
0	1384	2.08	0.07
0	1385	2.03	0.0
0	1386	2.02	0.0
0	1387	2.01	0.0
0	1388	1.99	0.8
0	1389	1.97	0.0
0	1390	1.95	0.0
0	1391	1.95	0.56
0	1392	1.95	0.0
0	1393	1.94	0.0
0	1394	1.92	0.0
0	1395	1.92	0.0
0	1396	1.91	0.0
0	1397	1.89	0.0
0	1398	1.89	0.0
0	1399	1.86	0.0
0	1400	1.86	0.0
0	1401	1.85	0.0
0	1402	1.85	0.0
0	1403	1.84	0.0
0	1404	1.84	0.0
0	1405	1.81	0.0
0	1406	1.8	0.0
0	1407	1.79	1.65
0	1408	1.78	0.0
0	1409	1.77	0.0
0	1410	1.77	0.06
0	1411	1.76	0.0
0	1412	1.75	0.0
0	1413	1.74	0.0
0	1414	1.73	0.0
0	1415	1.72	0.06
0	1416	1.72	0.0
0	1417	1.72	0.0
0	1418	1.71	0.0
0	1419	1.7	1.27
0	1420	1.69	1.37
0	1421	1.68	0.0
0	1422	1.68	0.0
0	1423	1.65	0.0
0	1424	1.64	0.48
0	1425	1.64	0.0
0	1426	1.63	0.0
0	1427	1.63	0.0
0	1428	1.6	0.0
0	1429	1.6	0.0
0	1430	1.59	0.0
0	1431	1.59	0.0
0	1432	1.59	0.0
0	1433	1.58	0.0
0	1434	1.57	0.0
0	1435	1.57	0.0
0	1436	1.57	0.0
0	1437	1.56	1.05
0	1438	1.56	0.0
0	1439	1.55	0.0
0	1440	1.55	0.0
0	1441	1.55	0.72
0	1442	1.55	0.0
0	1443	1.53	0.0
0	1444	1.51	0.0
0	1445	1.51	0.22
0	1446	1.5	0.6
0	1447	1.49	0.0
0	1448	1.49	0.52
0	1449	1.46	0.96
0	1450	1.46	0.0
0	1451	1.46	0.0
0	1452	1.46	0.0
0	1453	1.46	0.0
0	1454	1.45	0.0
0	1455	1.44	0.0
0	1456	1.44	0.0
0	1457	1.43	0.0
0	1458	1.42	0.0
0	1459	1.41	0.0
0	1460	1.38	0.0
0	1461	1.36	1.19
0	1462	1.36	0.0
0	1463	1.35	0.0
0	1464	1.33	0.29
0	1465	1.33	0.0
0	1466	1.33	0.0
0	1467	1.3	0.0
0	1468	1.29	0.0
0	1469	1.28	0.0
0	1470	1.28	0.0
0	1471	1.25	0.0
0	1472	1.24	0.0
0	1473	1.23	0.0
0	1474	1.22	0.0
0	1475	1.22	0.0
0	1476	1.22	0.0
0	1477	1.2	0.0
0	1478	1.2	0.0
0	1479	1.19	0.0
0	1480	1.18	0.0
0	1481	1.18	0.0
0	1482	1.17	0.0
0	1483	1.15	0.0
0	1484	1.15	0.0
0	1485	1.14	0.0
0	1486	1.14	0.0
0	1487	1.13	0.0
0	1488	1.12	0.0
0	1489	1.08	0.0
0	1490	1.07	0.0
0	1491	1.05	0.0
0	1492	1.05	0.0
0	1493	1.05	0.0
0	1494	1.03	0.0
0	1495	1.01	0.0
0	1496	1.01	0.0
0	1497	1.01	0.0
0	1498	0.99	0.0
0	1499	0.98	0.0
0	1500	0.97	0.0
0	1501	0.96	0.0
0	1502	0.95	0.0
0	1503	0.94	0.0
0	1504	0.94	0.0
0	1505	0.94	0.0
0	1506	0.92	0.0
0	1507	0.92	0.0
0	1508	0.87	0.68
0	1509	0.87	0.3
0	1510	0.85	0.0
0	1511	0.84	0.0
0	1512	0.83	0.0
0	1513	0.82	0.0
0	1514	0.82	0.0
0	1515	0.82	0.0
0	1516	0.82	0.0
0	1517	0.8	0.0
0	1518	0.78	0.0
0	1519	0.77	0.53
0	1520	0.77	0.0
0	1521	0.76	0.0
0	1522	0.75	0.0
0	1523	0.75	0.0
0	1524	0.74	0.0
0	1525	0.73	0.61
0	1526	0.72	0.0
0	1527	0.71	0.29
0	1528	0.71	0.0
0	1529	0.71	0.0
0	1530	0.69	0.0
0	1531	0.67	0.0
0	1532	0.66	0.0
0	1533	0.66	0.0
0	1534	0.65	0.0
0	1535	0.65	0.0
0	1536	0.65	0.0
0	1537	0.64	0.0
0	1538	0.63	0.0
0	1539	0.62	0.0
0	1540	0.61	0.0
0	1541	0.61	0.0
0	1542	0.6	0.0
0	1543	0.6	0.0
0	1544	0.59	0.08
0	1545	0.59	0.0
0	1546	0.58	0.0
0	1547	0.57	0.0
0	1548	0.57	0.0
0	1549	0.56	0.0
0	1550	0.56	0.0
0	1551	0.55	0.0
0	1552	0.55	0.0
0	1553	0.49	0.0
0	1554	0.45	0.0
0	1555	0.44	0.0
0	1556	0.44	0.0
0	1557	0.43	0.0
0	1558	0.42	0.0
0	1559	0.41	0.0
0	1560	0.4	0.0
0	1561	0.38	0.0
0	1562	0.38	0.0
0	1563	0.36	0.0
0	1564	0.36	0.27
0	1565	0.35	0.0
0	1566	0.35	0.0
0	1567	0.33	0.0
0	1568	0.32	0.0
0	1569	0.31	0.0
0	1570	0.31	0.0
0	1571	0.3	0.0
0	1572	0.29	0.0
0	1573	0.27	0.0
0	1574	0.27	0.0
0	1575	0.26	0.0
0	1576	0.26	0.0
0	1577	0.25	0.0
0	1578	0.24	0.0
0	1579	0.23	0.0
0	1580	0.23	0.0
0	1581	0.22	0.0
0	1582	0.22	0.0
0	1583	0.22	0.0
0	1584	0.17	0.0
0	1585	0.17	0.0
0	1586	0.16	0.0
0	1587	0.14	0.0
0	1588	0.13	0.0
0	1589	0.13	0.0
0	1590	0.13	0.0
0	1591	0.13	0.0
0	1592	0.09	0.0
0	1593	0.08	0.0
0	1594	0.07	0.0
0	1595	0.07	0.0
0	1596	0.07	0.0
0	1597	0.07	0.0
0	1598	0.05	0.0
0	1599	0.05	0.0
0	1600	0.04	0.0
0	1601	0.03	0.0
0	1602	0.02	0.0
0	1603	0.02	0.0
0	1604	0.01	0.0
