clade	species	ts	te
0	1	100.0	72.32
0	2	96.42	95.93
0	3	80.14	77.2
0	4	77.63	72.33
0	5	76.44	63.95
0	6	74.5	71.88
0	7	74.13	47.4
0	8	66.7	45.92
0	9	66.09	56.19
0	10	60.84	50.55
0	11	59.03	48.14
0	12	58.11	50.43
0	13	57.98	52.2
0	14	57.83	52.47
0	15	57.63	35.84
0	16	57.47	43.24
0	17	57.35	52.96
0	18	56.67	3.56
0	19	56.64	42.84
0	20	56.25	40.66
0	21	55.92	40.76
0	22	55.48	44.18
0	23	55.01	38.55
0	24	54.25	25.32
0	25	54.06	47.53
0	26	53.59	49.1
0	27	53.37	36.38
0	28	53.36	45.31
0	29	53.0	51.23
0	30	52.35	47.19
0	31	51.95	41.45
0	32	51.74	45.52
0	33	51.59	46.89
0	34	51.49	43.15
0	35	51.12	50.82
0	36	51.05	49.83
0	37	50.8	50.44
0	38	50.27	49.6
0	39	49.94	47.28
0	40	49.77	49.64
0	41	49.58	46.16
0	42	49.57	47.78
0	43	49.53	48.67
0	44	49.47	49.13
0	45	49.46	48.69
0	46	49.25	23.68
0	47	48.98	44.98
0	48	48.81	44.74
0	49	48.32	28.83
0	50	47.47	44.18
0	51	46.85	10.21
0	52	46.74	42.45
0	53	46.66	43.5
0	54	46.39	43.52
0	55	46.35	45.05
0	56	46.33	26.94
0	57	46.07	0.0
0	58	45.83	45.42
0	59	45.75	19.82
0	60	45.74	37.31
0	61	45.74	39.53
0	62	45.56	42.54
0	63	45.24	38.11
0	64	45.17	37.14
0	65	45.17	0.0
0	66	44.95	39.92
0	67	44.92	44.84
0	68	44.91	41.15
0	69	44.9	44.81
0	70	44.55	4.72
0	71	44.4	39.79
0	72	44.33	39.67
0	73	44.3	29.63
0	74	44.07	39.96
0	75	43.97	5.97
0	76	43.7	34.92
0	77	43.54	38.7
0	78	43.31	29.45
0	79	43.12	41.2
0	80	43.07	22.2
0	81	42.76	30.59
0	82	42.66	42.63
0	83	42.62	40.52
0	84	42.14	39.59
0	85	42.08	25.35
0	86	41.71	31.83
0	87	41.59	25.55
0	88	41.57	41.42
0	89	41.47	29.11
0	90	40.91	26.75
0	91	40.11	29.65
0	92	39.86	36.04
0	93	39.51	35.22
0	94	39.08	29.2
0	95	38.98	38.11
0	96	38.72	38.03
0	97	38.65	32.3
0	98	38.61	26.4
0	99	38.0	36.67
0	100	37.98	23.42
0	101	37.94	19.88
0	102	37.51	17.47
0	103	37.04	0.0
0	104	36.64	29.42
0	105	36.63	36.13
0	106	36.56	24.35
0	107	36.37	25.68
0	108	36.2	26.77
0	109	36.15	13.27
0	110	36.12	35.09
0	111	35.97	8.01
0	112	35.78	19.3
0	113	35.39	17.82
0	114	35.26	34.1
0	115	34.85	19.16
0	116	34.8	29.45
0	117	34.48	1.78
0	118	34.35	28.4
0	119	34.15	32.59
0	120	34.13	33.57
0	121	34.11	10.24
0	122	34.1	21.3
0	123	33.86	12.96
0	124	33.76	27.17
0	125	33.74	28.22
0	126	33.52	30.55
0	127	33.21	32.03
0	128	33.19	24.86
0	129	32.87	27.97
0	130	32.82	23.12
0	131	32.79	26.98
0	132	32.48	0.0
0	133	32.3	19.08
0	134	32.08	9.78
0	135	32.03	19.88
0	136	31.96	24.91
0	137	31.87	2.85
0	138	31.72	30.9
0	139	31.7	29.76
0	140	31.34	28.64
0	141	31.25	23.76
0	142	31.19	15.6
0	143	31.17	0.0
0	144	31.13	16.77
0	145	31.11	19.19
0	146	31.09	29.05
0	147	31.07	15.29
0	148	30.96	14.92
0	149	30.95	21.59
0	150	30.93	25.68
0	151	30.9	7.48
0	152	30.88	22.45
0	153	30.88	8.03
0	154	30.84	29.46
0	155	30.84	0.18
0	156	30.78	29.21
0	157	30.77	23.63
0	158	30.72	24.69
0	159	30.7	27.26
0	160	30.64	25.77
0	161	30.59	0.0
0	162	30.52	0.63
0	163	30.46	29.91
0	164	30.33	27.44
0	165	30.32	22.73
0	166	30.24	11.59
0	167	30.24	27.35
0	168	30.21	20.07
0	169	30.2	27.43
0	170	30.14	18.34
0	171	30.1	18.33
0	172	30.01	23.47
0	173	29.96	17.18
0	174	29.96	17.25
0	175	29.93	25.84
0	176	29.77	16.04
0	177	29.65	24.52
0	178	29.63	28.09
0	179	29.61	21.39
0	180	29.58	28.04
0	181	29.48	15.62
0	182	29.43	17.43
0	183	29.43	24.13
0	184	29.25	7.06
0	185	29.21	25.6
0	186	29.2	27.31
0	187	29.1	20.29
0	188	29.01	0.92
0	189	28.98	1.35
0	190	28.96	28.57
0	191	28.92	13.06
0	192	28.87	21.41
0	193	28.75	28.31
0	194	28.74	4.16
0	195	28.7	24.01
0	196	28.67	20.87
0	197	28.59	25.3
0	198	28.52	19.23
0	199	28.5	27.15
0	200	28.46	27.78
0	201	28.41	0.0
0	202	28.2	16.73
0	203	28.14	27.1
0	204	28.1	19.26
0	205	28.03	23.18
0	206	27.93	25.24
0	207	27.83	11.68
0	208	27.58	15.0
0	209	27.55	15.41
0	210	27.5	24.38
0	211	27.45	23.02
0	212	27.33	17.77
0	213	27.26	9.38
0	214	27.25	7.78
0	215	27.21	25.84
0	216	27.2	21.67
0	217	27.13	24.75
0	218	27.13	0.0
0	219	27.11	18.86
0	220	27.06	19.61
0	221	27.05	23.33
0	222	27.02	17.83
0	223	26.99	3.49
0	224	26.94	22.09
0	225	26.88	0.0
0	226	26.76	19.61
0	227	26.73	26.06
0	228	26.68	9.27
0	229	26.64	21.14
0	230	26.57	8.32
0	231	26.41	21.64
0	232	26.39	21.32
0	233	26.31	16.36
0	234	26.26	16.83
0	235	26.2	1.49
0	236	26.15	25.97
0	237	26.08	24.66
0	238	26.05	21.13
0	239	25.98	24.43
0	240	25.94	5.02
0	241	25.93	18.27
0	242	25.93	14.34
0	243	25.92	24.62
0	244	25.77	12.13
0	245	25.7	22.86
0	246	25.67	2.21
0	247	25.66	24.32
0	248	25.62	19.5
0	249	25.58	20.49
0	250	25.57	15.33
0	251	25.45	9.3
0	252	25.45	23.97
0	253	25.44	25.21
0	254	25.41	22.57
0	255	25.4	22.4
0	256	25.37	18.19
0	257	25.34	6.15
0	258	25.3	19.72
0	259	25.27	18.82
0	260	25.17	24.75
0	261	25.17	21.7
0	262	25.15	21.75
0	263	25.05	0.0
0	264	24.9	19.57
0	265	24.9	22.86
0	266	24.84	8.92
0	267	24.81	22.9
0	268	24.8	0.0
0	269	24.77	20.05
0	270	24.72	0.0
0	271	24.66	19.42
0	272	24.61	12.45
0	273	24.46	23.44
0	274	24.45	14.68
0	275	24.37	15.67
0	276	24.19	23.6
0	277	24.19	9.19
0	278	24.14	20.16
0	279	24.03	6.48
0	280	24.02	18.19
0	281	23.99	4.64
0	282	23.95	18.41
0	283	23.91	20.18
0	284	23.89	21.63
0	285	23.85	21.05
0	286	23.81	21.95
0	287	23.69	18.08
0	288	23.67	20.03
0	289	23.63	21.41
0	290	23.58	2.98
0	291	23.52	18.97
0	292	23.45	19.82
0	293	23.45	20.33
0	294	23.44	9.77
0	295	23.41	4.9
0	296	23.23	14.59
0	297	23.12	5.6
0	298	23.11	15.81
0	299	23.09	11.45
0	300	23.09	6.7
0	301	23.06	9.57
0	302	23.05	18.56
0	303	23.01	0.0
0	304	22.98	10.94
0	305	22.92	18.53
0	306	22.7	18.43
0	307	22.68	6.55
0	308	22.68	5.09
0	309	22.58	13.14
0	310	22.55	21.12
0	311	22.49	0.0
0	312	22.41	0.0
0	313	22.39	21.98
0	314	22.37	18.11
0	315	22.37	9.25
0	316	22.25	7.23
0	317	22.23	16.88
0	318	22.22	17.45
0	319	22.16	13.47
0	320	22.14	8.99
0	321	22.04	10.07
0	322	22.02	4.16
0	323	22.01	0.0
0	324	22.01	0.0
0	325	21.99	1.62
0	326	21.99	1.76
0	327	21.97	0.0
0	328	21.97	21.39
0	329	21.94	0.0
0	330	21.93	18.62
0	331	21.82	16.16
0	332	21.73	14.28
0	333	21.62	0.0
0	334	21.6	0.0
0	335	21.6	9.32
0	336	21.59	20.71
0	337	21.49	19.77
0	338	21.47	21.03
0	339	21.43	21.18
0	340	21.41	15.38
0	341	21.36	14.71
0	342	21.23	1.99
0	343	21.23	7.62
0	344	21.18	0.0
0	345	21.16	11.44
0	346	21.15	16.59
0	347	21.14	21.11
0	348	21.12	20.06
0	349	21.09	0.0
0	350	21.03	10.66
0	351	21.01	17.89
0	352	20.95	4.52
0	353	20.94	19.6
0	354	20.92	3.4
0	355	20.88	16.13
0	356	20.84	20.09
0	357	20.83	19.79
0	358	20.77	12.94
0	359	20.75	8.81
0	360	20.73	14.14
0	361	20.72	9.92
0	362	20.71	18.77
0	363	20.64	17.37
0	364	20.63	20.21
0	365	20.51	5.63
0	366	20.51	0.0
0	367	20.46	18.16
0	368	20.46	19.36
0	369	20.41	4.94
0	370	20.37	13.11
0	371	20.33	6.28
0	372	20.33	15.51
0	373	20.27	4.69
0	374	20.23	19.03
0	375	20.21	15.4
0	376	20.17	16.16
0	377	20.16	20.05
0	378	20.14	8.66
0	379	20.13	17.14
0	380	20.04	10.41
0	381	20.02	0.0
0	382	20.0	14.44
0	383	19.92	13.89
0	384	19.89	0.0
0	385	19.88	7.78
0	386	19.85	14.48
0	387	19.85	0.0
0	388	19.84	3.48
0	389	19.82	0.0
0	390	19.78	2.63
0	391	19.77	16.24
0	392	19.77	5.42
0	393	19.76	17.9
0	394	19.75	8.96
0	395	19.6	13.16
0	396	19.58	0.0
0	397	19.55	18.42
0	398	19.54	11.5
0	399	19.51	13.88
0	400	19.47	7.51
0	401	19.46	0.0
0	402	19.38	18.2
0	403	19.34	6.82
0	404	19.31	0.0
0	405	19.28	12.23
0	406	19.27	14.01
0	407	19.25	14.87
0	408	19.22	10.14
0	409	19.19	0.0
0	410	19.08	13.51
0	411	19.07	18.83
0	412	19.07	0.0
0	413	19.05	14.79
0	414	18.97	17.69
0	415	18.93	18.2
0	416	18.93	6.92
0	417	18.78	15.49
0	418	18.73	0.0
0	419	18.69	14.38
0	420	18.66	0.0
0	421	18.54	3.9
0	422	18.5	17.66
0	423	18.49	14.16
0	424	18.47	0.0
0	425	18.43	10.39
0	426	18.37	17.02
0	427	18.34	15.12
0	428	18.34	6.09
0	429	18.3	17.6
0	430	18.25	12.35
0	431	18.24	15.37
0	432	18.18	13.21
0	433	18.17	0.0
0	434	18.17	15.31
0	435	18.1	5.99
0	436	18.08	11.96
0	437	18.05	15.87
0	438	18.03	8.89
0	439	18.0	6.84
0	440	17.99	11.73
0	441	17.95	10.57
0	442	17.94	16.68
0	443	17.9	3.94
0	444	17.88	12.92
0	445	17.87	0.0
0	446	17.84	0.0
0	447	17.78	9.24
0	448	17.76	0.0
0	449	17.72	4.72
0	450	17.67	16.86
0	451	17.64	0.0
0	452	17.61	16.09
0	453	17.61	13.04
0	454	17.6	0.0
0	455	17.6	9.6
0	456	17.59	7.96
0	457	17.51	17.24
0	458	17.5	15.05
0	459	17.49	12.38
0	460	17.46	4.44
0	461	17.4	8.6
0	462	17.36	13.87
0	463	17.35	16.39
0	464	17.35	0.0
0	465	17.34	16.32
0	466	17.33	2.85
0	467	17.32	12.77
0	468	17.23	16.7
0	469	17.18	11.9
0	470	17.17	1.93
0	471	17.14	6.7
0	472	17.13	13.84
0	473	17.13	15.63
0	474	17.12	10.35
0	475	17.08	12.97
0	476	17.07	10.76
0	477	17.01	6.77
0	478	17.01	0.99
0	479	17.01	11.53
0	480	17.01	0.0
0	481	16.96	7.43
0	482	16.94	11.77
0	483	16.93	4.91
0	484	16.91	14.27
0	485	16.83	0.0
0	486	16.76	11.78
0	487	16.71	4.69
0	488	16.67	12.69
0	489	16.66	5.51
0	490	16.66	15.41
0	491	16.62	11.6
0	492	16.57	15.62
0	493	16.55	12.52
0	494	16.53	13.85
0	495	16.53	0.89
0	496	16.49	3.46
0	497	16.45	14.51
0	498	16.42	6.73
0	499	16.41	15.89
0	500	16.39	11.98
0	501	16.38	4.24
0	502	16.37	5.07
0	503	16.33	4.49
0	504	16.31	4.19
0	505	16.3	9.35
0	506	16.29	15.09
0	507	16.28	3.32
0	508	16.28	0.0
0	509	16.25	0.0
0	510	16.24	12.39
0	511	16.22	9.15
0	512	16.22	14.76
0	513	16.21	6.38
0	514	16.12	0.0
0	515	16.11	0.0
0	516	16.07	4.9
0	517	16.05	0.0
0	518	16.02	12.28
0	519	16.0	14.11
0	520	15.98	7.97
0	521	15.97	8.77
0	522	15.95	14.36
0	523	15.92	8.66
0	524	15.9	0.0
0	525	15.87	2.13
0	526	15.86	14.4
0	527	15.85	0.0
0	528	15.83	11.4
0	529	15.82	14.82
0	530	15.81	15.73
0	531	15.81	0.46
0	532	15.76	13.61
0	533	15.74	14.21
0	534	15.74	14.66
0	535	15.73	12.85
0	536	15.72	2.12
0	537	15.71	0.0
0	538	15.68	11.31
0	539	15.67	9.55
0	540	15.65	11.14
0	541	15.63	5.64
0	542	15.61	0.0
0	543	15.61	11.67
0	544	15.6	8.21
0	545	15.6	10.2
0	546	15.6	9.97
0	547	15.56	0.0
0	548	15.55	7.93
0	549	15.54	10.06
0	550	15.42	0.35
0	551	15.41	3.72
0	552	15.4	13.05
0	553	15.34	0.0
0	554	15.31	0.0
0	555	15.27	10.85
0	556	15.26	14.38
0	557	15.2	4.9
0	558	15.19	0.0
0	559	15.18	9.18
0	560	15.15	0.0
0	561	15.15	0.0
0	562	15.14	0.0
0	563	15.11	14.31
0	564	15.11	10.51
0	565	15.07	12.27
0	566	15.07	9.6
0	567	15.06	1.03
0	568	15.01	7.49
0	569	15.0	0.0
0	570	14.93	12.21
0	571	14.9	14.86
0	572	14.88	5.21
0	573	14.87	13.84
0	574	14.87	4.85
0	575	14.86	10.67
0	576	14.84	13.81
0	577	14.84	13.42
0	578	14.83	10.21
0	579	14.83	0.0
0	580	14.8	12.86
0	581	14.8	0.0
0	582	14.74	14.21
0	583	14.72	13.62
0	584	14.72	0.0
0	585	14.66	1.11
0	586	14.62	0.0
0	587	14.61	3.33
0	588	14.6	13.68
0	589	14.6	5.51
0	590	14.57	8.39
0	591	14.49	11.14
0	592	14.48	13.67
0	593	14.45	12.65
0	594	14.39	2.13
0	595	14.35	7.54
0	596	14.34	11.32
0	597	14.34	0.19
0	598	14.28	0.0
0	599	14.26	13.16
0	600	14.25	7.97
0	601	14.2	0.0
0	602	14.19	5.99
0	603	14.18	10.8
0	604	14.17	3.71
0	605	14.15	7.21
0	606	14.15	6.23
0	607	14.13	9.71
0	608	14.09	9.5
0	609	14.08	7.96
0	610	14.05	13.21
0	611	14.02	0.0
0	612	14.01	0.73
0	613	14.01	2.52
0	614	14.0	7.98
0	615	13.98	0.0
0	616	13.95	3.23
0	617	13.93	0.0
0	618	13.92	8.29
0	619	13.9	9.12
0	620	13.89	7.39
0	621	13.82	0.22
0	622	13.8	9.1
0	623	13.73	8.13
0	624	13.7	12.93
0	625	13.7	0.0
0	626	13.7	7.22
0	627	13.63	5.29
0	628	13.59	0.0
0	629	13.58	5.86
0	630	13.58	11.54
0	631	13.52	2.69
0	632	13.52	11.67
0	633	13.5	10.13
0	634	13.5	11.35
0	635	13.47	1.69
0	636	13.44	10.22
0	637	13.33	12.16
0	638	13.29	0.0
0	639	13.29	4.7
0	640	13.29	0.0
0	641	13.27	1.51
0	642	13.26	7.69
0	643	13.2	11.48
0	644	13.19	13.04
0	645	13.19	5.9
0	646	13.18	1.15
0	647	13.17	2.2
0	648	13.17	0.0
0	649	13.14	10.52
0	650	13.02	7.34
0	651	13.01	11.71
0	652	12.93	5.95
0	653	12.9	8.06
0	654	12.88	10.72
0	655	12.87	10.57
0	656	12.86	4.65
0	657	12.86	11.7
0	658	12.85	4.55
0	659	12.84	0.0
0	660	12.83	0.63
0	661	12.82	11.53
0	662	12.8	0.0
0	663	12.8	9.16
0	664	12.79	8.76
0	665	12.78	9.18
0	666	12.78	6.9
0	667	12.77	0.0
0	668	12.74	0.0
0	669	12.74	1.47
0	670	12.73	0.0
0	671	12.73	0.0
0	672	12.73	0.0
0	673	12.71	0.0
0	674	12.69	0.0
0	675	12.69	0.0
0	676	12.67	0.0
0	677	12.65	8.68
0	678	12.64	5.68
0	679	12.63	5.53
0	680	12.62	2.79
0	681	12.55	0.0
0	682	12.54	0.0
0	683	12.54	0.0
0	684	12.5	11.44
0	685	12.5	3.39
0	686	12.48	4.47
0	687	12.47	4.7
0	688	12.47	0.0
0	689	12.47	6.49
0	690	12.44	10.41
0	691	12.44	7.19
0	692	12.39	1.55
0	693	12.38	10.82
0	694	12.38	4.99
0	695	12.37	9.39
0	696	12.37	1.61
0	697	12.37	9.29
0	698	12.37	8.71
0	699	12.33	0.54
0	700	12.33	10.82
0	701	12.32	10.51
0	702	12.29	11.04
0	703	12.28	1.68
0	704	12.28	0.0
0	705	12.24	8.01
0	706	12.22	0.0
0	707	12.22	0.0
0	708	12.2	4.43
0	709	12.17	0.0
0	710	12.16	12.15
0	711	12.16	8.68
0	712	12.15	11.98
0	713	12.09	0.0
0	714	12.08	7.75
0	715	12.06	2.97
0	716	12.06	11.83
0	717	12.02	8.48
0	718	12.02	9.93
0	719	11.97	10.28
0	720	11.95	7.93
0	721	11.93	7.97
0	722	11.9	0.0
0	723	11.88	9.91
0	724	11.86	6.41
0	725	11.86	4.9
0	726	11.81	8.86
0	727	11.79	10.54
0	728	11.79	0.0
0	729	11.78	4.13
0	730	11.76	8.34
0	731	11.75	10.74
0	732	11.74	7.8
0	733	11.68	0.0
0	734	11.66	0.0
0	735	11.64	0.0
0	736	11.64	7.44
0	737	11.62	0.0
0	738	11.6	7.21
0	739	11.59	6.71
0	740	11.59	8.87
0	741	11.57	0.0
0	742	11.56	5.72
0	743	11.56	11.15
0	744	11.49	0.0
0	745	11.49	6.11
0	746	11.48	0.0
0	747	11.47	3.57
0	748	11.41	3.22
0	749	11.4	2.22
0	750	11.39	0.0
0	751	11.38	0.0
0	752	11.37	0.0
0	753	11.37	0.0
0	754	11.37	7.24
0	755	11.35	0.0
0	756	11.32	0.0
0	757	11.27	9.72
0	758	11.26	8.76
0	759	11.24	0.0
0	760	11.23	0.0
0	761	11.22	10.86
0	762	11.21	9.23
0	763	11.21	4.11
0	764	11.19	0.0
0	765	11.16	0.0
0	766	11.14	0.0
0	767	11.09	0.0
0	768	11.08	7.75
0	769	11.08	0.0
0	770	11.06	0.0
0	771	11.06	0.0
0	772	11.05	3.9
0	773	11.05	0.0
0	774	11.04	11.03
0	775	11.04	9.62
0	776	11.02	0.0
0	777	10.99	10.87
0	778	10.99	7.93
0	779	10.99	9.31
0	780	10.95	7.29
0	781	10.91	3.44
0	782	10.87	7.7
0	783	10.85	10.41
0	784	10.84	4.92
0	785	10.84	4.91
0	786	10.84	0.0
0	787	10.83	7.02
0	788	10.81	7.41
0	789	10.8	8.44
0	790	10.79	5.03
0	791	10.76	1.87
0	792	10.73	0.8
0	793	10.71	0.0
0	794	10.7	10.42
0	795	10.67	2.51
0	796	10.67	6.0
0	797	10.64	9.85
0	798	10.61	2.78
0	799	10.61	0.3
0	800	10.61	6.88
0	801	10.61	10.04
0	802	10.6	9.37
0	803	10.54	0.0
0	804	10.54	7.37
0	805	10.49	2.73
0	806	10.48	2.07
0	807	10.47	4.34
0	808	10.47	0.0
0	809	10.47	9.33
0	810	10.45	9.46
0	811	10.44	8.82
0	812	10.44	3.55
0	813	10.43	2.54
0	814	10.43	7.45
0	815	10.43	0.0
0	816	10.43	6.8
0	817	10.42	9.49
0	818	10.42	9.54
0	819	10.42	0.0
0	820	10.41	6.15
0	821	10.41	2.43
0	822	10.41	9.24
0	823	10.41	10.35
0	824	10.4	1.15
0	825	10.4	7.12
0	826	10.4	9.13
0	827	10.34	0.0
0	828	10.34	0.0
0	829	10.33	0.0
0	830	10.33	0.0
0	831	10.32	0.0
0	832	10.32	6.18
0	833	10.3	1.19
0	834	10.29	0.0
0	835	10.29	5.69
0	836	10.28	0.0
0	837	10.24	4.6
0	838	10.22	0.0
0	839	10.22	8.33
0	840	10.21	0.0
0	841	10.2	0.0
0	842	10.16	5.36
0	843	10.15	2.08
0	844	10.15	3.26
0	845	10.14	0.0
0	846	10.14	2.79
0	847	10.11	0.0
0	848	10.09	0.0
0	849	10.09	2.06
0	850	10.08	6.25
0	851	10.07	0.0
0	852	10.06	3.06
0	853	10.05	0.0
0	854	10.03	0.0
0	855	10.03	7.82
0	856	10.01	0.0
0	857	10.0	0.71
0	858	9.98	0.0
0	859	9.96	0.0
0	860	9.96	7.97
0	861	9.94	0.16
0	862	9.93	0.0
0	863	9.9	4.67
0	864	9.89	3.38
0	865	9.86	0.0
0	866	9.85	0.0
0	867	9.81	0.0
0	868	9.81	7.99
0	869	9.8	8.39
0	870	9.79	0.0
0	871	9.77	9.62
0	872	9.76	5.46
0	873	9.76	0.0
0	874	9.76	8.52
0	875	9.76	0.0
0	876	9.75	0.0
0	877	9.75	3.67
0	878	9.74	0.0
0	879	9.73	5.59
0	880	9.73	9.24
0	881	9.72	0.0
0	882	9.72	0.89
0	883	9.7	6.87
0	884	9.69	1.67
0	885	9.67	8.13
0	886	9.63	0.0
0	887	9.6	0.0
0	888	9.57	0.0
0	889	9.56	4.28
0	890	9.56	2.7
0	891	9.52	0.0
0	892	9.51	2.94
0	893	9.51	3.64
0	894	9.47	8.41
0	895	9.46	8.96
0	896	9.45	0.31
0	897	9.41	1.95
0	898	9.38	1.2
0	899	9.38	0.0
0	900	9.36	7.01
0	901	9.36	0.0
0	902	9.34	0.0
0	903	9.34	0.0
0	904	9.32	0.0
0	905	9.3	0.0
0	906	9.28	4.32
0	907	9.24	3.82
0	908	9.2	7.18
0	909	9.19	2.48
0	910	9.19	6.25
0	911	9.18	0.85
0	912	9.17	4.38
0	913	9.16	0.0
0	914	9.16	6.26
0	915	9.12	6.62
0	916	9.12	2.26
0	917	9.12	8.51
0	918	9.11	7.57
0	919	9.1	0.0
0	920	9.09	0.0
0	921	9.05	4.44
0	922	9.04	0.0
0	923	9.04	0.58
0	924	9.03	1.44
0	925	9.02	0.0
0	926	9.01	0.0
0	927	8.98	0.0
0	928	8.97	0.0
0	929	8.96	0.2
0	930	8.93	0.0
0	931	8.92	0.0
0	932	8.91	0.0
0	933	8.91	0.0
0	934	8.9	1.01
0	935	8.89	0.0
0	936	8.87	0.0
0	937	8.85	5.11
0	938	8.85	5.79
0	939	8.84	0.0
0	940	8.82	0.0
0	941	8.81	0.0
0	942	8.8	2.63
0	943	8.78	7.34
0	944	8.76	1.86
0	945	8.73	0.0
0	946	8.66	0.0
0	947	8.65	0.0
0	948	8.64	6.73
0	949	8.64	0.0
0	950	8.63	0.0
0	951	8.63	0.0
0	952	8.6	0.0
0	953	8.59	7.32
0	954	8.57	0.0
0	955	8.55	4.18
0	956	8.54	5.26
0	957	8.5	0.0
0	958	8.47	8.29
0	959	8.47	0.0
0	960	8.47	0.33
0	961	8.46	0.0
0	962	8.45	5.82
0	963	8.43	0.0
0	964	8.43	2.49
0	965	8.42	0.0
0	966	8.4	6.96
0	967	8.36	0.0
0	968	8.35	0.0
0	969	8.32	7.33
0	970	8.31	8.23
0	971	8.29	7.65
0	972	8.27	0.0
0	973	8.26	2.35
0	974	8.26	0.0
0	975	8.25	6.93
0	976	8.22	0.31
0	977	8.21	8.1
0	978	8.2	5.05
0	979	8.19	6.82
0	980	8.19	0.0
0	981	8.19	5.47
0	982	8.19	6.34
0	983	8.17	7.47
0	984	8.16	6.76
0	985	8.15	0.0
0	986	8.14	4.24
0	987	8.14	4.91
0	988	8.14	3.86
0	989	8.14	5.21
0	990	8.12	1.84
0	991	8.12	0.0
0	992	8.1	7.15
0	993	8.1	0.0
0	994	8.09	4.81
0	995	8.09	7.67
0	996	8.09	0.0
0	997	8.06	1.87
0	998	8.05	7.69
0	999	8.03	7.81
0	1000	8.02	0.0
0	1001	8.02	5.32
0	1002	8.01	0.0
0	1003	8.01	0.0
0	1004	8.01	0.0
0	1005	8.0	3.96
0	1006	7.98	6.11
0	1007	7.98	6.23
0	1008	7.97	0.0
0	1009	7.95	7.65
0	1010	7.92	0.0
0	1011	7.92	2.56
0	1012	7.91	0.0
0	1013	7.91	0.0
0	1014	7.9	0.0
0	1015	7.87	5.33
0	1016	7.85	0.0
0	1017	7.82	0.0
0	1018	7.79	7.72
0	1019	7.77	4.51
0	1020	7.74	2.46
0	1021	7.73	0.0
0	1022	7.72	4.16
0	1023	7.7	3.64
0	1024	7.7	0.0
0	1025	7.7	2.78
0	1026	7.68	0.0
0	1027	7.66	0.0
0	1028	7.65	6.33
0	1029	7.63	1.91
0	1030	7.62	1.99
0	1031	7.61	6.13
0	1032	7.61	0.0
0	1033	7.6	6.0
0	1034	7.6	0.0
0	1035	7.58	6.06
0	1036	7.58	5.42
0	1037	7.57	0.0
0	1038	7.57	0.0
0	1039	7.56	6.72
0	1040	7.55	0.0
0	1041	7.55	0.0
0	1042	7.54	6.4
0	1043	7.54	0.0
0	1044	7.54	3.72
0	1045	7.54	0.0
0	1046	7.53	2.68
0	1047	7.5	5.6
0	1048	7.46	5.32
0	1049	7.45	0.0
0	1050	7.44	5.02
0	1051	7.44	0.0
0	1052	7.43	0.0
0	1053	7.42	2.92
0	1054	7.42	6.35
0	1055	7.39	0.0
0	1056	7.38	0.0
0	1057	7.38	0.0
0	1058	7.35	3.42
0	1059	7.34	4.33
0	1060	7.34	0.0
0	1061	7.34	1.64
0	1062	7.33	4.07
0	1063	7.32	0.0
0	1064	7.31	0.0
0	1065	7.3	0.0
0	1066	7.29	0.0
0	1067	7.29	5.32
0	1068	7.28	0.0
0	1069	7.27	0.0
0	1070	7.26	6.84
0	1071	7.23	2.19
0	1072	7.23	0.0
0	1073	7.22	0.0
0	1074	7.21	0.0
0	1075	7.18	0.0
0	1076	7.18	0.0
0	1077	7.18	4.31
0	1078	7.17	0.0
0	1079	7.17	0.0
0	1080	7.16	0.0
0	1081	7.15	6.17
0	1082	7.14	6.74
0	1083	7.14	0.44
0	1084	7.13	6.91
0	1085	7.13	0.0
0	1086	7.11	0.0
0	1087	7.1	0.0
0	1088	7.08	1.95
0	1089	7.06	0.0
0	1090	7.04	6.74
0	1091	7.03	2.25
0	1092	7.01	0.0
0	1093	6.99	0.29
0	1094	6.99	0.0
0	1095	6.95	2.6
0	1096	6.95	0.69
0	1097	6.94	0.88
0	1098	6.93	0.0
0	1099	6.85	6.33
0	1100	6.84	0.0
0	1101	6.84	0.0
0	1102	6.82	0.0
0	1103	6.82	0.0
0	1104	6.8	5.64
0	1105	6.79	0.0
0	1106	6.79	0.0
0	1107	6.78	1.89
0	1108	6.78	2.84
0	1109	6.77	0.0
0	1110	6.73	0.0
0	1111	6.73	0.0
0	1112	6.72	0.0
0	1113	6.71	0.96
0	1114	6.7	0.84
0	1115	6.7	0.89
0	1116	6.7	5.88
0	1117	6.69	0.0
0	1118	6.62	0.84
0	1119	6.62	0.0
0	1120	6.61	0.0
0	1121	6.6	0.0
0	1122	6.59	5.21
0	1123	6.59	6.0
0	1124	6.55	0.95
0	1125	6.55	0.0
0	1126	6.54	5.51
0	1127	6.54	4.86
0	1128	6.53	0.0
0	1129	6.53	0.0
0	1130	6.53	0.0
0	1131	6.53	3.47
0	1132	6.53	0.0
0	1133	6.52	4.16
0	1134	6.52	4.78
0	1135	6.51	0.0
0	1136	6.49	0.0
0	1137	6.46	0.0
0	1138	6.44	0.84
0	1139	6.43	0.0
0	1140	6.42	3.51
0	1141	6.41	1.68
0	1142	6.4	0.0
0	1143	6.38	0.0
0	1144	6.37	0.0
0	1145	6.36	0.0
0	1146	6.35	0.0
0	1147	6.34	0.0
0	1148	6.33	5.86
0	1149	6.29	0.0
0	1150	6.28	0.0
0	1151	6.28	0.0
0	1152	6.27	0.0
0	1153	6.26	0.0
0	1154	6.26	0.0
0	1155	6.23	4.71
0	1156	6.22	0.0
0	1157	6.2	0.0
0	1158	6.19	0.0
0	1159	6.19	4.7
0	1160	6.18	0.48
0	1161	6.16	0.0
0	1162	6.13	1.59
0	1163	6.13	0.0
0	1164	6.12	0.0
0	1165	6.11	0.66
0	1166	6.1	5.24
0	1167	6.09	0.0
0	1168	6.06	0.0
0	1169	6.06	5.15
0	1170	6.05	5.11
0	1171	6.04	0.0
0	1172	6.04	0.0
0	1173	6.04	0.0
0	1174	6.03	3.91
0	1175	6.01	0.0
0	1176	6.01	2.6
0	1177	6.0	0.0
0	1178	5.99	0.0
0	1179	5.99	0.0
0	1180	5.98	4.21
0	1181	5.98	0.0
0	1182	5.97	0.0
0	1183	5.95	0.0
0	1184	5.95	5.2
0	1185	5.94	0.0
0	1186	5.94	0.0
0	1187	5.94	0.0
0	1188	5.93	2.77
0	1189	5.92	0.0
0	1190	5.91	0.0
0	1191	5.89	0.0
0	1192	5.88	0.0
0	1193	5.87	0.0
0	1194	5.87	0.0
0	1195	5.86	0.0
0	1196	5.84	0.0
0	1197	5.84	5.52
0	1198	5.83	2.57
0	1199	5.81	0.0
0	1200	5.8	0.0
0	1201	5.79	0.0
0	1202	5.78	1.67
0	1203	5.78	0.0
0	1204	5.78	2.83
0	1205	5.76	0.0
0	1206	5.76	3.53
0	1207	5.75	1.37
0	1208	5.75	0.0
0	1209	5.74	0.0
0	1210	5.74	0.0
0	1211	5.72	0.0
0	1212	5.72	5.28
0	1213	5.71	0.0
0	1214	5.71	0.0
0	1215	5.7	0.0
0	1216	5.68	3.75
0	1217	5.67	4.59
0	1218	5.65	1.54
0	1219	5.62	1.95
0	1220	5.62	0.0
0	1221	5.58	2.79
0	1222	5.57	0.0
0	1223	5.56	0.0
0	1224	5.56	2.29
0	1225	5.54	0.0
0	1226	5.53	0.0
0	1227	5.52	3.75
0	1228	5.51	5.33
0	1229	5.5	0.0
0	1230	5.5	3.85
0	1231	5.49	0.0
0	1232	5.48	4.31
0	1233	5.48	2.34
0	1234	5.48	4.57
0	1235	5.47	4.37
0	1236	5.46	0.0
0	1237	5.46	5.28
0	1238	5.46	0.0
0	1239	5.45	0.0
0	1240	5.45	0.0
0	1241	5.44	0.0
0	1242	5.44	0.0
0	1243	5.44	2.0
0	1244	5.44	3.07
0	1245	5.43	0.0
0	1246	5.42	4.43
0	1247	5.42	0.0
0	1248	5.42	1.04
0	1249	5.41	0.0
0	1250	5.37	0.0
0	1251	5.36	4.05
0	1252	5.35	0.0
0	1253	5.33	2.55
0	1254	5.33	0.0
0	1255	5.31	0.0
0	1256	5.31	0.0
0	1257	5.3	0.17
0	1258	5.29	0.0
0	1259	5.29	0.0
0	1260	5.29	0.0
0	1261	5.29	4.2
0	1262	5.28	3.82
0	1263	5.28	0.0
0	1264	5.27	0.0
0	1265	5.26	0.0
0	1266	5.26	2.84
0	1267	5.26	0.61
0	1268	5.25	0.35
0	1269	5.25	0.0
0	1270	5.25	0.0
0	1271	5.24	2.59
0	1272	5.24	0.0
0	1273	5.22	0.0
0	1274	5.22	3.7
0	1275	5.19	0.0
0	1276	5.19	3.95
0	1277	5.16	4.89
0	1278	5.16	0.0
0	1279	5.15	0.0
0	1280	5.15	3.82
0	1281	5.14	0.0
0	1282	5.13	0.0
0	1283	5.12	0.0
0	1284	5.11	0.0
0	1285	5.09	0.0
0	1286	5.08	2.48
0	1287	5.08	0.0
0	1288	5.06	0.0
0	1289	5.05	2.75
0	1290	5.05	0.0
0	1291	5.04	0.0
0	1292	5.04	4.42
0	1293	5.03	0.0
0	1294	5.01	0.0
0	1295	5.0	0.0
0	1296	5.0	0.0
0	1297	4.99	0.0
0	1298	4.97	0.0
0	1299	4.96	0.0
0	1300	4.94	0.12
0	1301	4.93	0.0
0	1302	4.91	0.0
0	1303	4.9	0.64
0	1304	4.9	3.96
0	1305	4.9	1.31
0	1306	4.88	0.0
0	1307	4.87	0.0
0	1308	4.85	0.0
0	1309	4.85	0.0
0	1310	4.85	0.0
0	1311	4.84	4.51
0	1312	4.83	0.0
0	1313	4.82	0.0
0	1314	4.8	0.0
0	1315	4.8	0.0
0	1316	4.78	0.0
0	1317	4.78	0.0
0	1318	4.77	0.0
0	1319	4.74	0.0
0	1320	4.74	0.0
0	1321	4.74	0.87
0	1322	4.74	0.0
0	1323	4.73	0.0
0	1324	4.72	0.0
0	1325	4.72	0.0
0	1326	4.71	0.0
0	1327	4.7	0.0
0	1328	4.67	0.0
0	1329	4.64	0.0
0	1330	4.64	1.35
0	1331	4.62	0.0
0	1332	4.61	0.0
0	1333	4.6	0.0
0	1334	4.59	0.0
0	1335	4.59	2.89
0	1336	4.59	3.74
0	1337	4.59	4.0
0	1338	4.55	0.0
0	1339	4.53	0.0
0	1340	4.53	0.0
0	1341	4.52	0.0
0	1342	4.52	0.64
0	1343	4.52	0.0
0	1344	4.52	3.47
0	1345	4.51	0.7
0	1346	4.49	2.02
0	1347	4.49	0.0
0	1348	4.47	1.86
0	1349	4.47	0.0
0	1350	4.46	0.0
0	1351	4.46	0.0
0	1352	4.44	3.24
0	1353	4.43	3.04
0	1354	4.42	0.0
0	1355	4.42	0.0
0	1356	4.41	0.0
0	1357	4.41	0.0
0	1358	4.41	0.0
0	1359	4.4	3.34
0	1360	4.39	1.47
0	1361	4.39	1.32
0	1362	4.37	0.0
0	1363	4.37	0.0
0	1364	4.37	0.0
0	1365	4.37	0.0
0	1366	4.35	0.41
0	1367	4.34	0.0
0	1368	4.33	1.99
0	1369	4.33	0.0
0	1370	4.33	3.52
0	1371	4.33	0.0
0	1372	4.32	0.0
0	1373	4.31	0.09
0	1374	4.3	0.0
0	1375	4.3	0.0
0	1376	4.3	3.12
0	1377	4.29	0.0
0	1378	4.27	0.0
0	1379	4.26	1.17
0	1380	4.24	0.0
0	1381	4.23	0.0
0	1382	4.23	0.0
0	1383	4.22	0.0
0	1384	4.2	0.0
0	1385	4.19	0.0
0	1386	4.17	0.0
0	1387	4.17	2.56
0	1388	4.16	0.0
0	1389	4.15	4.12
0	1390	4.15	0.0
0	1391	4.12	3.93
0	1392	4.12	0.0
0	1393	4.08	0.0
0	1394	4.07	0.0
0	1395	4.06	0.0
0	1396	4.04	0.0
0	1397	4.02	0.0
0	1398	4.02	0.0
0	1399	4.01	0.0
0	1400	4.0	0.0
0	1401	3.98	1.27
0	1402	3.98	0.45
0	1403	3.96	0.0
0	1404	3.93	0.0
0	1405	3.93	3.64
0	1406	3.93	0.0
0	1407	3.89	0.0
0	1408	3.88	1.08
0	1409	3.88	0.0
0	1410	3.88	0.0
0	1411	3.88	0.0
0	1412	3.88	1.36
0	1413	3.86	0.0
0	1414	3.86	0.0
0	1415	3.85	0.0
0	1416	3.85	0.78
0	1417	3.83	0.0
0	1418	3.82	1.13
0	1419	3.81	0.0
0	1420	3.81	3.26
0	1421	3.8	0.0
0	1422	3.8	2.87
0	1423	3.79	0.0
0	1424	3.78	0.0
0	1425	3.77	1.69
0	1426	3.77	0.0
0	1427	3.77	0.0
0	1428	3.77	0.0
0	1429	3.76	0.0
0	1430	3.75	0.0
0	1431	3.75	0.0
0	1432	3.73	0.81
0	1433	3.73	0.0
0	1434	3.71	0.0
0	1435	3.7	0.0
0	1436	3.69	1.87
0	1437	3.66	0.87
0	1438	3.66	0.0
0	1439	3.65	3.51
0	1440	3.61	0.0
0	1441	3.59	0.0
0	1442	3.58	0.0
0	1443	3.58	0.0
0	1444	3.56	1.72
0	1445	3.55	2.13
0	1446	3.55	0.0
0	1447	3.55	2.21
0	1448	3.55	0.0
0	1449	3.54	2.46
0	1450	3.51	3.23
0	1451	3.51	0.0
0	1452	3.5	1.32
0	1453	3.5	0.0
0	1454	3.49	0.23
0	1455	3.49	0.0
0	1456	3.49	0.0
0	1457	3.49	1.74
0	1458	3.48	0.0
0	1459	3.47	1.48
0	1460	3.42	0.0
0	1461	3.42	0.96
0	1462	3.41	2.49
0	1463	3.41	0.0
0	1464	3.4	1.21
0	1465	3.38	0.0
0	1466	3.38	0.44
0	1467	3.35	0.0
0	1468	3.35	0.0
0	1469	3.35	0.0
0	1470	3.35	0.11
0	1471	3.33	0.0
0	1472	3.33	0.38
0	1473	3.3	0.0
0	1474	3.29	0.0
0	1475	3.29	0.51
0	1476	3.29	0.41
0	1477	3.28	0.0
0	1478	3.27	2.54
0	1479	3.26	0.0
0	1480	3.25	0.0
0	1481	3.23	0.0
0	1482	3.23	0.97
0	1483	3.22	2.16
0	1484	3.22	0.0
0	1485	3.22	0.0
0	1486	3.21	0.0
0	1487	3.21	1.11
0	1488	3.2	0.0
0	1489	3.2	0.0
0	1490	3.19	0.0
0	1491	3.19	0.0
0	1492	3.18	0.0
0	1493	3.18	0.56
0	1494	3.16	0.0
0	1495	3.14	2.77
0	1496	3.14	0.0
0	1497	3.12	2.94
0	1498	3.12	0.0
0	1499	3.11	0.0
0	1500	3.1	2.58
0	1501	3.1	0.0
0	1502	3.08	1.59
0	1503	3.08	0.1
0	1504	3.08	0.0
0	1505	3.07	0.0
0	1506	3.07	0.0
0	1507	3.04	2.42
0	1508	3.04	0.0
0	1509	3.04	0.0
0	1510	3.03	0.0
0	1511	3.03	0.0
0	1512	3.02	0.0
0	1513	3.02	0.0
0	1514	3.0	1.51
0	1515	3.0	0.0
0	1516	2.98	0.0
0	1517	2.97	1.72
0	1518	2.95	0.0
0	1519	2.95	0.0
0	1520	2.95	0.0
0	1521	2.94	0.0
0	1522	2.94	0.0
0	1523	2.93	0.33
0	1524	2.92	0.0
0	1525	2.92	1.91
0	1526	2.91	0.0
0	1527	2.91	0.0
0	1528	2.88	0.0
0	1529	2.88	0.0
0	1530	2.86	1.27
0	1531	2.86	0.0
0	1532	2.86	0.0
0	1533	2.86	0.0
0	1534	2.84	0.52
0	1535	2.82	0.0
0	1536	2.82	2.1
0	1537	2.8	2.29
0	1538	2.8	0.0
0	1539	2.78	0.0
0	1540	2.78	1.78
0	1541	2.76	0.0
0	1542	2.76	0.26
0	1543	2.76	0.0
0	1544	2.76	0.0
0	1545	2.75	0.0
0	1546	2.74	0.0
0	1547	2.72	0.0
0	1548	2.71	0.15
0	1549	2.7	0.0
0	1550	2.7	0.0
0	1551	2.69	0.0
0	1552	2.68	2.44
0	1553	2.68	0.0
0	1554	2.67	0.0
0	1555	2.67	0.0
0	1556	2.62	2.52
0	1557	2.62	0.0
0	1558	2.6	0.0
0	1559	2.6	0.0
0	1560	2.59	0.0
0	1561	2.59	0.13
0	1562	2.58	0.0
0	1563	2.58	2.11
0	1564	2.58	0.0
0	1565	2.58	0.0
0	1566	2.58	0.53
0	1567	2.57	0.0
0	1568	2.57	1.38
0	1569	2.56	0.0
0	1570	2.55	0.0
0	1571	2.54	0.0
0	1572	2.53	0.0
0	1573	2.53	0.0
0	1574	2.51	0.0
0	1575	2.51	2.25
0	1576	2.51	0.0
0	1577	2.48	2.39
0	1578	2.46	0.0
0	1579	2.46	0.0
0	1580	2.45	0.0
0	1581	2.45	0.0
0	1582	2.44	2.09
0	1583	2.44	0.52
0	1584	2.43	0.0
0	1585	2.42	0.0
0	1586	2.42	0.0
0	1587	2.41	0.0
0	1588	2.4	0.0
0	1589	2.4	0.0
0	1590	2.39	0.0
0	1591	2.35	0.0
0	1592	2.35	0.75
0	1593	2.35	0.0
0	1594	2.35	2.22
0	1595	2.33	0.0
0	1596	2.33	0.0
0	1597	2.31	2.29
0	1598	2.3	0.0
0	1599	2.3	0.0
0	1600	2.3	0.0
0	1601	2.29	0.0
0	1602	2.28	0.0
0	1603	2.27	0.0
0	1604	2.26	0.0
0	1605	2.25	0.0
0	1606	2.25	0.0
0	1607	2.24	1.73
0	1608	2.24	0.0
0	1609	2.24	0.0
0	1610	2.24	0.0
0	1611	2.24	0.0
0	1612	2.23	0.0
0	1613	2.23	0.0
0	1614	2.23	0.28
0	1615	2.22	0.0
0	1616	2.22	0.0
0	1617	2.19	0.0
0	1618	2.19	0.0
0	1619	2.17	0.0
0	1620	2.17	0.0
0	1621	2.16	0.0
0	1622	2.16	0.0
0	1623	2.16	0.0
0	1624	2.16	1.58
0	1625	2.15	0.0
0	1626	2.14	0.0
0	1627	2.14	0.0
0	1628	2.14	2.1
0	1629	2.14	1.13
0	1630	2.12	0.0
0	1631	2.11	0.0
0	1632	2.1	0.0
0	1633	2.08	0.0
0	1634	2.08	0.0
0	1635	2.07	0.0
0	1636	2.06	0.0
0	1637	2.04	0.0
0	1638	2.04	0.0
0	1639	2.04	0.0
0	1640	2.02	0.0
0	1641	2.01	0.0
0	1642	1.99	0.0
0	1643	1.94	0.0
0	1644	1.94	0.0
0	1645	1.92	0.0
0	1646	1.9	0.95
0	1647	1.89	0.0
0	1648	1.89	0.0
0	1649	1.88	0.0
0	1650	1.88	0.0
0	1651	1.88	0.0
0	1652	1.87	0.0
0	1653	1.86	0.0
0	1654	1.85	0.0
0	1655	1.83	0.0
0	1656	1.81	0.0
0	1657	1.79	0.0
0	1658	1.79	0.0
0	1659	1.78	0.0
0	1660	1.77	0.0
0	1661	1.77	0.89
0	1662	1.75	0.0
0	1663	1.75	0.0
0	1664	1.75	0.0
0	1665	1.74	0.0
0	1666	1.74	0.0
0	1667	1.74	1.69
0	1668	1.71	0.0
0	1669	1.69	0.0
0	1670	1.68	1.57
0	1671	1.66	0.0
0	1672	1.63	0.0
0	1673	1.63	0.0
0	1674	1.61	0.0
0	1675	1.6	0.0
0	1676	1.6	1.3
0	1677	1.59	0.0
0	1678	1.58	0.0
0	1679	1.58	0.0
0	1680	1.58	0.0
0	1681	1.58	0.0
0	1682	1.56	0.0
0	1683	1.56	0.0
0	1684	1.55	0.0
0	1685	1.55	0.0
0	1686	1.55	0.0
0	1687	1.54	0.0
0	1688	1.53	0.0
0	1689	1.52	0.0
0	1690	1.52	0.0
0	1691	1.51	0.0
0	1692	1.51	0.07
0	1693	1.51	0.0
0	1694	1.5	0.0
0	1695	1.49	0.0
0	1696	1.49	0.0
0	1697	1.48	0.0
0	1698	1.48	0.0
0	1699	1.47	0.0
0	1700	1.47	0.0
0	1701	1.45	0.0
0	1702	1.44	0.0
0	1703	1.43	0.0
0	1704	1.42	0.0
0	1705	1.42	0.0
0	1706	1.41	0.16
0	1707	1.38	0.0
0	1708	1.38	0.0
0	1709	1.37	0.0
0	1710	1.37	0.0
0	1711	1.37	0.24
0	1712	1.35	0.0
0	1713	1.35	0.04
0	1714	1.35	0.0
0	1715	1.34	0.0
0	1716	1.34	0.0
0	1717	1.34	0.0
0	1718	1.33	0.0
0	1719	1.32	0.0
0	1720	1.31	0.0
0	1721	1.3	0.0
0	1722	1.29	0.0
0	1723	1.26	0.0
0	1724	1.25	0.0
0	1725	1.25	0.0
0	1726	1.24	0.64
0	1727	1.22	0.0
0	1728	1.22	0.0
0	1729	1.21	0.0
0	1730	1.2	0.0
0	1731	1.2	0.94
0	1732	1.2	0.0
0	1733	1.19	0.0
0	1734	1.19	0.0
0	1735	1.19	0.0
0	1736	1.18	0.0
0	1737	1.18	0.0
0	1738	1.18	0.0
0	1739	1.17	0.0
0	1740	1.16	0.0
0	1741	1.14	0.0
0	1742	1.13	0.0
0	1743	1.12	0.0
0	1744	1.12	0.0
0	1745	1.11	0.0
0	1746	1.1	0.0
0	1747	1.08	0.0
0	1748	1.08	0.0
0	1749	1.07	0.0
0	1750	1.06	0.47
0	1751	1.06	0.26
0	1752	1.05	0.0
0	1753	1.04	0.0
0	1754	1.01	0.0
0	1755	1.0	0.0
0	1756	0.99	0.0
0	1757	0.99	0.0
0	1758	0.99	0.0
0	1759	0.97	0.0
0	1760	0.97	0.0
0	1761	0.95	0.0
0	1762	0.94	0.0
0	1763	0.94	0.0
0	1764	0.93	0.0
0	1765	0.93	0.0
0	1766	0.93	0.0
0	1767	0.92	0.87
0	1768	0.91	0.0
0	1769	0.89	0.0
0	1770	0.87	0.0
0	1771	0.87	0.0
0	1772	0.85	0.0
0	1773	0.84	0.0
0	1774	0.83	0.0
0	1775	0.82	0.0
0	1776	0.8	0.0
0	1777	0.78	0.0
0	1778	0.78	0.0
0	1779	0.77	0.0
0	1780	0.77	0.0
0	1781	0.76	0.0
0	1782	0.73	0.45
0	1783	0.73	0.0
0	1784	0.72	0.0
0	1785	0.72	0.0
0	1786	0.71	0.0
0	1787	0.71	0.0
0	1788	0.71	0.0
0	1789	0.7	0.0
0	1790	0.69	0.0
0	1791	0.69	0.0
0	1792	0.68	0.0
0	1793	0.67	0.0
0	1794	0.67	0.0
0	1795	0.67	0.0
0	1796	0.67	0.0
0	1797	0.64	0.0
0	1798	0.64	0.0
0	1799	0.63	0.0
0	1800	0.61	0.0
0	1801	0.61	0.0
0	1802	0.6	0.0
0	1803	0.6	0.0
0	1804	0.6	0.0
0	1805	0.6	0.51
0	1806	0.6	0.0
0	1807	0.6	0.0
0	1808	0.58	0.0
0	1809	0.57	0.0
0	1810	0.56	0.0
0	1811	0.56	0.0
0	1812	0.55	0.0
0	1813	0.55	0.0
0	1814	0.55	0.0
0	1815	0.54	0.0
0	1816	0.54	0.0
0	1817	0.53	0.0
0	1818	0.51	0.0
0	1819	0.5	0.0
0	1820	0.5	0.0
0	1821	0.5	0.0
0	1822	0.49	0.0
0	1823	0.48	0.12
0	1824	0.48	0.0
0	1825	0.47	0.17
0	1826	0.45	0.0
0	1827	0.45	0.0
0	1828	0.42	0.0
0	1829	0.41	0.0
0	1830	0.4	0.0
0	1831	0.4	0.0
0	1832	0.39	0.0
0	1833	0.38	0.0
0	1834	0.38	0.0
0	1835	0.38	0.0
0	1836	0.38	0.0
0	1837	0.38	0.0
0	1838	0.37	0.0
0	1839	0.37	0.0
0	1840	0.36	0.0
0	1841	0.36	0.0
0	1842	0.36	0.0
0	1843	0.35	0.0
0	1844	0.35	0.0
0	1845	0.35	0.0
0	1846	0.34	0.0
0	1847	0.32	0.0
0	1848	0.31	0.28
0	1849	0.29	0.0
0	1850	0.29	0.0
0	1851	0.28	0.0
0	1852	0.28	0.0
0	1853	0.28	0.0
0	1854	0.27	0.0
0	1855	0.27	0.0
0	1856	0.27	0.0
0	1857	0.27	0.0
0	1858	0.25	0.0
0	1859	0.25	0.0
0	1860	0.24	0.0
0	1861	0.24	0.0
0	1862	0.22	0.0
0	1863	0.22	0.0
0	1864	0.21	0.0
0	1865	0.21	0.0
0	1866	0.21	0.0
0	1867	0.2	0.0
0	1868	0.2	0.0
0	1869	0.19	0.0
0	1870	0.18	0.0
0	1871	0.18	0.0
0	1872	0.18	0.0
0	1873	0.17	0.0
0	1874	0.16	0.0
0	1875	0.16	0.0
0	1876	0.15	0.0
0	1877	0.13	0.0
0	1878	0.12	0.0
0	1879	0.11	0.0
0	1880	0.1	0.0
0	1881	0.1	0.0
0	1882	0.08	0.0
0	1883	0.06	0.0
0	1884	0.05	0.0
0	1885	0.04	0.0
0	1886	0.04	0.0
0	1887	0.04	0.0
0	1888	0.04	0.0
0	1889	0.04	0.0
0	1890	0.03	0.0
0	1891	0.03	0.0
0	1892	0.02	0.0
0	1893	0.01	0.0
0	1894	0.01	0.0
