clade	species	ts	te
0	1	100.0	86.25
0	2	99.49	92.92
0	3	90.31	82.24
0	4	89.35	83.87
0	5	88.95	78.98
0	6	87.51	86.02
0	7	87.04	85.66
0	8	86.74	79.63
0	9	86.41	83.39
0	10	85.7	74.6
0	11	84.12	83.71
0	12	83.67	77.49
0	13	83.64	83.44
0	14	83.62	71.8
0	15	82.44	70.75
0	16	81.76	80.09
0	17	79.38	72.37
0	18	79.01	66.98
0	19	77.22	68.4
0	20	75.65	70.51
0	21	75.24	72.27
0	22	75.13	74.87
0	23	74.39	65.36
0	24	73.3	68.99
0	25	73.26	55.43
0	26	72.91	71.84
0	27	72.87	72.37
0	28	72.63	70.99
0	29	72.3	66.0
0	30	70.7	70.48
0	31	69.5	55.31
0	32	66.26	39.17
0	33	63.12	50.49
0	34	59.23	13.53
0	35	57.56	57.12
0	36	57.05	52.58
0	37	56.63	30.37
0	38	56.52	55.72
0	39	55.98	52.48
0	40	55.93	55.77
0	41	55.42	47.58
0	42	53.87	46.02
0	43	53.17	26.82
0	44	52.63	2.99
0	45	52.14	23.29
0	46	50.35	47.39
0	47	49.94	43.67
0	48	49.48	47.53
0	49	49.3	41.81
0	50	49.0	34.25
0	51	48.44	33.24
0	52	47.96	42.93
0	53	47.75	32.87
0	54	47.68	47.66
0	55	46.84	38.11
0	56	46.72	39.98
0	57	46.59	34.34
0	58	46.33	42.8
0	59	46.24	43.27
0	60	46.17	34.27
0	61	46.16	45.54
0	62	45.96	37.66
0	63	45.68	44.67
0	64	45.32	35.17
0	65	44.75	32.59
0	66	44.64	35.92
0	67	44.39	38.53
0	68	44.28	35.42
0	69	43.31	41.87
0	70	42.86	41.95
0	71	42.83	0.0
0	72	42.63	41.97
0	73	42.41	28.37
0	74	42.15	41.6
0	75	41.98	41.41
0	76	41.83	36.57
0	77	41.52	13.46
0	78	41.5	35.05
0	79	40.58	33.08
0	80	40.55	37.45
0	81	39.76	39.36
0	82	39.76	37.03
0	83	39.53	38.21
0	84	39.52	39.11
0	85	39.38	31.91
0	86	39.37	22.0
0	87	39.3	31.95
0	88	39.21	38.51
0	89	39.2	33.03
0	90	38.96	36.91
0	91	38.8	37.04
0	92	38.6	18.47
0	93	38.59	35.78
0	94	38.51	34.36
0	95	38.03	0.0
0	96	37.69	36.72
0	97	37.63	31.86
0	98	37.62	30.03
0	99	37.45	37.36
0	100	37.31	37.17
0	101	37.16	29.91
0	102	36.72	0.0
0	103	36.53	32.67
0	104	36.35	25.93
0	105	36.33	31.18
0	106	36.1	30.84
0	107	35.96	29.41
0	108	35.9	34.99
0	109	35.53	29.06
0	110	35.0	0.0
0	111	34.97	27.43
0	112	34.97	28.16
0	113	34.94	30.64
0	114	34.79	12.62
0	115	34.77	0.0
0	116	34.68	32.58
0	117	34.58	16.75
0	118	34.5	0.0
0	119	34.44	0.0
0	120	34.43	31.97
0	121	34.39	0.0
0	122	34.09	18.53
0	123	33.75	32.67
0	124	33.72	28.33
0	125	33.67	17.92
0	126	33.49	26.52
0	127	33.49	23.49
0	128	33.41	29.52
0	129	33.33	25.84
0	130	33.27	1.39
0	131	33.09	19.53
0	132	32.88	30.11
0	133	32.83	27.45
0	134	32.65	30.99
0	135	32.61	21.3
0	136	32.42	25.14
0	137	32.4	23.21
0	138	32.31	21.82
0	139	32.22	23.2
0	140	32.2	22.94
0	141	32.13	30.16
0	142	32.08	20.79
0	143	31.86	28.1
0	144	31.68	29.18
0	145	31.51	28.16
0	146	31.5	8.7
0	147	31.45	22.74
0	148	31.42	19.22
0	149	31.31	0.0
0	150	31.27	15.05
0	151	31.26	17.33
0	152	31.23	28.21
0	153	31.17	28.74
0	154	31.16	24.04
0	155	30.89	14.65
0	156	30.58	22.51
0	157	30.48	28.86
0	158	30.45	26.99
0	159	30.42	27.03
0	160	30.37	29.59
0	161	30.27	0.0
0	162	30.22	24.67
0	163	30.21	0.0
0	164	30.19	20.69
0	165	30.11	19.03
0	166	30.0	25.25
0	167	29.93	17.02
0	168	29.73	29.45
0	169	29.72	26.42
0	170	29.62	18.93
0	171	29.56	24.58
0	172	29.44	17.02
0	173	29.39	20.18
0	174	29.18	26.31
0	175	29.14	6.36
0	176	29.07	9.13
0	177	28.89	17.72
0	178	28.86	27.25
0	179	28.81	25.95
0	180	28.78	27.62
0	181	28.63	26.63
0	182	28.55	26.35
0	183	28.46	0.44
0	184	28.35	0.0
0	185	28.35	19.29
0	186	28.33	0.0
0	187	28.21	22.37
0	188	28.17	0.0
0	189	28.15	22.45
0	190	28.12	4.3
0	191	28.12	13.15
0	192	28.07	21.01
0	193	27.93	23.01
0	194	27.91	26.17
0	195	27.84	13.3
0	196	27.66	25.05
0	197	27.65	10.4
0	198	27.5	27.4
0	199	27.5	23.07
0	200	27.48	27.19
0	201	27.39	20.54
0	202	27.28	19.34
0	203	27.23	22.96
0	204	27.22	26.83
0	205	27.04	19.44
0	206	26.95	6.56
0	207	26.93	20.5
0	208	26.93	24.91
0	209	26.92	23.71
0	210	26.91	18.4
0	211	26.91	8.67
0	212	26.82	25.82
0	213	26.67	4.23
0	214	26.67	25.46
0	215	26.59	11.92
0	216	26.57	25.55
0	217	26.41	24.7
0	218	26.34	24.76
0	219	26.21	21.19
0	220	26.19	0.0
0	221	26.15	13.51
0	222	26.15	21.83
0	223	26.07	20.43
0	224	26.05	25.19
0	225	26.0	22.44
0	226	25.97	24.48
0	227	25.93	19.8
0	228	25.89	18.83
0	229	25.82	21.74
0	230	25.78	14.85
0	231	25.67	13.11
0	232	25.62	23.17
0	233	25.53	24.52
0	234	25.51	11.06
0	235	25.43	0.0
0	236	25.39	12.74
0	237	25.33	16.91
0	238	25.31	11.81
0	239	25.3	22.75
0	240	25.14	20.17
0	241	25.14	21.39
0	242	25.1	0.0
0	243	25.09	23.65
0	244	25.07	0.0
0	245	25.07	21.85
0	246	25.06	21.63
0	247	25.01	9.15
0	248	25.0	24.35
0	249	24.97	0.0
0	250	24.97	2.33
0	251	24.97	13.21
0	252	24.94	21.77
0	253	24.86	20.56
0	254	24.76	5.69
0	255	24.66	12.3
0	256	24.54	0.0
0	257	24.49	15.05
0	258	24.48	12.71
0	259	24.42	21.37
0	260	24.4	1.89
0	261	24.37	18.33
0	262	24.34	21.46
0	263	24.3	13.56
0	264	24.29	5.1
0	265	24.02	6.79
0	266	24.0	19.15
0	267	23.95	21.27
0	268	23.92	14.56
0	269	23.89	15.17
0	270	23.81	7.51
0	271	23.69	0.0
0	272	23.66	13.55
0	273	23.58	9.0
0	274	23.54	12.9
0	275	23.52	22.5
0	276	23.5	0.0
0	277	23.46	18.01
0	278	23.39	11.71
0	279	23.29	20.28
0	280	23.26	18.81
0	281	23.11	22.38
0	282	22.98	12.37
0	283	22.89	17.04
0	284	22.89	17.34
0	285	22.88	16.2
0	286	22.87	16.97
0	287	22.86	8.06
0	288	22.83	10.76
0	289	22.8	17.97
0	290	22.72	15.22
0	291	22.68	20.32
0	292	22.66	13.39
0	293	22.63	21.54
0	294	22.59	5.07
0	295	22.59	22.34
0	296	22.54	0.0
0	297	22.53	9.25
0	298	22.39	11.72
0	299	22.22	21.74
0	300	22.19	15.42
0	301	22.19	14.48
0	302	22.16	13.94
0	303	22.11	13.57
0	304	22.09	21.24
0	305	22.07	15.66
0	306	22.06	21.04
0	307	22.01	16.43
0	308	21.96	17.9
0	309	21.94	0.0
0	310	21.92	8.37
0	311	21.89	8.05
0	312	21.88	7.69
0	313	21.88	9.45
0	314	21.87	0.0
0	315	21.76	18.99
0	316	21.7	21.01
0	317	21.65	11.22
0	318	21.57	0.0
0	319	21.49	1.79
0	320	21.46	7.43
0	321	21.4	16.51
0	322	21.36	17.59
0	323	21.35	1.15
0	324	21.3	3.65
0	325	21.18	0.0
0	326	21.17	1.04
0	327	21.08	14.96
0	328	21.07	6.64
0	329	21.05	12.83
0	330	21.04	12.41
0	331	21.02	16.77
0	332	20.9	8.74
0	333	20.84	12.77
0	334	20.78	13.12
0	335	20.77	8.98
0	336	20.77	9.96
0	337	20.75	0.0
0	338	20.72	8.51
0	339	20.71	13.79
0	340	20.7	17.63
0	341	20.64	19.76
0	342	20.6	16.51
0	343	20.59	18.43
0	344	20.58	10.6
0	345	20.54	17.62
0	346	20.51	2.95
0	347	20.43	14.88
0	348	20.42	17.55
0	349	20.41	16.42
0	350	20.4	11.42
0	351	20.34	10.15
0	352	20.29	7.49
0	353	20.02	13.93
0	354	20.02	8.32
0	355	20.0	8.44
0	356	19.99	15.8
0	357	19.99	4.2
0	358	19.98	0.0
0	359	19.97	13.93
0	360	19.92	0.0
0	361	19.85	18.63
0	362	19.82	16.21
0	363	19.79	14.7
0	364	19.75	0.0
0	365	19.73	18.7
0	366	19.72	17.41
0	367	19.66	16.47
0	368	19.65	11.55
0	369	19.65	19.17
0	370	19.6	17.71
0	371	19.58	14.11
0	372	19.56	11.68
0	373	19.56	16.69
0	374	19.41	0.0
0	375	19.25	0.81
0	376	19.24	17.52
0	377	19.18	6.62
0	378	19.17	12.35
0	379	19.17	15.25
0	380	19.16	16.5
0	381	19.13	14.89
0	382	19.12	4.68
0	383	19.12	0.0
0	384	19.11	17.91
0	385	19.11	0.0
0	386	19.07	0.0
0	387	19.05	16.04
0	388	19.01	8.8
0	389	19.0	6.9
0	390	18.96	16.28
0	391	18.91	18.61
0	392	18.89	0.0
0	393	18.88	7.99
0	394	18.87	17.57
0	395	18.8	0.0
0	396	18.74	5.02
0	397	18.72	15.02
0	398	18.65	15.12
0	399	18.65	14.52
0	400	18.64	0.0
0	401	18.61	14.52
0	402	18.61	17.75
0	403	18.6	4.47
0	404	18.6	0.0
0	405	18.58	10.25
0	406	18.56	16.81
0	407	18.48	18.31
0	408	18.47	11.63
0	409	18.44	3.69
0	410	18.44	11.61
0	411	18.43	0.0
0	412	18.42	15.49
0	413	18.36	17.31
0	414	18.34	11.95
0	415	18.33	16.3
0	416	18.3	11.24
0	417	18.29	8.63
0	418	18.28	9.17
0	419	18.27	0.0
0	420	18.2	10.1
0	421	18.16	17.93
0	422	18.14	0.0
0	423	18.07	7.35
0	424	18.03	8.1
0	425	18.01	16.06
0	426	18.0	17.95
0	427	17.96	11.44
0	428	17.88	16.55
0	429	17.86	16.4
0	430	17.86	13.39
0	431	17.86	11.03
0	432	17.85	4.32
0	433	17.83	3.32
0	434	17.72	17.53
0	435	17.71	0.0
0	436	17.69	16.72
0	437	17.64	4.1
0	438	17.62	9.53
0	439	17.52	0.0
0	440	17.48	4.96
0	441	17.46	2.05
0	442	17.41	14.22
0	443	17.4	0.0
0	444	17.37	0.0
0	445	17.36	16.47
0	446	17.35	16.61
0	447	17.34	11.77
0	448	17.32	12.5
0	449	17.28	1.08
0	450	17.24	9.18
0	451	17.21	4.19
0	452	17.16	10.86
0	453	17.15	10.93
0	454	17.14	0.0
0	455	17.03	12.49
0	456	17.02	12.75
0	457	16.98	13.33
0	458	16.97	9.33
0	459	16.9	7.68
0	460	16.88	5.45
0	461	16.84	12.05
0	462	16.82	16.38
0	463	16.72	14.44
0	464	16.71	0.0
0	465	16.7	9.05
0	466	16.7	7.89
0	467	16.67	0.0
0	468	16.66	9.7
0	469	16.59	0.0
0	470	16.58	11.53
0	471	16.54	0.0
0	472	16.51	10.63
0	473	16.48	10.43
0	474	16.45	13.12
0	475	16.41	0.0
0	476	16.41	13.87
0	477	16.38	0.0
0	478	16.35	8.34
0	479	16.32	6.46
0	480	16.32	14.42
0	481	16.27	4.37
0	482	16.25	9.46
0	483	16.17	12.52
0	484	16.16	10.54
0	485	16.15	0.0
0	486	16.08	11.14
0	487	16.07	0.82
0	488	16.06	11.96
0	489	16.04	13.39
0	490	16.02	6.53
0	491	15.99	0.0
0	492	15.97	8.13
0	493	15.95	14.84
0	494	15.95	10.98
0	495	15.94	2.84
0	496	15.92	4.94
0	497	15.91	11.74
0	498	15.86	0.0
0	499	15.86	9.16
0	500	15.85	9.34
0	501	15.81	11.87
0	502	15.8	2.8
0	503	15.77	8.03
0	504	15.72	4.13
0	505	15.7	9.6
0	506	15.68	0.0
0	507	15.66	11.48
0	508	15.65	14.02
0	509	15.62	9.66
0	510	15.59	11.26
0	511	15.56	5.54
0	512	15.52	14.32
0	513	15.5	8.71
0	514	15.5	4.95
0	515	15.48	12.43
0	516	15.47	12.86
0	517	15.46	0.0
0	518	15.42	14.33
0	519	15.42	13.48
0	520	15.41	5.85
0	521	15.38	0.0
0	522	15.37	3.73
0	523	15.37	0.0
0	524	15.36	10.23
0	525	15.36	13.89
0	526	15.35	12.65
0	527	15.33	0.64
0	528	15.33	5.49
0	529	15.32	7.41
0	530	15.32	6.12
0	531	15.31	15.03
0	532	15.31	0.0
0	533	15.3	6.17
0	534	15.3	6.36
0	535	15.25	12.85
0	536	15.25	7.76
0	537	15.21	1.76
0	538	15.18	12.43
0	539	15.17	2.92
0	540	15.17	15.08
0	541	15.17	12.72
0	542	15.16	7.81
0	543	15.14	12.78
0	544	15.12	0.0
0	545	15.07	10.27
0	546	15.06	8.43
0	547	15.06	14.67
0	548	15.05	5.47
0	549	15.04	12.09
0	550	15.0	10.6
0	551	14.95	7.91
0	552	14.93	11.47
0	553	14.93	3.46
0	554	14.93	13.01
0	555	14.9	0.0
0	556	14.88	1.55
0	557	14.86	1.75
0	558	14.84	14.22
0	559	14.8	10.33
0	560	14.78	0.0
0	561	14.77	13.54
0	562	14.77	12.27
0	563	14.73	0.0
0	564	14.72	13.95
0	565	14.71	14.58
0	566	14.68	0.0
0	567	14.66	0.0
0	568	14.65	5.29
0	569	14.64	3.93
0	570	14.64	12.92
0	571	14.63	8.69
0	572	14.62	5.77
0	573	14.61	14.5
0	574	14.61	10.85
0	575	14.59	12.53
0	576	14.53	12.01
0	577	14.52	3.7
0	578	14.52	10.76
0	579	14.51	10.37
0	580	14.48	1.85
0	581	14.46	12.69
0	582	14.46	11.13
0	583	14.41	10.33
0	584	14.41	3.45
0	585	14.37	6.45
0	586	14.37	2.01
0	587	14.32	8.61
0	588	14.29	12.11
0	589	14.29	0.0
0	590	14.24	0.0
0	591	14.23	4.03
0	592	14.21	0.52
0	593	14.18	12.26
0	594	14.17	13.09
0	595	14.14	0.37
0	596	14.14	4.11
0	597	14.14	12.75
0	598	14.12	0.0
0	599	14.11	0.0
0	600	14.09	0.0
0	601	14.08	5.92
0	602	14.08	1.89
0	603	14.08	10.45
0	604	14.07	13.3
0	605	14.03	12.19
0	606	13.98	0.0
0	607	13.95	7.54
0	608	13.93	9.9
0	609	13.93	10.99
0	610	13.93	12.39
0	611	13.9	8.0
0	612	13.9	0.0
0	613	13.88	0.0
0	614	13.86	11.13
0	615	13.84	13.53
0	616	13.82	5.11
0	617	13.8	5.3
0	618	13.78	0.0
0	619	13.76	4.06
0	620	13.76	0.0
0	621	13.76	1.72
0	622	13.75	10.31
0	623	13.74	11.71
0	624	13.74	11.69
0	625	13.73	10.07
0	626	13.71	7.03
0	627	13.71	11.63
0	628	13.7	3.67
0	629	13.69	5.31
0	630	13.69	0.0
0	631	13.68	2.1
0	632	13.65	0.0
0	633	13.65	0.0
0	634	13.64	9.76
0	635	13.64	0.0
0	636	13.63	12.81
0	637	13.58	1.98
0	638	13.57	0.0
0	639	13.56	12.61
0	640	13.55	2.87
0	641	13.53	2.2
0	642	13.51	0.0
0	643	13.51	0.0
0	644	13.46	6.27
0	645	13.45	12.26
0	646	13.45	11.95
0	647	13.44	11.34
0	648	13.42	0.0
0	649	13.39	0.0
0	650	13.36	8.17
0	651	13.35	3.46
0	652	13.33	7.81
0	653	13.3	11.77
0	654	13.29	10.24
0	655	13.28	11.04
0	656	13.26	0.0
0	657	13.25	0.0
0	658	13.25	12.8
0	659	13.25	0.0
0	660	13.23	0.0
0	661	13.22	0.74
0	662	13.19	9.95
0	663	13.18	9.14
0	664	13.16	3.39
0	665	13.13	7.01
0	666	13.12	13.11
0	667	13.11	3.2
0	668	13.1	0.52
0	669	13.07	11.54
0	670	13.04	10.04
0	671	13.04	11.17
0	672	13.03	0.0
0	673	12.97	1.01
0	674	12.97	4.25
0	675	12.97	0.0
0	676	12.96	3.81
0	677	12.94	2.7
0	678	12.93	8.78
0	679	12.93	0.0
0	680	12.92	0.0
0	681	12.91	10.46
0	682	12.91	6.74
0	683	12.9	10.2
0	684	12.88	0.0
0	685	12.88	0.0
0	686	12.87	0.0
0	687	12.85	6.58
0	688	12.82	10.61
0	689	12.81	0.0
0	690	12.8	5.06
0	691	12.78	0.0
0	692	12.78	0.0
0	693	12.78	12.64
0	694	12.75	8.28
0	695	12.74	5.56
0	696	12.73	12.19
0	697	12.71	0.98
0	698	12.71	5.12
0	699	12.66	9.87
0	700	12.6	8.39
0	701	12.6	9.43
0	702	12.58	0.0
0	703	12.57	0.0
0	704	12.56	6.72
0	705	12.52	2.38
0	706	12.49	0.0
0	707	12.49	11.25
0	708	12.46	4.89
0	709	12.45	0.0
0	710	12.44	0.6
0	711	12.42	0.84
0	712	12.39	5.71
0	713	12.37	5.94
0	714	12.36	0.0
0	715	12.34	0.0
0	716	12.31	3.01
0	717	12.3	5.52
0	718	12.26	8.01
0	719	12.24	4.36
0	720	12.18	3.96
0	721	12.14	5.68
0	722	12.14	11.34
0	723	12.13	9.45
0	724	12.11	4.08
0	725	12.03	11.76
0	726	12.02	0.0
0	727	12.01	3.53
0	728	11.97	8.85
0	729	11.96	0.0
0	730	11.95	0.95
0	731	11.95	0.0
0	732	11.89	0.0
0	733	11.87	9.38
0	734	11.81	11.51
0	735	11.8	10.0
0	736	11.75	0.0
0	737	11.71	11.7
0	738	11.69	6.68
0	739	11.68	9.82
0	740	11.68	5.51
0	741	11.66	2.07
0	742	11.64	11.31
0	743	11.64	0.14
0	744	11.63	7.1
0	745	11.63	0.08
0	746	11.63	4.2
0	747	11.63	10.45
0	748	11.6	6.99
0	749	11.59	10.02
0	750	11.59	0.0
0	751	11.58	9.96
0	752	11.55	0.0
0	753	11.52	2.76
0	754	11.47	8.9
0	755	11.47	0.0
0	756	11.45	3.58
0	757	11.42	0.0
0	758	11.41	3.15
0	759	11.4	0.0
0	760	11.4	0.0
0	761	11.38	10.36
0	762	11.38	0.0
0	763	11.38	7.72
0	764	11.35	0.0
0	765	11.31	0.0
0	766	11.28	9.5
0	767	11.27	10.1
0	768	11.26	2.33
0	769	11.24	1.42
0	770	11.22	0.0
0	771	11.2	0.0
0	772	11.19	0.0
0	773	11.15	3.98
0	774	11.13	0.0
0	775	11.12	4.57
0	776	11.1	0.0
0	777	11.1	3.69
0	778	11.09	10.3
0	779	11.09	0.0
0	780	11.08	10.19
0	781	11.08	8.9
0	782	11.06	6.59
0	783	11.04	0.0
0	784	11.04	1.84
0	785	11.03	0.0
0	786	11.02	9.91
0	787	11.0	0.26
0	788	10.98	0.0
0	789	10.98	4.13
0	790	10.98	0.0
0	791	10.97	0.0
0	792	10.96	2.2
0	793	10.96	8.7
0	794	10.93	9.6
0	795	10.92	9.04
0	796	10.89	10.28
0	797	10.86	6.14
0	798	10.85	5.18
0	799	10.84	0.0
0	800	10.82	0.0
0	801	10.78	7.17
0	802	10.74	5.69
0	803	10.73	3.16
0	804	10.73	3.57
0	805	10.68	5.81
0	806	10.68	0.0
0	807	10.67	4.27
0	808	10.66	0.0
0	809	10.65	1.9
0	810	10.6	6.06
0	811	10.6	8.49
0	812	10.56	9.1
0	813	10.55	6.27
0	814	10.53	4.27
0	815	10.52	1.25
0	816	10.51	0.0
0	817	10.51	0.0
0	818	10.5	8.92
0	819	10.48	0.0
0	820	10.42	7.26
0	821	10.41	1.26
0	822	10.39	3.56
0	823	10.39	7.27
0	824	10.36	7.76
0	825	10.31	0.0
0	826	10.3	0.0
0	827	10.29	2.88
0	828	10.25	9.86
0	829	10.25	3.25
0	830	10.21	0.0
0	831	10.21	0.0
0	832	10.19	0.0
0	833	10.19	7.57
0	834	10.18	4.44
0	835	10.16	0.0
0	836	10.16	8.58
0	837	10.16	0.0
0	838	10.15	6.05
0	839	10.13	0.0
0	840	10.13	0.0
0	841	10.13	1.36
0	842	10.12	0.0
0	843	10.11	5.65
0	844	10.1	8.29
0	845	10.08	2.28
0	846	10.06	0.0
0	847	10.04	9.5
0	848	10.03	7.44
0	849	10.02	6.22
0	850	9.99	7.48
0	851	9.99	0.88
0	852	9.98	0.0
0	853	9.97	0.0
0	854	9.96	8.48
0	855	9.94	4.79
0	856	9.9	0.45
0	857	9.9	7.57
0	858	9.89	9.06
0	859	9.84	6.18
0	860	9.83	2.14
0	861	9.82	3.14
0	862	9.81	0.0
0	863	9.78	4.35
0	864	9.77	8.74
0	865	9.77	0.8
0	866	9.76	9.16
0	867	9.75	0.0
0	868	9.75	8.79
0	869	9.74	2.72
0	870	9.68	8.63
0	871	9.68	0.0
0	872	9.66	6.98
0	873	9.65	6.05
0	874	9.65	0.0
0	875	9.64	3.72
0	876	9.64	6.71
0	877	9.62	0.0
0	878	9.62	0.15
0	879	9.6	0.0
0	880	9.52	0.0
0	881	9.5	0.0
0	882	9.46	2.42
0	883	9.44	0.0
0	884	9.44	7.29
0	885	9.42	9.28
0	886	9.39	0.0
0	887	9.34	5.19
0	888	9.33	4.91
0	889	9.3	8.61
0	890	9.29	5.59
0	891	9.28	0.0
0	892	9.25	7.78
0	893	9.24	6.75
0	894	9.19	0.0
0	895	9.19	0.0
0	896	9.19	1.44
0	897	9.19	8.83
0	898	9.17	0.0
0	899	9.15	5.46
0	900	9.11	0.87
0	901	9.06	6.99
0	902	9.06	5.33
0	903	9.05	5.62
0	904	9.04	1.95
0	905	9.03	0.68
0	906	9.03	0.0
0	907	9.03	4.1
0	908	9.02	7.68
0	909	9.01	0.0
0	910	9.0	0.0
0	911	8.99	4.93
0	912	8.96	2.78
0	913	8.96	0.22
0	914	8.94	2.57
0	915	8.93	0.0
0	916	8.93	2.85
0	917	8.92	6.94
0	918	8.91	4.93
0	919	8.9	0.98
0	920	8.88	0.0
0	921	8.8	0.0
0	922	8.8	3.81
0	923	8.8	2.16
0	924	8.78	0.0
0	925	8.77	0.0
0	926	8.76	8.52
0	927	8.76	7.13
0	928	8.72	6.25
0	929	8.71	0.0
0	930	8.7	0.0
0	931	8.69	0.0
0	932	8.69	4.22
0	933	8.68	2.7
0	934	8.67	6.08
0	935	8.66	4.23
0	936	8.64	0.0
0	937	8.63	0.0
0	938	8.6	0.0
0	939	8.59	5.94
0	940	8.58	0.0
0	941	8.58	7.9
0	942	8.55	0.0
0	943	8.54	0.0
0	944	8.5	0.0
0	945	8.47	4.11
0	946	8.46	0.0
0	947	8.42	1.36
0	948	8.4	8.36
0	949	8.38	4.1
0	950	8.33	5.38
0	951	8.33	2.66
0	952	8.31	0.0
0	953	8.31	7.3
0	954	8.28	6.47
0	955	8.25	0.59
0	956	8.24	6.2
0	957	8.23	0.0
0	958	8.22	6.95
0	959	8.18	3.27
0	960	8.13	2.04
0	961	8.11	4.49
0	962	8.11	2.91
0	963	8.1	0.35
0	964	8.08	7.32
0	965	8.08	0.0
0	966	8.07	5.0
0	967	8.07	1.27
0	968	8.0	7.58
0	969	7.98	0.0
0	970	7.97	0.0
0	971	7.97	7.83
0	972	7.94	0.0
0	973	7.91	0.68
0	974	7.89	5.8
0	975	7.88	4.12
0	976	7.87	0.0
0	977	7.85	0.0
0	978	7.84	7.4
0	979	7.84	0.0
0	980	7.83	3.97
0	981	7.81	7.19
0	982	7.81	6.19
0	983	7.77	4.44
0	984	7.77	6.32
0	985	7.75	3.8
0	986	7.74	3.56
0	987	7.73	7.01
0	988	7.7	0.0
0	989	7.7	0.0
0	990	7.7	0.0
0	991	7.7	0.0
0	992	7.69	0.0
0	993	7.68	5.67
0	994	7.64	0.0
0	995	7.62	5.03
0	996	7.61	0.0
0	997	7.59	0.0
0	998	7.59	5.43
0	999	7.58	0.0
0	1000	7.57	0.0
0	1001	7.57	0.0
0	1002	7.56	0.0
0	1003	7.54	6.77
0	1004	7.54	3.96
0	1005	7.53	0.0
0	1006	7.53	7.31
0	1007	7.53	6.39
0	1008	7.52	0.0
0	1009	7.52	4.67
0	1010	7.47	0.0
0	1011	7.47	0.0
0	1012	7.46	1.21
0	1013	7.43	2.13
0	1014	7.43	4.63
0	1015	7.38	0.0
0	1016	7.36	0.0
0	1017	7.36	0.0
0	1018	7.34	5.78
0	1019	7.32	0.0
0	1020	7.32	0.0
0	1021	7.31	0.0
0	1022	7.31	1.23
0	1023	7.31	0.0
0	1024	7.31	0.33
0	1025	7.3	0.0
0	1026	7.29	3.28
0	1027	7.28	0.51
0	1028	7.28	0.0
0	1029	7.27	0.0
0	1030	7.26	2.38
0	1031	7.23	4.29
0	1032	7.22	1.14
0	1033	7.21	6.85
0	1034	7.18	5.71
0	1035	7.17	0.0
0	1036	7.15	4.41
0	1037	7.15	5.45
0	1038	7.14	5.07
0	1039	7.13	0.0
0	1040	7.12	3.23
0	1041	7.11	3.6
0	1042	7.11	1.76
0	1043	7.1	3.8
0	1044	7.09	0.0
0	1045	7.09	2.86
0	1046	7.08	0.0
0	1047	7.05	1.22
0	1048	7.05	0.0
0	1049	7.05	0.84
0	1050	7.0	4.79
0	1051	6.98	0.93
0	1052	6.98	4.6
0	1053	6.95	0.0
0	1054	6.89	0.0
0	1055	6.87	0.0
0	1056	6.83	0.0
0	1057	6.81	0.0
0	1058	6.81	4.06
0	1059	6.8	1.07
0	1060	6.79	0.0
0	1061	6.79	4.14
0	1062	6.79	6.2
0	1063	6.77	5.22
0	1064	6.77	0.0
0	1065	6.77	0.0
0	1066	6.76	0.0
0	1067	6.76	0.0
0	1068	6.75	4.37
0	1069	6.74	5.27
0	1070	6.74	0.0
0	1071	6.73	1.75
0	1072	6.73	0.0
0	1073	6.72	0.0
0	1074	6.71	0.0
0	1075	6.71	6.5
0	1076	6.7	0.0
0	1077	6.7	0.0
0	1078	6.69	3.88
0	1079	6.69	5.12
0	1080	6.66	4.35
0	1081	6.65	1.08
0	1082	6.65	5.67
0	1083	6.64	3.6
0	1084	6.62	0.0
0	1085	6.6	0.0
0	1086	6.6	0.0
0	1087	6.6	0.83
0	1088	6.6	5.64
0	1089	6.59	4.98
0	1090	6.54	2.13
0	1091	6.54	4.92
0	1092	6.53	0.0
0	1093	6.53	0.0
0	1094	6.53	2.91
0	1095	6.53	0.0
0	1096	6.52	5.58
0	1097	6.52	3.15
0	1098	6.52	0.0
0	1099	6.5	0.0
0	1100	6.49	0.0
0	1101	6.48	0.0
0	1102	6.46	0.0
0	1103	6.46	0.0
0	1104	6.44	4.19
0	1105	6.44	5.6
0	1106	6.42	3.51
0	1107	6.39	0.0
0	1108	6.36	6.14
0	1109	6.34	5.16
0	1110	6.32	0.0
0	1111	6.3	0.0
0	1112	6.27	0.0
0	1113	6.27	0.0
0	1114	6.26	0.0
0	1115	6.25	0.0
0	1116	6.24	5.42
0	1117	6.23	4.73
0	1118	6.23	0.0
0	1119	6.22	0.0
0	1120	6.22	0.0
0	1121	6.22	1.58
0	1122	6.19	0.0
0	1123	6.19	0.0
0	1124	6.15	0.0
0	1125	6.15	0.0
0	1126	6.15	0.0
0	1127	6.15	0.29
0	1128	6.15	0.0
0	1129	6.14	0.0
0	1130	6.13	0.0
0	1131	6.12	5.53
0	1132	6.12	1.0
0	1133	6.11	0.0
0	1134	6.09	0.0
0	1135	6.08	0.0
0	1136	6.08	4.26
0	1137	6.07	4.93
0	1138	6.07	0.0
0	1139	6.06	4.64
0	1140	6.05	0.0
0	1141	6.05	0.0
0	1142	6.05	4.87
0	1143	6.04	3.66
0	1144	6.04	0.0
0	1145	6.04	5.98
0	1146	6.03	1.88
0	1147	6.02	0.0
0	1148	6.01	0.0
0	1149	6.0	0.93
0	1150	5.99	0.0
0	1151	5.99	0.0
0	1152	5.98	2.46
0	1153	5.98	5.27
0	1154	5.97	0.0
0	1155	5.95	0.0
0	1156	5.93	0.0
0	1157	5.93	4.17
0	1158	5.91	0.0
0	1159	5.91	0.0
0	1160	5.9	0.0
0	1161	5.89	4.82
0	1162	5.88	0.0
0	1163	5.87	0.0
0	1164	5.86	0.0
0	1165	5.85	0.0
0	1166	5.84	4.21
0	1167	5.83	5.06
0	1168	5.82	2.28
0	1169	5.82	3.11
0	1170	5.8	0.0
0	1171	5.75	0.0
0	1172	5.73	4.54
0	1173	5.72	1.82
0	1174	5.69	0.0
0	1175	5.67	4.22
0	1176	5.66	0.0
0	1177	5.65	1.38
0	1178	5.64	0.0
0	1179	5.63	0.79
0	1180	5.63	0.0
0	1181	5.62	0.0
0	1182	5.61	0.0
0	1183	5.61	4.71
0	1184	5.61	5.51
0	1185	5.59	2.44
0	1186	5.58	0.0
0	1187	5.58	4.83
0	1188	5.54	0.0
0	1189	5.54	3.08
0	1190	5.54	0.0
0	1191	5.52	3.68
0	1192	5.52	0.0
0	1193	5.52	0.82
0	1194	5.49	0.0
0	1195	5.49	0.0
0	1196	5.48	3.88
0	1197	5.46	0.0
0	1198	5.46	0.0
0	1199	5.46	0.0
0	1200	5.44	1.46
0	1201	5.4	0.54
0	1202	5.4	0.0
0	1203	5.4	0.0
0	1204	5.39	0.0
0	1205	5.39	3.63
0	1206	5.38	0.13
0	1207	5.38	0.27
0	1208	5.38	3.04
0	1209	5.37	0.0
0	1210	5.35	5.15
0	1211	5.31	0.0
0	1212	5.29	3.48
0	1213	5.28	4.49
0	1214	5.27	0.0
0	1215	5.27	4.31
0	1216	5.25	4.73
0	1217	5.24	1.05
0	1218	5.24	0.0
0	1219	5.23	0.0
0	1220	5.23	0.0
0	1221	5.22	0.0
0	1222	5.21	0.0
0	1223	5.21	0.37
0	1224	5.21	0.0
0	1225	5.19	0.0
0	1226	5.19	0.0
0	1227	5.19	0.78
0	1228	5.19	0.0
0	1229	5.18	0.0
0	1230	5.18	0.0
0	1231	5.15	0.74
0	1232	5.12	4.85
0	1233	5.12	0.02
0	1234	5.12	0.0
0	1235	5.12	0.0
0	1236	5.12	0.0
0	1237	5.1	0.0
0	1238	5.09	0.0
0	1239	5.09	0.0
0	1240	5.09	2.3
0	1241	5.09	0.0
0	1242	5.09	0.0
0	1243	5.08	0.0
0	1244	5.07	0.0
0	1245	5.04	0.0
0	1246	5.04	2.44
0	1247	5.02	0.0
0	1248	5.02	0.0
0	1249	4.99	0.0
0	1250	4.98	3.12
0	1251	4.94	0.0
0	1252	4.92	0.06
0	1253	4.89	0.0
0	1254	4.88	0.0
0	1255	4.87	0.0
0	1256	4.86	0.0
0	1257	4.86	0.0
0	1258	4.85	0.0
0	1259	4.85	0.0
0	1260	4.84	0.0
0	1261	4.84	0.0
0	1262	4.83	1.16
0	1263	4.83	1.14
0	1264	4.82	0.0
0	1265	4.81	2.09
0	1266	4.81	0.0
0	1267	4.79	2.6
0	1268	4.79	4.48
0	1269	4.78	0.0
0	1270	4.78	0.0
0	1271	4.78	0.0
0	1272	4.76	0.0
0	1273	4.75	0.0
0	1274	4.75	3.07
0	1275	4.75	0.0
0	1276	4.68	0.0
0	1277	4.66	0.37
0	1278	4.66	0.44
0	1279	4.66	0.0
0	1280	4.65	0.0
0	1281	4.65	2.38
0	1282	4.64	0.0
0	1283	4.64	0.0
0	1284	4.6	0.0
0	1285	4.58	0.0
0	1286	4.56	2.85
0	1287	4.55	4.21
0	1288	4.55	0.06
0	1289	4.55	0.0
0	1290	4.54	2.93
0	1291	4.53	3.0
0	1292	4.52	0.0
0	1293	4.5	3.53
0	1294	4.48	0.0
0	1295	4.46	0.0
0	1296	4.45	0.0
0	1297	4.45	2.72
0	1298	4.43	0.0
0	1299	4.43	1.96
0	1300	4.43	0.0
0	1301	4.42	0.0
0	1302	4.42	3.8
0	1303	4.42	0.0
0	1304	4.39	2.44
0	1305	4.39	2.63
0	1306	4.38	2.32
0	1307	4.37	0.0
0	1308	4.36	0.0
0	1309	4.34	0.0
0	1310	4.33	0.0
0	1311	4.29	0.0
0	1312	4.29	0.0
0	1313	4.27	0.0
0	1314	4.25	4.13
0	1315	4.25	0.0
0	1316	4.24	3.42
0	1317	4.23	1.51
0	1318	4.22	1.62
0	1319	4.22	0.0
0	1320	4.22	0.0
0	1321	4.21	2.05
0	1322	4.2	2.92
0	1323	4.19	3.69
0	1324	4.18	0.0
0	1325	4.17	0.0
0	1326	4.13	1.98
0	1327	4.13	0.0
0	1328	4.12	0.0
0	1329	4.09	0.0
0	1330	4.09	0.0
0	1331	4.08	0.0
0	1332	4.08	2.64
0	1333	4.06	0.0
0	1334	4.04	2.83
0	1335	4.01	0.0
0	1336	3.99	2.64
0	1337	3.99	0.0
0	1338	3.98	0.0
0	1339	3.96	0.0
0	1340	3.94	0.0
0	1341	3.93	0.0
0	1342	3.92	0.0
0	1343	3.9	0.0
0	1344	3.89	0.0
0	1345	3.86	3.52
0	1346	3.86	1.79
0	1347	3.84	1.41
0	1348	3.84	0.0
0	1349	3.84	0.45
0	1350	3.84	0.0
0	1351	3.83	2.05
0	1352	3.83	0.0
0	1353	3.81	0.0
0	1354	3.81	3.41
0	1355	3.8	0.0
0	1356	3.78	0.0
0	1357	3.78	0.0
0	1358	3.78	0.63
0	1359	3.77	0.0
0	1360	3.76	0.0
0	1361	3.76	0.8
0	1362	3.75	0.0
0	1363	3.73	0.0
0	1364	3.73	0.57
0	1365	3.72	2.25
0	1366	3.7	0.0
0	1367	3.69	3.37
0	1368	3.69	0.0
0	1369	3.69	0.0
0	1370	3.68	0.0
0	1371	3.67	2.16
0	1372	3.67	0.97
0	1373	3.64	0.0
0	1374	3.63	0.0
0	1375	3.63	0.0
0	1376	3.63	2.5
0	1377	3.62	0.0
0	1378	3.61	0.0
0	1379	3.59	0.0
0	1380	3.59	0.0
0	1381	3.57	0.0
0	1382	3.56	0.0
0	1383	3.53	0.28
0	1384	3.53	2.4
0	1385	3.52	0.0
0	1386	3.5	0.0
0	1387	3.5	0.93
0	1388	3.48	0.0
0	1389	3.47	0.0
0	1390	3.45	0.0
0	1391	3.44	0.0
0	1392	3.42	0.0
0	1393	3.42	1.16
0	1394	3.42	3.15
0	1395	3.4	2.29
0	1396	3.4	0.0
0	1397	3.39	0.0
0	1398	3.37	0.0
0	1399	3.35	1.18
0	1400	3.35	1.21
0	1401	3.33	0.88
0	1402	3.32	3.23
0	1403	3.32	1.89
0	1404	3.31	0.68
0	1405	3.31	0.0
0	1406	3.3	0.0
0	1407	3.3	2.59
0	1408	3.29	0.0
0	1409	3.29	0.0
0	1410	3.28	0.0
0	1411	3.24	0.0
0	1412	3.23	2.42
0	1413	3.23	0.0
0	1414	3.22	0.0
0	1415	3.21	0.0
0	1416	3.21	0.0
0	1417	3.19	0.0
0	1418	3.17	2.4
0	1419	3.16	0.0
0	1420	3.13	1.99
0	1421	3.11	0.0
0	1422	3.1	0.0
0	1423	3.08	0.0
0	1424	3.08	0.0
0	1425	3.08	0.0
0	1426	3.07	2.0
0	1427	3.06	0.0
0	1428	3.06	0.0
0	1429	3.05	0.0
0	1430	3.03	0.0
0	1431	3.03	1.32
0	1432	3.02	2.32
0	1433	3.01	0.0
0	1434	2.99	0.0
0	1435	2.97	0.0
0	1436	2.96	0.6
0	1437	2.96	0.0
0	1438	2.96	0.0
0	1439	2.95	0.0
0	1440	2.94	0.0
0	1441	2.93	0.0
0	1442	2.93	0.0
0	1443	2.93	0.0
0	1444	2.93	0.0
0	1445	2.93	0.0
0	1446	2.91	0.63
0	1447	2.91	0.0
0	1448	2.9	0.15
0	1449	2.89	0.0
0	1450	2.89	0.0
0	1451	2.88	0.0
0	1452	2.87	0.0
0	1453	2.85	2.15
0	1454	2.83	0.0
0	1455	2.83	0.45
0	1456	2.82	2.48
0	1457	2.82	0.0
0	1458	2.8	0.0
0	1459	2.8	0.0
0	1460	2.8	0.0
0	1461	2.78	0.0
0	1462	2.75	0.0
0	1463	2.74	0.0
0	1464	2.74	0.0
0	1465	2.74	0.0
0	1466	2.74	0.0
0	1467	2.73	1.6
0	1468	2.73	1.21
0	1469	2.72	1.78
0	1470	2.7	0.0
0	1471	2.7	0.0
0	1472	2.69	0.0
0	1473	2.69	0.0
0	1474	2.68	0.0
0	1475	2.67	1.11
0	1476	2.66	0.0
0	1477	2.66	1.51
0	1478	2.64	0.0
0	1479	2.62	0.0
0	1480	2.61	0.0
0	1481	2.61	2.28
0	1482	2.58	0.0
0	1483	2.58	1.54
0	1484	2.58	0.0
0	1485	2.57	0.0
0	1486	2.56	0.0
0	1487	2.56	1.0
0	1488	2.56	0.0
0	1489	2.55	0.0
0	1490	2.55	0.96
0	1491	2.55	0.0
0	1492	2.51	0.0
0	1493	2.51	0.0
0	1494	2.5	2.26
0	1495	2.5	0.0
0	1496	2.5	0.0
0	1497	2.49	1.9
0	1498	2.46	0.0
0	1499	2.46	0.0
0	1500	2.45	0.0
0	1501	2.45	0.0
0	1502	2.44	0.0
0	1503	2.4	0.0
0	1504	2.39	0.56
0	1505	2.35	0.0
0	1506	2.32	0.0
0	1507	2.3	1.22
0	1508	2.27	0.0
0	1509	2.27	0.0
0	1510	2.24	0.0
0	1511	2.24	0.0
0	1512	2.22	1.61
0	1513	2.2	0.0
0	1514	2.2	0.0
0	1515	2.19	0.0
0	1516	2.19	0.0
0	1517	2.19	0.0
0	1518	2.16	0.0
0	1519	2.16	0.0
0	1520	2.14	0.0
0	1521	2.14	0.0
0	1522	2.13	0.0
0	1523	2.12	0.0
0	1524	2.11	0.0
0	1525	2.11	0.0
0	1526	2.11	0.0
0	1527	2.1	0.0
0	1528	2.09	0.0
0	1529	2.09	1.07
0	1530	2.08	0.0
0	1531	2.08	1.4
0	1532	2.07	0.0
0	1533	2.07	0.0
0	1534	2.06	0.0
0	1535	2.04	0.0
0	1536	2.03	0.24
0	1537	2.03	0.0
0	1538	1.99	0.0
0	1539	1.99	0.68
0	1540	1.98	0.0
0	1541	1.98	0.0
0	1542	1.97	0.0
0	1543	1.96	0.0
0	1544	1.95	0.0
0	1545	1.95	0.09
0	1546	1.94	0.27
0	1547	1.94	0.0
0	1548	1.94	0.0
0	1549	1.92	1.14
0	1550	1.92	0.0
0	1551	1.92	0.0
0	1552	1.91	0.0
0	1553	1.91	0.0
0	1554	1.9	1.54
0	1555	1.89	1.01
0	1556	1.89	0.0
0	1557	1.87	0.0
0	1558	1.87	0.0
0	1559	1.86	0.0
0	1560	1.83	0.0
0	1561	1.81	0.0
0	1562	1.76	0.68
0	1563	1.76	0.0
0	1564	1.75	0.0
0	1565	1.74	0.0
0	1566	1.74	0.0
0	1567	1.74	0.73
0	1568	1.73	0.0
0	1569	1.73	0.0
0	1570	1.72	0.0
0	1571	1.72	0.0
0	1572	1.72	0.0
0	1573	1.72	0.0
0	1574	1.72	0.0
0	1575	1.71	0.0
0	1576	1.71	0.0
0	1577	1.71	0.0
0	1578	1.71	0.0
0	1579	1.69	0.0
0	1580	1.69	0.0
0	1581	1.68	0.0
0	1582	1.68	0.0
0	1583	1.68	0.0
0	1584	1.67	0.0
0	1585	1.67	0.0
0	1586	1.64	1.1
0	1587	1.63	0.0
0	1588	1.61	0.0
0	1589	1.6	0.0
0	1590	1.6	0.0
0	1591	1.59	0.0
0	1592	1.59	0.0
0	1593	1.59	0.0
0	1594	1.58	0.0
0	1595	1.58	0.0
0	1596	1.57	0.0
0	1597	1.56	0.0
0	1598	1.54	1.48
0	1599	1.54	0.0
0	1600	1.52	0.0
0	1601	1.52	0.0
0	1602	1.51	0.0
0	1603	1.49	1.28
0	1604	1.49	0.0
0	1605	1.49	0.0
0	1606	1.48	0.0
0	1607	1.47	0.0
0	1608	1.46	0.0
0	1609	1.45	0.0
0	1610	1.44	0.0
0	1611	1.43	0.0
0	1612	1.42	0.0
0	1613	1.41	0.0
0	1614	1.4	0.0
0	1615	1.4	0.0
0	1616	1.39	0.0
0	1617	1.38	0.0
0	1618	1.37	0.0
0	1619	1.37	0.0
0	1620	1.36	0.0
0	1621	1.36	0.0
0	1622	1.35	0.0
0	1623	1.35	0.0
0	1624	1.34	0.0
0	1625	1.33	0.0
0	1626	1.31	0.0
0	1627	1.3	0.0
0	1628	1.3	0.0
0	1629	1.27	0.0
0	1630	1.26	0.0
0	1631	1.26	0.43
0	1632	1.25	0.0
0	1633	1.25	0.0
0	1634	1.24	0.0
0	1635	1.24	0.0
0	1636	1.23	0.0
0	1637	1.23	0.28
0	1638	1.22	0.0
0	1639	1.21	0.0
0	1640	1.2	0.0
0	1641	1.19	0.0
0	1642	1.19	0.0
0	1643	1.17	0.0
0	1644	1.16	0.0
0	1645	1.16	0.0
0	1646	1.15	0.95
0	1647	1.14	0.0
0	1648	1.14	0.0
0	1649	1.14	0.0
0	1650	1.12	0.0
0	1651	1.12	0.0
0	1652	1.11	0.0
0	1653	1.1	0.0
0	1654	1.09	0.0
0	1655	1.08	0.0
0	1656	1.08	0.0
0	1657	1.07	0.0
0	1658	1.07	0.1
0	1659	1.06	0.0
0	1660	1.05	0.33
0	1661	1.05	0.97
0	1662	1.04	0.0
0	1663	1.03	0.0
0	1664	1.02	0.0
0	1665	1.0	0.0
0	1666	1.0	0.0
0	1667	0.98	0.0
0	1668	0.98	0.0
0	1669	0.97	0.0
0	1670	0.97	0.0
0	1671	0.97	0.71
0	1672	0.96	0.0
0	1673	0.96	0.47
0	1674	0.95	0.0
0	1675	0.94	0.0
0	1676	0.94	0.0
0	1677	0.94	0.0
0	1678	0.93	0.0
0	1679	0.93	0.73
0	1680	0.92	0.0
0	1681	0.91	0.5
0	1682	0.9	0.0
0	1683	0.9	0.0
0	1684	0.89	0.0
0	1685	0.89	0.0
0	1686	0.88	0.0
0	1687	0.88	0.0
0	1688	0.88	0.0
0	1689	0.87	0.0
0	1690	0.87	0.65
0	1691	0.87	0.18
0	1692	0.86	0.0
0	1693	0.85	0.0
0	1694	0.85	0.0
0	1695	0.85	0.0
0	1696	0.84	0.0
0	1697	0.83	0.05
0	1698	0.82	0.81
0	1699	0.81	0.0
0	1700	0.8	0.0
0	1701	0.8	0.0
0	1702	0.8	0.09
0	1703	0.79	0.0
0	1704	0.78	0.0
0	1705	0.78	0.47
0	1706	0.75	0.0
0	1707	0.75	0.0
0	1708	0.74	0.0
0	1709	0.74	0.0
0	1710	0.74	0.0
0	1711	0.74	0.0
0	1712	0.73	0.0
0	1713	0.73	0.0
0	1714	0.72	0.0
0	1715	0.72	0.0
0	1716	0.7	0.0
0	1717	0.68	0.0
0	1718	0.68	0.0
0	1719	0.68	0.59
0	1720	0.67	0.0
0	1721	0.64	0.0
0	1722	0.64	0.0
0	1723	0.63	0.0
0	1724	0.63	0.0
0	1725	0.62	0.0
0	1726	0.61	0.0
0	1727	0.61	0.0
0	1728	0.61	0.0
0	1729	0.6	0.0
0	1730	0.59	0.0
0	1731	0.59	0.0
0	1732	0.58	0.0
0	1733	0.56	0.0
0	1734	0.56	0.09
0	1735	0.54	0.0
0	1736	0.54	0.0
0	1737	0.54	0.0
0	1738	0.52	0.0
0	1739	0.51	0.0
0	1740	0.51	0.0
0	1741	0.5	0.0
0	1742	0.5	0.0
0	1743	0.49	0.0
0	1744	0.49	0.0
0	1745	0.49	0.0
0	1746	0.48	0.0
0	1747	0.48	0.0
0	1748	0.47	0.28
0	1749	0.47	0.0
0	1750	0.45	0.0
0	1751	0.45	0.0
0	1752	0.44	0.0
0	1753	0.44	0.0
0	1754	0.43	0.0
0	1755	0.42	0.0
0	1756	0.42	0.0
0	1757	0.42	0.0
0	1758	0.41	0.0
0	1759	0.41	0.0
0	1760	0.4	0.0
0	1761	0.39	0.0
0	1762	0.38	0.0
0	1763	0.37	0.05
0	1764	0.36	0.0
0	1765	0.36	0.0
0	1766	0.35	0.0
0	1767	0.33	0.0
0	1768	0.33	0.0
0	1769	0.32	0.0
0	1770	0.31	0.0
0	1771	0.31	0.0
0	1772	0.3	0.0
0	1773	0.3	0.0
0	1774	0.29	0.0
0	1775	0.28	0.0
0	1776	0.27	0.0
0	1777	0.27	0.0
0	1778	0.26	0.0
0	1779	0.23	0.0
0	1780	0.22	0.0
0	1781	0.22	0.0
0	1782	0.21	0.06
0	1783	0.2	0.0
0	1784	0.19	0.0
0	1785	0.19	0.0
0	1786	0.18	0.0
0	1787	0.17	0.0
0	1788	0.17	0.0
0	1789	0.16	0.0
0	1790	0.15	0.14
0	1791	0.15	0.0
0	1792	0.14	0.0
0	1793	0.14	0.0
0	1794	0.12	0.0
0	1795	0.12	0.0
0	1796	0.1	0.0
0	1797	0.1	0.0
0	1798	0.1	0.0
0	1799	0.09	0.0
0	1800	0.08	0.0
0	1801	0.08	0.0
0	1802	0.08	0.0
0	1803	0.07	0.0
0	1804	0.07	0.0
0	1805	0.07	0.0
0	1806	0.05	0.0
0	1807	0.05	0.0
0	1808	0.04	0.0
0	1809	0.02	0.0
0	1810	0.02	0.0
0	1811	0.02	0.0
0	1812	0.01	0.0
0	1813	0.01	0.0
0	1814	0.01	0.0
