clade	species	ts	te
0	1	100.0	75.18
0	2	98.88	77.18
0	3	94.47	87.49
0	4	93.82	87.21
0	5	93.1	84.38
0	6	92.96	74.25
0	7	92.11	90.58
0	8	91.54	60.9
0	9	91.19	73.05
0	10	89.87	67.97
0	11	87.95	86.73
0	12	87.49	86.68
0	13	87.42	81.45
0	14	86.46	79.54
0	15	85.33	71.34
0	16	85.27	83.2
0	17	83.92	83.73
0	18	81.25	71.22
0	19	79.14	73.64
0	20	78.44	76.14
0	21	78.3	60.77
0	22	76.43	59.42
0	23	75.38	56.37
0	24	74.61	66.06
0	25	73.58	45.51
0	26	73.55	48.52
0	27	73.44	66.19
0	28	73.36	72.0
0	29	72.58	71.34
0	30	72.3	62.02
0	31	71.46	69.41
0	32	70.61	52.85
0	33	69.02	63.42
0	34	68.76	51.01
0	35	68.66	36.57
0	36	68.03	52.81
0	37	67.84	7.24
0	38	66.77	59.38
0	39	66.23	59.74
0	40	65.63	65.56
0	41	64.79	51.02
0	42	64.61	61.54
0	43	64.16	63.79
0	44	64.03	52.34
0	45	64.02	58.28
0	46	63.48	47.84
0	47	63.28	61.3
0	48	63.14	48.18
0	49	62.79	61.42
0	50	62.53	62.33
0	51	61.93	58.14
0	52	61.91	50.54
0	53	61.63	57.05
0	54	61.49	8.39
0	55	61.41	60.88
0	56	60.89	42.28
0	57	60.59	54.98
0	58	60.57	58.74
0	59	60.46	54.77
0	60	60.43	49.48
0	61	60.38	57.88
0	62	60.26	50.32
0	63	60.23	58.3
0	64	59.9	47.85
0	65	59.74	56.25
0	66	59.4	56.58
0	67	59.29	54.4
0	68	59.05	51.13
0	69	59.03	31.86
0	70	58.87	50.76
0	71	58.82	55.34
0	72	58.66	55.03
0	73	58.06	55.95
0	74	57.96	50.82
0	75	57.57	55.14
0	76	57.53	24.42
0	77	56.97	55.67
0	78	56.65	52.19
0	79	56.63	55.03
0	80	56.12	55.09
0	81	55.96	54.03
0	82	55.93	45.87
0	83	55.87	53.71
0	84	55.85	51.03
0	85	55.78	53.09
0	86	55.2	51.76
0	87	54.99	52.54
0	88	54.96	7.56
0	89	54.68	47.52
0	90	54.56	46.19
0	91	54.53	34.91
0	92	54.44	51.92
0	93	54.39	36.79
0	94	54.01	52.26
0	95	53.98	42.08
0	96	53.8	43.96
0	97	53.5	34.93
0	98	53.39	45.5
0	99	53.37	46.46
0	100	53.17	52.73
0	101	53.0	48.58
0	102	52.87	43.29
0	103	52.76	49.92
0	104	52.68	47.67
0	105	52.54	45.06
0	106	52.44	29.24
0	107	52.04	33.83
0	108	51.93	48.6
0	109	51.91	46.68
0	110	51.79	51.09
0	111	51.43	42.36
0	112	51.19	36.89
0	113	50.85	37.3
0	114	50.53	48.15
0	115	50.47	48.28
0	116	50.22	44.39
0	117	50.2	27.69
0	118	50.1	44.18
0	119	49.75	44.52
0	120	49.73	49.36
0	121	49.2	47.57
0	122	48.97	17.83
0	123	47.76	40.26
0	124	47.52	25.5
0	125	47.52	36.51
0	126	47.29	46.9
0	127	47.22	46.99
0	128	47.18	46.2
0	129	46.97	25.23
0	130	46.83	42.43
0	131	46.8	45.13
0	132	46.6	39.8
0	133	46.42	36.52
0	134	46.42	41.32
0	135	46.41	31.11
0	136	46.38	46.28
0	137	46.28	44.2
0	138	45.92	44.34
0	139	45.88	42.83
0	140	45.81	38.6
0	141	45.81	42.83
0	142	45.8	45.32
0	143	45.63	27.03
0	144	45.49	44.21
0	145	45.47	35.58
0	146	45.47	24.8
0	147	45.41	10.14
0	148	45.4	36.58
0	149	45.35	44.04
0	150	44.95	34.36
0	151	44.88	34.27
0	152	44.85	28.9
0	153	44.76	39.22
0	154	44.75	44.18
0	155	44.7	34.82
0	156	44.51	43.68
0	157	44.19	0.0
0	158	44.04	42.86
0	159	44.01	19.8
0	160	43.76	27.6
0	161	43.7	37.45
0	162	43.47	42.46
0	163	43.37	36.77
0	164	43.19	40.31
0	165	43.15	36.51
0	166	43.12	37.43
0	167	43.07	33.13
0	168	43.04	17.31
0	169	43.0	31.48
0	170	42.93	27.8
0	171	42.92	20.57
0	172	42.89	41.33
0	173	42.73	13.67
0	174	42.71	31.36
0	175	42.7	41.42
0	176	42.49	41.53
0	177	42.36	29.31
0	178	42.27	33.74
0	179	42.16	24.66
0	180	42.0	29.22
0	181	42.0	39.12
0	182	41.9	32.07
0	183	41.8	40.07
0	184	41.68	29.22
0	185	41.55	39.28
0	186	41.35	38.86
0	187	41.01	32.16
0	188	40.95	39.98
0	189	40.79	33.42
0	190	40.72	35.51
0	191	40.69	37.95
0	192	40.64	38.87
0	193	40.61	38.94
0	194	40.37	36.29
0	195	40.22	34.75
0	196	40.21	7.28
0	197	39.98	25.63
0	198	39.81	37.87
0	199	39.75	37.0
0	200	39.67	32.92
0	201	39.63	38.2
0	202	39.51	33.46
0	203	39.48	35.12
0	204	39.46	36.61
0	205	39.29	26.62
0	206	39.08	36.28
0	207	39.07	38.22
0	208	38.96	35.76
0	209	38.89	27.46
0	210	38.64	29.0
0	211	38.58	38.06
0	212	38.5	23.84
0	213	38.2	25.04
0	214	37.89	24.87
0	215	37.68	12.63
0	216	37.58	34.53
0	217	37.58	37.1
0	218	37.51	36.96
0	219	37.38	19.4
0	220	37.34	36.9
0	221	37.27	27.49
0	222	37.07	32.99
0	223	37.07	23.47
0	224	36.95	22.35
0	225	36.84	24.88
0	226	36.81	30.39
0	227	36.65	34.29
0	228	36.62	32.42
0	229	36.61	31.8
0	230	36.54	31.15
0	231	36.54	35.26
0	232	36.47	15.78
0	233	36.25	28.4
0	234	36.16	18.23
0	235	36.01	29.0
0	236	36.01	34.9
0	237	35.96	0.0
0	238	35.92	9.87
0	239	35.71	15.61
0	240	35.69	34.39
0	241	35.63	32.39
0	242	35.6	34.14
0	243	35.47	20.15
0	244	35.44	32.95
0	245	35.41	6.73
0	246	35.34	34.87
0	247	35.31	28.01
0	248	35.17	35.06
0	249	35.16	25.58
0	250	35.07	32.62
0	251	35.05	34.8
0	252	35.03	33.51
0	253	35.0	20.82
0	254	34.76	32.66
0	255	34.67	34.59
0	256	34.55	28.59
0	257	34.42	34.32
0	258	34.32	27.28
0	259	34.3	6.2
0	260	34.24	24.95
0	261	34.15	20.5
0	262	33.97	31.76
0	263	33.88	29.08
0	264	33.86	7.5
0	265	33.8	17.68
0	266	33.71	32.9
0	267	33.7	19.25
0	268	33.66	13.44
0	269	33.61	33.25
0	270	33.59	31.69
0	271	33.55	2.45
0	272	33.52	0.0
0	273	33.51	29.02
0	274	33.41	32.8
0	275	33.41	27.31
0	276	33.4	32.5
0	277	33.32	29.92
0	278	33.25	0.0
0	279	33.16	28.0
0	280	33.04	32.13
0	281	32.92	0.0
0	282	32.9	31.27
0	283	32.9	32.12
0	284	32.78	28.71
0	285	32.75	30.27
0	286	32.7	29.44
0	287	32.44	11.18
0	288	32.37	21.4
0	289	32.28	21.06
0	290	32.22	0.0
0	291	32.19	27.59
0	292	32.13	26.48
0	293	32.1	6.66
0	294	32.1	21.19
0	295	32.08	27.32
0	296	32.06	17.03
0	297	31.94	31.66
0	298	31.85	27.75
0	299	31.61	21.05
0	300	31.48	24.31
0	301	31.47	23.39
0	302	31.46	5.26
0	303	31.44	0.0
0	304	31.38	20.53
0	305	31.17	25.09
0	306	31.12	30.56
0	307	31.12	30.95
0	308	31.09	0.0
0	309	31.09	25.84
0	310	31.07	25.71
0	311	31.07	23.76
0	312	30.96	6.14
0	313	30.84	30.81
0	314	30.8	30.43
0	315	30.78	22.84
0	316	30.73	8.95
0	317	30.44	26.07
0	318	30.43	10.41
0	319	30.39	30.02
0	320	30.34	0.0
0	321	30.32	19.74
0	322	30.31	28.94
0	323	30.16	0.0
0	324	30.14	5.67
0	325	30.11	16.59
0	326	30.11	23.41
0	327	30.06	19.05
0	328	29.84	29.47
0	329	29.61	18.67
0	330	29.56	25.61
0	331	29.48	25.69
0	332	29.45	29.33
0	333	29.41	25.57
0	334	29.4	29.11
0	335	29.37	9.93
0	336	29.36	29.07
0	337	29.32	6.0
0	338	29.31	0.0
0	339	29.28	28.28
0	340	29.27	22.14
0	341	29.24	23.94
0	342	29.22	18.19
0	343	29.14	24.44
0	344	29.1	11.73
0	345	29.04	24.37
0	346	29.04	17.58
0	347	29.01	27.52
0	348	28.92	26.98
0	349	28.88	19.73
0	350	28.76	2.2
0	351	28.74	28.22
0	352	28.69	23.96
0	353	28.67	11.95
0	354	28.64	9.89
0	355	28.63	23.39
0	356	28.58	17.27
0	357	28.55	25.9
0	358	28.44	20.96
0	359	28.33	23.5
0	360	28.32	18.33
0	361	28.28	24.73
0	362	28.11	8.21
0	363	28.05	13.22
0	364	27.99	26.61
0	365	27.99	24.59
0	366	27.88	27.75
0	367	27.83	16.64
0	368	27.82	21.47
0	369	27.8	22.52
0	370	27.63	24.35
0	371	27.62	17.02
0	372	27.61	25.55
0	373	27.56	25.74
0	374	27.56	10.88
0	375	27.53	22.87
0	376	27.44	23.72
0	377	27.42	22.85
0	378	27.38	7.4
0	379	27.18	22.96
0	380	27.16	23.2
0	381	27.16	22.61
0	382	27.15	21.92
0	383	27.11	9.3
0	384	27.02	24.99
0	385	27.01	0.0
0	386	26.93	24.37
0	387	26.92	23.29
0	388	26.81	23.47
0	389	26.7	0.0
0	390	26.65	25.38
0	391	26.64	17.39
0	392	26.6	25.12
0	393	26.56	24.1
0	394	26.54	10.68
0	395	26.49	16.35
0	396	26.48	24.19
0	397	26.46	25.85
0	398	26.39	23.47
0	399	26.37	25.96
0	400	26.07	18.05
0	401	26.07	19.58
0	402	26.07	8.38
0	403	26.0	25.99
0	404	25.92	25.04
0	405	25.83	21.61
0	406	25.79	20.79
0	407	25.75	1.29
0	408	25.74	21.84
0	409	25.73	22.9
0	410	25.66	24.4
0	411	25.64	24.9
0	412	25.55	0.0
0	413	25.52	0.0
0	414	25.48	11.36
0	415	25.44	14.28
0	416	25.41	10.97
0	417	25.31	0.02
0	418	25.31	2.0
0	419	25.3	23.99
0	420	25.29	11.29
0	421	25.27	10.22
0	422	25.09	0.31
0	423	25.04	20.01
0	424	25.03	15.74
0	425	25.03	0.0
0	426	24.92	24.24
0	427	24.92	16.19
0	428	24.87	24.56
0	429	24.82	0.0
0	430	24.8	24.2
0	431	24.76	24.32
0	432	24.74	16.92
0	433	24.74	1.49
0	434	24.67	20.54
0	435	24.67	18.23
0	436	24.65	20.44
0	437	24.6	20.79
0	438	24.58	10.49
0	439	24.56	13.23
0	440	24.53	20.8
0	441	24.44	0.0
0	442	24.42	8.88
0	443	24.36	14.53
0	444	24.34	21.86
0	445	24.34	1.33
0	446	24.34	1.38
0	447	24.24	21.01
0	448	24.22	11.11
0	449	24.12	12.3
0	450	24.1	18.34
0	451	24.1	23.68
0	452	24.0	23.07
0	453	23.98	11.68
0	454	23.96	21.68
0	455	23.96	19.89
0	456	23.95	9.67
0	457	23.92	22.43
0	458	23.9	16.75
0	459	23.85	22.8
0	460	23.75	0.0
0	461	23.72	0.0
0	462	23.67	22.26
0	463	23.6	22.31
0	464	23.58	16.43
0	465	23.56	7.91
0	466	23.47	6.43
0	467	23.46	4.86
0	468	23.34	0.0
0	469	23.33	0.93
0	470	23.19	19.4
0	471	23.06	20.89
0	472	22.99	21.14
0	473	22.8	14.74
0	474	22.74	22.1
0	475	22.74	20.05
0	476	22.69	20.56
0	477	22.69	17.61
0	478	22.69	18.98
0	479	22.63	17.74
0	480	22.58	3.3
0	481	22.56	22.35
0	482	22.53	20.4
0	483	22.52	15.56
0	484	22.43	0.0
0	485	22.36	20.16
0	486	22.35	12.73
0	487	22.34	22.19
0	488	22.32	2.47
0	489	22.32	14.01
0	490	22.31	12.07
0	491	22.29	7.13
0	492	22.26	4.77
0	493	22.22	21.73
0	494	22.14	18.83
0	495	22.02	4.47
0	496	21.97	16.63
0	497	21.96	20.59
0	498	21.88	0.0
0	499	21.79	20.1
0	500	21.79	16.5
0	501	21.76	3.72
0	502	21.73	8.36
0	503	21.72	12.85
0	504	21.72	0.0
0	505	21.69	17.34
0	506	21.66	19.95
0	507	21.66	17.18
0	508	21.63	0.0
0	509	21.6	0.0
0	510	21.52	0.88
0	511	21.48	10.79
0	512	21.45	17.53
0	513	21.44	19.39
0	514	21.41	17.67
0	515	21.34	18.8
0	516	21.3	0.0
0	517	21.28	18.84
0	518	21.26	18.49
0	519	21.18	15.28
0	520	21.06	18.24
0	521	21.05	11.78
0	522	20.96	1.8
0	523	20.92	0.0
0	524	20.88	16.98
0	525	20.85	6.88
0	526	20.74	14.88
0	527	20.72	0.0
0	528	20.72	13.94
0	529	20.71	14.05
0	530	20.7	0.0
0	531	20.65	17.73
0	532	20.63	16.34
0	533	20.61	0.0
0	534	20.61	16.94
0	535	20.55	15.02
0	536	20.51	15.66
0	537	20.45	12.27
0	538	20.42	9.77
0	539	20.41	17.5
0	540	20.36	12.75
0	541	20.32	9.21
0	542	20.23	8.84
0	543	20.23	20.04
0	544	20.22	15.39
0	545	20.17	15.36
0	546	20.03	0.0
0	547	19.97	18.32
0	548	19.96	7.5
0	549	19.88	0.0
0	550	19.87	13.4
0	551	19.85	14.71
0	552	19.75	1.55
0	553	19.72	17.25
0	554	19.64	6.82
0	555	19.59	2.21
0	556	19.54	13.43
0	557	19.53	13.9
0	558	19.44	9.44
0	559	19.42	10.65
0	560	19.39	13.8
0	561	19.36	11.94
0	562	19.36	5.81
0	563	19.33	13.5
0	564	19.25	15.75
0	565	19.23	18.82
0	566	19.14	0.0
0	567	19.04	9.11
0	568	19.02	12.47
0	569	18.99	7.95
0	570	18.96	14.68
0	571	18.92	16.35
0	572	18.9	0.66
0	573	18.89	0.0
0	574	18.85	12.86
0	575	18.82	17.39
0	576	18.72	0.0
0	577	18.71	0.0
0	578	18.71	5.78
0	579	18.7	5.82
0	580	18.57	16.75
0	581	18.49	0.0
0	582	18.38	0.0
0	583	18.33	11.81
0	584	18.31	12.53
0	585	18.31	0.0
0	586	18.26	4.62
0	587	18.21	3.59
0	588	18.21	17.1
0	589	18.12	11.14
0	590	18.08	17.63
0	591	18.03	15.09
0	592	17.94	11.0
0	593	17.92	15.66
0	594	17.92	0.0
0	595	17.9	7.63
0	596	17.88	15.31
0	597	17.86	8.48
0	598	17.82	11.03
0	599	17.81	17.15
0	600	17.8	10.9
0	601	17.76	0.0
0	602	17.75	0.0
0	603	17.74	14.0
0	604	17.74	13.1
0	605	17.72	8.4
0	606	17.72	14.25
0	607	17.67	11.49
0	608	17.64	14.49
0	609	17.63	13.58
0	610	17.62	13.46
0	611	17.61	16.36
0	612	17.6	12.4
0	613	17.57	15.72
0	614	17.53	17.29
0	615	17.5	0.0
0	616	17.44	15.49
0	617	17.43	0.0
0	618	17.41	17.19
0	619	17.41	15.29
0	620	17.4	0.0
0	621	17.39	0.0
0	622	17.37	0.0
0	623	17.3	2.98
0	624	17.29	13.97
0	625	17.24	13.04
0	626	17.24	16.46
0	627	17.2	0.0
0	628	17.16	1.87
0	629	17.15	0.0
0	630	17.07	11.94
0	631	17.04	0.0
0	632	16.96	13.5
0	633	16.96	9.61
0	634	16.95	5.29
0	635	16.93	15.17
0	636	16.92	8.09
0	637	16.92	15.64
0	638	16.89	2.41
0	639	16.88	12.5
0	640	16.87	16.36
0	641	16.8	3.42
0	642	16.68	12.85
0	643	16.62	0.0
0	644	16.61	13.69
0	645	16.61	12.33
0	646	16.59	12.06
0	647	16.58	0.0
0	648	16.57	0.0
0	649	16.55	9.65
0	650	16.54	6.36
0	651	16.52	0.0
0	652	16.52	0.0
0	653	16.51	12.95
0	654	16.51	6.73
0	655	16.46	14.04
0	656	16.43	16.25
0	657	16.43	8.25
0	658	16.42	16.31
0	659	16.38	3.8
0	660	16.29	1.75
0	661	16.29	2.01
0	662	16.29	10.12
0	663	16.27	8.73
0	664	16.25	11.19
0	665	16.24	1.41
0	666	16.22	0.0
0	667	16.21	10.12
0	668	16.2	9.86
0	669	16.14	0.0
0	670	16.14	3.72
0	671	16.13	10.18
0	672	16.13	4.9
0	673	16.02	2.62
0	674	15.9	11.78
0	675	15.9	14.55
0	676	15.9	2.49
0	677	15.82	8.28
0	678	15.73	14.51
0	679	15.7	4.24
0	680	15.7	3.58
0	681	15.64	4.37
0	682	15.64	4.42
0	683	15.63	14.31
0	684	15.55	13.45
0	685	15.48	14.65
0	686	15.48	8.92
0	687	15.45	9.09
0	688	15.39	0.0
0	689	15.38	11.41
0	690	15.33	10.62
0	691	15.33	1.38
0	692	15.3	13.23
0	693	15.28	0.0
0	694	15.28	12.32
0	695	15.25	2.57
0	696	15.24	12.63
0	697	15.24	9.48
0	698	15.19	14.45
0	699	15.19	1.97
0	700	15.15	0.54
0	701	15.14	0.39
0	702	15.14	14.02
0	703	15.12	0.0
0	704	15.12	14.44
0	705	15.09	13.81
0	706	15.05	9.85
0	707	15.04	0.0
0	708	15.04	5.31
0	709	15.02	13.96
0	710	15.0	8.37
0	711	14.99	11.42
0	712	14.98	8.23
0	713	14.97	14.71
0	714	14.96	9.31
0	715	14.9	0.0
0	716	14.88	12.65
0	717	14.86	0.0
0	718	14.78	0.0
0	719	14.78	1.01
0	720	14.76	0.0
0	721	14.74	0.16
0	722	14.7	8.78
0	723	14.7	11.11
0	724	14.64	12.84
0	725	14.62	10.37
0	726	14.61	13.32
0	727	14.6	0.0
0	728	14.59	0.0
0	729	14.58	1.33
0	730	14.57	1.47
0	731	14.55	12.14
0	732	14.51	11.56
0	733	14.48	8.97
0	734	14.48	14.06
0	735	14.4	10.38
0	736	14.36	0.0
0	737	14.34	0.0
0	738	14.32	0.0
0	739	14.31	3.55
0	740	14.17	3.69
0	741	14.17	13.59
0	742	14.15	7.43
0	743	14.13	11.68
0	744	14.12	9.44
0	745	14.09	7.24
0	746	14.09	0.06
0	747	14.08	12.89
0	748	14.07	4.4
0	749	14.06	12.13
0	750	14.03	0.0
0	751	14.0	12.02
0	752	13.97	12.51
0	753	13.97	12.95
0	754	13.97	0.0
0	755	13.94	1.22
0	756	13.92	0.0
0	757	13.91	6.04
0	758	13.89	5.57
0	759	13.87	0.0
0	760	13.84	11.54
0	761	13.8	7.96
0	762	13.79	3.27
0	763	13.77	10.88
0	764	13.76	12.71
0	765	13.75	0.0
0	766	13.72	0.26
0	767	13.71	10.79
0	768	13.69	8.84
0	769	13.68	0.0
0	770	13.59	0.0
0	771	13.58	0.0
0	772	13.57	4.74
0	773	13.56	0.0
0	774	13.54	4.88
0	775	13.53	13.09
0	776	13.52	10.08
0	777	13.5	10.33
0	778	13.48	10.65
0	779	13.47	0.0
0	780	13.47	12.56
0	781	13.46	0.07
0	782	13.41	5.11
0	783	13.4	5.62
0	784	13.4	5.62
0	785	13.38	0.0
0	786	13.36	2.35
0	787	13.35	12.6
0	788	13.32	0.0
0	789	13.3	0.0
0	790	13.25	3.22
0	791	13.25	8.6
0	792	13.24	0.0
0	793	13.19	4.97
0	794	13.18	0.0
0	795	13.13	7.01
0	796	13.11	0.0
0	797	13.09	2.71
0	798	13.09	10.81
0	799	13.06	12.51
0	800	13.05	2.8
0	801	13.03	0.0
0	802	13.02	0.0
0	803	13.01	11.11
0	804	12.99	0.0
0	805	12.98	0.0
0	806	12.97	10.17
0	807	12.96	12.86
0	808	12.93	4.86
0	809	12.91	7.57
0	810	12.9	3.47
0	811	12.89	3.81
0	812	12.87	12.76
0	813	12.85	6.3
0	814	12.83	0.0
0	815	12.8	0.0
0	816	12.8	7.15
0	817	12.76	11.81
0	818	12.74	12.32
0	819	12.73	6.38
0	820	12.72	4.01
0	821	12.72	2.82
0	822	12.69	7.66
0	823	12.66	12.01
0	824	12.66	10.03
0	825	12.62	1.59
0	826	12.6	9.03
0	827	12.57	11.95
0	828	12.53	0.0
0	829	12.52	9.47
0	830	12.5	0.0
0	831	12.48	0.0
0	832	12.48	9.52
0	833	12.48	10.19
0	834	12.46	11.51
0	835	12.39	1.1
0	836	12.39	9.95
0	837	12.38	0.0
0	838	12.34	0.0
0	839	12.34	4.31
0	840	12.34	11.15
0	841	12.27	5.25
0	842	12.27	0.0
0	843	12.25	2.45
0	844	12.19	3.56
0	845	12.19	5.1
0	846	12.15	1.82
0	847	12.13	2.52
0	848	12.12	0.0
0	849	12.09	1.96
0	850	12.05	11.13
0	851	12.0	2.5
0	852	11.98	4.9
0	853	11.97	2.99
0	854	11.96	1.88
0	855	11.9	5.74
0	856	11.88	4.23
0	857	11.85	8.24
0	858	11.84	5.75
0	859	11.84	8.2
0	860	11.83	4.4
0	861	11.79	8.43
0	862	11.75	0.0
0	863	11.7	9.18
0	864	11.7	0.0
0	865	11.69	0.0
0	866	11.64	5.75
0	867	11.61	11.58
0	868	11.6	9.4
0	869	11.6	2.66
0	870	11.59	9.09
0	871	11.59	11.4
0	872	11.58	0.0
0	873	11.58	0.0
0	874	11.57	8.28
0	875	11.52	8.42
0	876	11.51	10.64
0	877	11.5	9.75
0	878	11.47	8.62
0	879	11.47	0.0
0	880	11.47	0.0
0	881	11.46	6.95
0	882	11.45	5.43
0	883	11.42	0.0
0	884	11.42	10.77
0	885	11.41	0.0
0	886	11.37	5.93
0	887	11.33	10.27
0	888	11.31	11.24
0	889	11.3	10.67
0	890	11.28	0.0
0	891	11.24	7.7
0	892	11.19	9.4
0	893	11.19	0.0
0	894	11.15	7.85
0	895	11.14	0.0
0	896	11.11	10.66
0	897	11.11	0.0
0	898	11.09	8.04
0	899	11.06	0.0
0	900	11.05	10.51
0	901	11.05	0.0
0	902	11.04	0.0
0	903	11.03	6.94
0	904	11.01	5.1
0	905	11.0	2.27
0	906	10.99	9.9
0	907	10.97	8.14
0	908	10.95	8.73
0	909	10.92	5.11
0	910	10.91	8.9
0	911	10.89	9.33
0	912	10.89	9.24
0	913	10.84	0.0
0	914	10.82	3.15
0	915	10.81	7.12
0	916	10.79	9.39
0	917	10.79	0.0
0	918	10.77	3.6
0	919	10.74	4.67
0	920	10.73	0.0
0	921	10.68	7.26
0	922	10.65	7.82
0	923	10.54	10.51
0	924	10.53	9.76
0	925	10.53	3.13
0	926	10.52	6.45
0	927	10.49	1.57
0	928	10.45	9.7
0	929	10.45	4.42
0	930	10.44	8.98
0	931	10.43	9.67
0	932	10.41	8.23
0	933	10.4	4.42
0	934	10.37	6.57
0	935	10.37	0.0
0	936	10.35	8.03
0	937	10.34	0.0
0	938	10.31	3.9
0	939	10.29	0.0
0	940	10.28	5.1
0	941	10.27	5.84
0	942	10.25	1.75
0	943	10.25	0.0
0	944	10.2	0.0
0	945	10.18	7.65
0	946	10.18	0.72
0	947	10.14	0.0
0	948	10.1	0.0
0	949	10.08	9.94
0	950	10.07	7.36
0	951	10.03	0.84
0	952	10.02	0.0
0	953	10.0	0.37
0	954	9.99	4.12
0	955	9.9	0.0
0	956	9.89	5.55
0	957	9.89	0.0
0	958	9.85	2.48
0	959	9.81	9.57
0	960	9.79	9.24
0	961	9.79	0.0
0	962	9.78	9.1
0	963	9.77	8.48
0	964	9.72	8.43
0	965	9.69	4.61
0	966	9.67	7.8
0	967	9.66	6.03
0	968	9.65	5.45
0	969	9.65	8.37
0	970	9.63	0.0
0	971	9.62	5.73
0	972	9.61	9.16
0	973	9.59	7.02
0	974	9.59	9.13
0	975	9.57	0.0
0	976	9.57	2.18
0	977	9.56	9.03
0	978	9.55	3.52
0	979	9.54	4.36
0	980	9.51	0.0
0	981	9.49	7.11
0	982	9.49	0.0
0	983	9.48	0.0
0	984	9.45	4.23
0	985	9.41	1.62
0	986	9.4	0.0
0	987	9.36	5.68
0	988	9.34	0.0
0	989	9.31	4.06
0	990	9.28	0.0
0	991	9.22	0.0
0	992	9.21	5.47
0	993	9.19	2.33
0	994	9.15	2.39
0	995	9.14	3.41
0	996	9.13	0.15
0	997	9.13	0.0
0	998	9.1	0.0
0	999	9.1	8.29
0	1000	9.09	0.0
0	1001	9.08	2.31
0	1002	9.08	0.0
0	1003	9.06	0.0
0	1004	9.03	3.27
0	1005	9.01	0.0
0	1006	8.98	7.8
0	1007	8.93	5.81
0	1008	8.92	0.0
0	1009	8.9	0.0
0	1010	8.88	0.0
0	1011	8.86	0.0
0	1012	8.85	3.96
0	1013	8.85	5.69
0	1014	8.81	3.31
0	1015	8.81	2.53
0	1016	8.81	0.0
0	1017	8.8	5.8
0	1018	8.78	0.0
0	1019	8.77	0.0
0	1020	8.76	8.04
0	1021	8.75	4.4
0	1022	8.71	3.27
0	1023	8.7	0.0
0	1024	8.68	2.33
0	1025	8.68	0.0
0	1026	8.65	8.07
0	1027	8.63	3.8
0	1028	8.61	0.0
0	1029	8.61	7.81
0	1030	8.6	7.58
0	1031	8.6	0.39
0	1032	8.6	1.02
0	1033	8.51	1.36
0	1034	8.49	0.0
0	1035	8.48	0.0
0	1036	8.48	5.58
0	1037	8.47	5.79
0	1038	8.46	0.0
0	1039	8.44	5.65
0	1040	8.41	0.0
0	1041	8.38	5.67
0	1042	8.37	0.0
0	1043	8.36	0.0
0	1044	8.36	7.94
0	1045	8.35	0.0
0	1046	8.33	0.0
0	1047	8.33	0.0
0	1048	8.31	3.12
0	1049	8.29	5.05
0	1050	8.27	0.0
0	1051	8.27	3.77
0	1052	8.24	5.69
0	1053	8.24	0.0
0	1054	8.2	7.14
0	1055	8.19	7.06
0	1056	8.18	0.0
0	1057	8.14	2.62
0	1058	8.12	6.38
0	1059	8.06	0.0
0	1060	8.05	0.0
0	1061	8.03	0.0
0	1062	7.99	0.0
0	1063	7.99	4.81
0	1064	7.96	0.0
0	1065	7.96	5.31
0	1066	7.95	0.67
0	1067	7.92	0.0
0	1068	7.88	0.78
0	1069	7.88	0.0
0	1070	7.87	3.31
0	1071	7.87	0.0
0	1072	7.86	3.78
0	1073	7.85	7.32
0	1074	7.84	0.0
0	1075	7.83	4.23
0	1076	7.81	0.0
0	1077	7.8	4.04
0	1078	7.79	6.75
0	1079	7.77	0.65
0	1080	7.76	3.89
0	1081	7.74	0.0
0	1082	7.73	6.29
0	1083	7.72	5.0
0	1084	7.7	6.56
0	1085	7.67	0.0
0	1086	7.67	5.34
0	1087	7.58	0.0
0	1088	7.58	4.61
0	1089	7.57	0.21
0	1090	7.56	5.24
0	1091	7.54	0.0
0	1092	7.54	5.09
0	1093	7.52	5.67
0	1094	7.45	6.35
0	1095	7.44	0.0
0	1096	7.44	4.33
0	1097	7.43	5.43
0	1098	7.42	0.0
0	1099	7.39	1.34
0	1100	7.38	3.42
0	1101	7.37	0.0
0	1102	7.31	0.29
0	1103	7.28	0.0
0	1104	7.26	0.02
0	1105	7.25	0.0
0	1106	7.23	3.36
0	1107	7.21	0.0
0	1108	7.21	2.05
0	1109	7.2	0.0
0	1110	7.2	0.0
0	1111	7.19	0.0
0	1112	7.17	2.48
0	1113	7.16	0.0
0	1114	7.15	7.01
0	1115	7.14	0.0
0	1116	7.14	1.47
0	1117	7.12	1.38
0	1118	7.09	4.62
0	1119	7.08	5.07
0	1120	7.07	0.0
0	1121	7.06	3.4
0	1122	7.04	1.0
0	1123	7.02	4.77
0	1124	7.02	0.0
0	1125	6.99	0.45
0	1126	6.97	3.71
0	1127	6.97	0.0
0	1128	6.96	6.83
0	1129	6.96	5.14
0	1130	6.94	6.67
0	1131	6.91	1.92
0	1132	6.9	0.0
0	1133	6.86	1.99
0	1134	6.82	4.92
0	1135	6.82	2.09
0	1136	6.79	6.55
0	1137	6.78	6.63
0	1138	6.74	0.0
0	1139	6.71	5.23
0	1140	6.71	0.0
0	1141	6.7	0.0
0	1142	6.69	0.0
0	1143	6.68	0.0
0	1144	6.63	0.0
0	1145	6.62	0.47
0	1146	6.62	0.0
0	1147	6.62	0.0
0	1148	6.62	0.0
0	1149	6.61	5.6
0	1150	6.57	5.46
0	1151	6.57	0.87
0	1152	6.56	0.0
0	1153	6.56	0.0
0	1154	6.55	5.15
0	1155	6.52	2.81
0	1156	6.51	0.89
0	1157	6.5	0.0
0	1158	6.48	5.02
0	1159	6.48	0.0
0	1160	6.48	0.0
0	1161	6.46	0.0
0	1162	6.44	2.44
0	1163	6.44	4.25
0	1164	6.4	2.03
0	1165	6.4	0.0
0	1166	6.4	0.1
0	1167	6.37	3.29
0	1168	6.33	0.0
0	1169	6.31	2.86
0	1170	6.23	5.63
0	1171	6.21	1.25
0	1172	6.2	3.4
0	1173	6.2	5.45
0	1174	6.19	5.16
0	1175	6.18	0.0
0	1176	6.18	0.0
0	1177	6.18	5.72
0	1178	6.16	0.0
0	1179	6.14	4.16
0	1180	6.12	0.0
0	1181	6.03	0.0
0	1182	6.02	1.7
0	1183	6.02	0.0
0	1184	6.01	0.54
0	1185	6.01	2.71
0	1186	6.01	0.0
0	1187	6.0	0.79
0	1188	6.0	2.19
0	1189	5.99	0.0
0	1190	5.98	0.0
0	1191	5.98	4.63
0	1192	5.97	2.63
0	1193	5.96	1.27
0	1194	5.95	0.0
0	1195	5.94	0.94
0	1196	5.92	2.96
0	1197	5.92	0.02
0	1198	5.91	2.31
0	1199	5.91	1.85
0	1200	5.9	0.0
0	1201	5.89	5.53
0	1202	5.69	0.0
0	1203	5.68	0.0
0	1204	5.68	0.0
0	1205	5.66	0.0
0	1206	5.65	0.0
0	1207	5.63	0.0
0	1208	5.63	3.8
0	1209	5.63	1.65
0	1210	5.63	0.0
0	1211	5.62	0.0
0	1212	5.61	0.0
0	1213	5.61	0.0
0	1214	5.61	0.57
0	1215	5.6	4.12
0	1216	5.57	0.0
0	1217	5.51	0.0
0	1218	5.5	3.83
0	1219	5.47	2.16
0	1220	5.47	0.0
0	1221	5.45	3.86
0	1222	5.42	0.0
0	1223	5.4	0.0
0	1224	5.39	0.0
0	1225	5.36	0.0
0	1226	5.34	4.58
0	1227	5.32	0.0
0	1228	5.31	0.0
0	1229	5.3	0.0
0	1230	5.24	2.87
0	1231	5.23	0.0
0	1232	5.21	0.0
0	1233	5.21	0.0
0	1234	5.18	4.97
0	1235	5.17	2.91
0	1236	5.15	0.0
0	1237	5.13	4.7
0	1238	5.13	0.55
0	1239	5.12	0.0
0	1240	5.1	4.29
0	1241	5.08	4.29
0	1242	5.08	0.0
0	1243	5.0	0.0
0	1244	4.99	0.86
0	1245	4.98	4.18
0	1246	4.95	3.67
0	1247	4.94	0.0
0	1248	4.93	0.0
0	1249	4.92	0.0
0	1250	4.91	0.0
0	1251	4.91	0.0
0	1252	4.91	0.0
0	1253	4.9	0.0
0	1254	4.9	1.82
0	1255	4.9	0.0
0	1256	4.89	0.0
0	1257	4.74	0.0
0	1258	4.73	0.0
0	1259	4.72	4.1
0	1260	4.71	0.0
0	1261	4.71	2.3
0	1262	4.69	0.0
0	1263	4.66	0.0
0	1264	4.65	0.0
0	1265	4.61	2.72
0	1266	4.61	0.0
0	1267	4.58	3.47
0	1268	4.58	0.0
0	1269	4.55	0.0
0	1270	4.55	0.0
0	1271	4.55	0.52
0	1272	4.54	0.0
0	1273	4.53	1.86
0	1274	4.5	2.29
0	1275	4.5	0.0
0	1276	4.48	0.0
0	1277	4.48	1.54
0	1278	4.47	0.0
0	1279	4.45	0.0
0	1280	4.44	1.11
0	1281	4.44	1.25
0	1282	4.43	0.88
0	1283	4.4	0.0
0	1284	4.39	0.93
0	1285	4.39	4.09
0	1286	4.35	0.0
0	1287	4.35	0.0
0	1288	4.35	0.0
0	1289	4.34	3.68
0	1290	4.34	1.41
0	1291	4.32	3.83
0	1292	4.32	1.9
0	1293	4.32	3.79
0	1294	4.3	3.81
0	1295	4.29	0.32
0	1296	4.29	3.95
0	1297	4.29	0.0
0	1298	4.26	0.79
0	1299	4.2	0.0
0	1300	4.18	0.0
0	1301	4.16	0.0
0	1302	4.16	2.25
0	1303	4.16	0.0
0	1304	4.16	0.0
0	1305	4.14	0.39
0	1306	4.14	0.0
0	1307	4.12	0.0
0	1308	4.1	0.26
0	1309	4.07	0.0
0	1310	4.07	0.0
0	1311	4.04	0.23
0	1312	4.03	0.0
0	1313	4.03	0.0
0	1314	4.03	0.0
0	1315	4.03	0.0
0	1316	4.0	0.0
0	1317	3.99	0.0
0	1318	3.99	0.0
0	1319	3.94	0.0
0	1320	3.94	1.81
0	1321	3.91	0.0
0	1322	3.89	0.0
0	1323	3.89	0.0
0	1324	3.89	0.0
0	1325	3.87	0.0
0	1326	3.87	0.0
0	1327	3.87	0.0
0	1328	3.86	0.0
0	1329	3.86	0.36
0	1330	3.86	0.0
0	1331	3.84	3.33
0	1332	3.81	2.81
0	1333	3.8	0.0
0	1334	3.79	3.37
0	1335	3.78	0.0
0	1336	3.75	0.0
0	1337	3.74	0.0
0	1338	3.74	0.0
0	1339	3.74	0.0
0	1340	3.69	0.0
0	1341	3.68	3.1
0	1342	3.68	0.0
0	1343	3.67	1.59
0	1344	3.66	0.0
0	1345	3.66	0.0
0	1346	3.64	2.35
0	1347	3.64	0.09
0	1348	3.64	0.0
0	1349	3.62	2.02
0	1350	3.62	1.99
0	1351	3.62	0.0
0	1352	3.61	0.35
0	1353	3.6	0.0
0	1354	3.59	0.0
0	1355	3.59	0.0
0	1356	3.58	0.0
0	1357	3.58	0.0
0	1358	3.57	0.0
0	1359	3.56	0.0
0	1360	3.56	0.0
0	1361	3.56	0.0
0	1362	3.55	0.0
0	1363	3.54	0.0
0	1364	3.52	0.0
0	1365	3.52	2.65
0	1366	3.5	2.12
0	1367	3.5	0.0
0	1368	3.47	0.0
0	1369	3.46	3.15
0	1370	3.46	1.32
0	1371	3.45	1.17
0	1372	3.44	0.0
0	1373	3.43	1.06
0	1374	3.42	0.0
0	1375	3.41	0.72
0	1376	3.41	1.78
0	1377	3.38	0.0
0	1378	3.34	1.9
0	1379	3.34	0.0
0	1380	3.34	0.0
0	1381	3.33	0.0
0	1382	3.31	0.0
0	1383	3.31	1.16
0	1384	3.29	0.0
0	1385	3.28	0.0
0	1386	3.27	1.71
0	1387	3.22	0.0
0	1388	3.22	0.0
0	1389	3.19	1.48
0	1390	3.17	0.0
0	1391	3.15	0.0
0	1392	3.14	0.0
0	1393	3.13	0.0
0	1394	3.13	0.91
0	1395	3.12	0.0
0	1396	3.09	0.0
0	1397	3.08	0.0
0	1398	3.08	0.0
0	1399	3.07	0.0
0	1400	3.06	0.0
0	1401	3.04	0.0
0	1402	3.04	0.0
0	1403	3.03	0.0
0	1404	3.03	0.0
0	1405	3.01	0.0
0	1406	3.0	0.0
0	1407	2.97	0.0
0	1408	2.97	2.12
0	1409	2.96	2.81
0	1410	2.94	0.0
0	1411	2.94	2.25
0	1412	2.93	0.0
0	1413	2.92	0.0
0	1414	2.91	0.0
0	1415	2.91	0.0
0	1416	2.91	0.0
0	1417	2.9	0.0
0	1418	2.9	0.0
0	1419	2.89	2.68
0	1420	2.89	0.0
0	1421	2.88	0.0
0	1422	2.88	2.01
0	1423	2.88	0.0
0	1424	2.87	0.0
0	1425	2.86	0.0
0	1426	2.85	0.39
0	1427	2.85	0.0
0	1428	2.83	0.0
0	1429	2.81	0.0
0	1430	2.78	2.7
0	1431	2.77	0.0
0	1432	2.76	0.0
0	1433	2.74	0.41
0	1434	2.74	0.0
0	1435	2.73	0.0
0	1436	2.73	0.0
0	1437	2.72	0.0
0	1438	2.7	2.05
0	1439	2.69	0.0
0	1440	2.68	2.27
0	1441	2.67	0.0
0	1442	2.66	0.81
0	1443	2.66	0.0
0	1444	2.65	0.0
0	1445	2.65	0.0
0	1446	2.61	0.0
0	1447	2.6	0.0
0	1448	2.6	0.0
0	1449	2.58	0.0
0	1450	2.57	0.0
0	1451	2.56	0.0
0	1452	2.56	0.0
0	1453	2.55	0.0
0	1454	2.55	0.0
0	1455	2.53	0.0
0	1456	2.53	0.93
0	1457	2.53	0.0
0	1458	2.51	0.0
0	1459	2.5	0.0
0	1460	2.49	0.0
0	1461	2.48	1.46
0	1462	2.48	0.0
0	1463	2.47	0.44
0	1464	2.47	0.0
0	1465	2.47	0.0
0	1466	2.45	0.0
0	1467	2.45	0.0
0	1468	2.45	0.0
0	1469	2.44	0.0
0	1470	2.44	0.0
0	1471	2.43	0.0
0	1472	2.43	0.0
0	1473	2.43	1.16
0	1474	2.43	0.0
0	1475	2.4	0.0
0	1476	2.4	0.0
0	1477	2.4	0.0
0	1478	2.37	2.12
0	1479	2.36	0.0
0	1480	2.35	0.0
0	1481	2.35	1.8
0	1482	2.32	0.0
0	1483	2.32	0.0
0	1484	2.29	0.0
0	1485	2.28	0.0
0	1486	2.28	0.0
0	1487	2.27	0.0
0	1488	2.27	0.88
0	1489	2.26	0.0
0	1490	2.26	0.0
0	1491	2.25	0.0
0	1492	2.24	0.0
0	1493	2.24	0.0
0	1494	2.2	0.0
0	1495	2.19	0.0
0	1496	2.18	0.0
0	1497	2.18	0.0
0	1498	2.18	0.0
0	1499	2.18	0.0
0	1500	2.17	2.09
0	1501	2.17	0.0
0	1502	2.16	0.0
0	1503	2.15	0.0
0	1504	2.15	0.58
0	1505	2.14	0.0
0	1506	2.13	0.0
0	1507	2.11	0.0
0	1508	2.11	0.0
0	1509	2.09	0.0
0	1510	2.07	0.0
0	1511	2.06	0.0
0	1512	2.05	0.0
0	1513	2.05	0.0
0	1514	2.04	0.0
0	1515	2.03	0.0
0	1516	2.02	0.0
0	1517	2.01	0.0
0	1518	2.0	0.0
0	1519	1.98	0.0
0	1520	1.97	0.0
0	1521	1.97	0.0
0	1522	1.95	0.0
0	1523	1.94	0.0
0	1524	1.93	0.0
0	1525	1.93	0.0
0	1526	1.93	0.0
0	1527	1.92	1.15
0	1528	1.91	0.06
0	1529	1.9	0.25
0	1530	1.89	0.0
0	1531	1.88	0.0
0	1532	1.88	0.0
0	1533	1.87	1.3
0	1534	1.87	0.0
0	1535	1.86	0.0
0	1536	1.86	0.0
0	1537	1.86	0.0
0	1538	1.86	0.0
0	1539	1.83	0.0
0	1540	1.83	0.0
0	1541	1.82	0.0
0	1542	1.82	1.56
0	1543	1.82	0.0
0	1544	1.8	0.0
0	1545	1.77	0.0
0	1546	1.77	0.0
0	1547	1.76	0.0
0	1548	1.75	0.0
0	1549	1.75	0.0
0	1550	1.73	0.0
0	1551	1.7	0.0
0	1552	1.69	0.0
0	1553	1.69	0.0
0	1554	1.66	0.0
0	1555	1.65	0.0
0	1556	1.63	0.82
0	1557	1.63	0.0
0	1558	1.63	0.0
0	1559	1.63	1.22
0	1560	1.6	0.0
0	1561	1.58	0.0
0	1562	1.56	0.0
0	1563	1.54	0.0
0	1564	1.53	0.0
0	1565	1.53	0.0
0	1566	1.5	0.0
0	1567	1.48	0.0
0	1568	1.44	0.0
0	1569	1.44	0.0
0	1570	1.43	0.77
0	1571	1.43	0.0
0	1572	1.42	0.0
0	1573	1.41	0.0
0	1574	1.4	0.0
0	1575	1.4	0.0
0	1576	1.39	0.0
0	1577	1.39	0.0
0	1578	1.38	0.0
0	1579	1.35	0.0
0	1580	1.35	0.0
0	1581	1.35	0.0
0	1582	1.35	0.0
0	1583	1.34	0.0
0	1584	1.33	0.0
0	1585	1.32	0.0
0	1586	1.32	0.0
0	1587	1.31	0.07
0	1588	1.29	0.0
0	1589	1.27	0.0
0	1590	1.27	0.0
0	1591	1.26	0.0
0	1592	1.25	0.0
0	1593	1.24	0.0
0	1594	1.23	0.0
0	1595	1.21	0.0
0	1596	1.2	0.26
0	1597	1.18	0.0
0	1598	1.18	0.0
0	1599	1.17	0.0
0	1600	1.17	0.0
0	1601	1.16	0.0
0	1602	1.15	0.0
0	1603	1.13	0.0
0	1604	1.12	0.0
0	1605	1.12	1.05
0	1606	1.11	0.0
0	1607	1.09	0.0
0	1608	1.09	0.0
0	1609	1.09	0.0
0	1610	1.08	0.0
0	1611	1.06	0.0
0	1612	1.04	0.0
0	1613	1.02	0.0
0	1614	1.01	0.0
0	1615	1.01	0.0
0	1616	1.0	0.0
0	1617	1.0	0.0
0	1618	1.0	0.0
0	1619	1.0	0.0
0	1620	0.99	0.0
0	1621	0.99	0.0
0	1622	0.98	0.0
0	1623	0.98	0.0
0	1624	0.96	0.0
0	1625	0.96	0.0
0	1626	0.95	0.0
0	1627	0.93	0.0
0	1628	0.92	0.0
0	1629	0.9	0.78
0	1630	0.9	0.0
0	1631	0.86	0.0
0	1632	0.85	0.0
0	1633	0.85	0.0
0	1634	0.85	0.0
0	1635	0.85	0.0
0	1636	0.84	0.0
0	1637	0.83	0.0
0	1638	0.83	0.0
0	1639	0.81	0.0
0	1640	0.8	0.0
0	1641	0.8	0.0
0	1642	0.78	0.0
0	1643	0.77	0.0
0	1644	0.76	0.0
0	1645	0.74	0.21
0	1646	0.74	0.0
0	1647	0.73	0.07
0	1648	0.73	0.0
0	1649	0.72	0.0
0	1650	0.71	0.59
0	1651	0.7	0.0
0	1652	0.7	0.0
0	1653	0.69	0.0
0	1654	0.69	0.0
0	1655	0.67	0.0
0	1656	0.66	0.0
0	1657	0.65	0.0
0	1658	0.65	0.0
0	1659	0.64	0.0
0	1660	0.63	0.0
0	1661	0.62	0.0
0	1662	0.62	0.0
0	1663	0.62	0.0
0	1664	0.61	0.0
0	1665	0.6	0.0
0	1666	0.6	0.0
0	1667	0.58	0.0
0	1668	0.58	0.0
0	1669	0.57	0.0
0	1670	0.56	0.0
0	1671	0.53	0.0
0	1672	0.53	0.0
0	1673	0.52	0.0
0	1674	0.52	0.0
0	1675	0.5	0.0
0	1676	0.5	0.0
0	1677	0.49	0.0
0	1678	0.48	0.0
0	1679	0.46	0.0
0	1680	0.46	0.0
0	1681	0.46	0.0
0	1682	0.43	0.0
0	1683	0.43	0.0
0	1684	0.42	0.0
0	1685	0.42	0.0
0	1686	0.41	0.0
0	1687	0.41	0.0
0	1688	0.4	0.0
0	1689	0.39	0.0
0	1690	0.38	0.0
0	1691	0.38	0.0
0	1692	0.38	0.0
0	1693	0.38	0.0
0	1694	0.37	0.0
0	1695	0.35	0.0
0	1696	0.33	0.0
0	1697	0.33	0.0
0	1698	0.32	0.0
0	1699	0.31	0.0
0	1700	0.3	0.0
0	1701	0.3	0.0
0	1702	0.3	0.0
0	1703	0.28	0.0
0	1704	0.28	0.0
0	1705	0.27	0.0
0	1706	0.26	0.0
0	1707	0.24	0.0
0	1708	0.22	0.0
0	1709	0.2	0.0
0	1710	0.18	0.0
0	1711	0.17	0.0
0	1712	0.13	0.0
0	1713	0.13	0.0
0	1714	0.13	0.0
0	1715	0.13	0.0
0	1716	0.13	0.0
0	1717	0.11	0.0
0	1718	0.11	0.0
0	1719	0.11	0.0
0	1720	0.11	0.0
0	1721	0.1	0.0
0	1722	0.08	0.0
0	1723	0.07	0.0
0	1724	0.07	0.0
0	1725	0.06	0.0
0	1726	0.02	0.0
0	1727	0.02	0.0
0	1728	0.01	0.0
