clade	species	ts	te
0	1	100.0	92.25
0	2	99.48	73.68
0	3	91.17	72.83
0	4	82.41	79.26
0	5	80.21	43.66
0	6	79.98	56.67
0	7	79.69	66.11
0	8	78.36	77.18
0	9	76.68	76.64
0	10	74.73	62.01
0	11	74.63	64.37
0	12	72.88	50.62
0	13	72.65	70.33
0	14	72.37	70.14
0	15	71.65	70.33
0	16	71.4	55.44
0	17	70.53	50.3
0	18	70.33	57.71
0	19	69.65	64.87
0	20	69.03	61.89
0	21	68.95	64.14
0	22	68.91	53.34
0	23	68.2	61.48
0	24	67.71	63.66
0	25	66.44	64.68
0	26	65.54	46.56
0	27	65.54	59.43
0	28	64.68	58.45
0	29	63.97	55.4
0	30	62.91	62.88
0	31	62.65	52.18
0	32	61.94	50.26
0	33	61.77	54.04
0	34	61.74	60.3
0	35	61.73	57.3
0	36	60.88	53.92
0	37	60.4	53.36
0	38	60.22	51.92
0	39	58.83	43.12
0	40	58.63	53.46
0	41	58.63	41.74
0	42	58.48	53.43
0	43	58.31	54.85
0	44	58.17	55.9
0	45	57.67	46.15
0	46	57.37	54.85
0	47	57.1	51.18
0	48	56.95	54.19
0	49	56.73	33.91
0	50	56.19	39.12
0	51	56.02	53.98
0	52	55.95	49.28
0	53	55.9	52.19
0	54	55.82	50.74
0	55	55.7	44.99
0	56	55.65	40.56
0	57	55.54	33.24
0	58	55.52	52.2
0	59	55.1	49.46
0	60	54.97	52.53
0	61	54.92	52.6
0	62	54.49	40.94
0	63	54.09	26.85
0	64	53.83	53.53
0	65	53.49	48.79
0	66	53.32	48.14
0	67	53.06	28.15
0	68	52.99	47.59
0	69	52.83	51.24
0	70	52.78	49.26
0	71	52.66	34.43
0	72	52.6	24.63
0	73	52.42	42.63
0	74	52.42	41.56
0	75	51.84	29.14
0	76	51.8	47.29
0	77	51.78	42.21
0	78	50.94	47.18
0	79	50.7	16.52
0	80	50.56	50.39
0	81	50.37	35.85
0	82	49.66	37.72
0	83	49.63	39.08
0	84	49.3	47.75
0	85	48.79	43.14
0	86	48.77	37.9
0	87	48.47	31.85
0	88	48.34	45.47
0	89	48.23	44.12
0	90	48.09	39.34
0	91	48.0	31.57
0	92	47.98	47.1
0	93	47.59	36.02
0	94	47.57	22.41
0	95	47.45	41.9
0	96	47.43	37.75
0	97	47.32	38.23
0	98	47.1	8.02
0	99	46.91	41.65
0	100	46.87	45.7
0	101	46.84	45.88
0	102	46.79	29.97
0	103	46.72	42.29
0	104	46.32	38.59
0	105	46.02	16.25
0	106	46.01	27.98
0	107	45.86	41.5
0	108	45.86	37.94
0	109	45.7	44.88
0	110	45.69	40.28
0	111	45.65	0.0
0	112	45.6	38.24
0	113	45.42	32.7
0	114	45.39	41.75
0	115	45.28	41.73
0	116	45.17	32.69
0	117	44.93	9.92
0	118	44.85	41.34
0	119	44.83	37.82
0	120	44.6	40.75
0	121	44.45	43.8
0	122	44.4	38.39
0	123	44.38	30.92
0	124	44.38	38.43
0	125	44.16	33.4
0	126	44.13	42.79
0	127	43.99	42.26
0	128	43.95	42.86
0	129	43.92	34.33
0	130	43.81	16.25
0	131	43.63	43.38
0	132	43.61	36.47
0	133	43.51	43.42
0	134	43.47	27.5
0	135	43.39	43.27
0	136	43.28	22.31
0	137	43.24	17.6
0	138	43.2	14.59
0	139	43.19	39.51
0	140	43.11	42.35
0	141	42.94	38.12
0	142	42.63	39.98
0	143	42.55	34.64
0	144	42.47	31.62
0	145	42.44	33.11
0	146	42.24	41.01
0	147	42.24	34.72
0	148	42.24	39.24
0	149	41.97	28.67
0	150	41.73	35.98
0	151	41.67	41.57
0	152	41.45	34.49
0	153	41.34	31.7
0	154	41.11	40.21
0	155	40.96	39.6
0	156	40.95	29.46
0	157	40.61	31.56
0	158	40.44	34.71
0	159	40.39	28.96
0	160	40.26	38.52
0	161	40.14	38.9
0	162	40.1	26.61
0	163	39.69	38.21
0	164	39.66	28.03
0	165	39.64	38.71
0	166	39.55	8.79
0	167	39.35	34.74
0	168	39.3	30.57
0	169	39.28	21.33
0	170	39.27	11.72
0	171	39.26	30.08
0	172	39.11	0.0
0	173	39.03	22.33
0	174	38.84	31.87
0	175	38.78	21.48
0	176	38.66	37.45
0	177	38.66	9.3
0	178	38.65	29.09
0	179	38.64	34.53
0	180	38.62	31.27
0	181	38.49	19.14
0	182	38.48	0.0
0	183	38.33	33.87
0	184	38.26	30.18
0	185	38.25	31.22
0	186	38.17	32.44
0	187	38.09	32.31
0	188	38.04	37.25
0	189	37.63	28.1
0	190	37.62	32.79
0	191	37.5	36.32
0	192	37.39	22.83
0	193	37.22	36.42
0	194	37.21	28.84
0	195	37.14	16.28
0	196	37.01	36.88
0	197	36.87	16.82
0	198	36.77	30.14
0	199	36.5	34.66
0	200	36.46	28.49
0	201	36.37	18.12
0	202	36.31	8.96
0	203	36.15	32.17
0	204	35.89	31.55
0	205	35.82	18.21
0	206	35.63	28.17
0	207	35.6	25.26
0	208	35.57	0.0
0	209	35.53	11.65
0	210	35.52	18.47
0	211	35.44	0.0
0	212	35.41	32.8
0	213	35.4	25.06
0	214	35.19	29.07
0	215	35.19	26.81
0	216	35.17	25.42
0	217	35.13	16.76
0	218	35.11	27.89
0	219	35.07	22.65
0	220	35.03	26.7
0	221	34.86	32.63
0	222	34.83	33.32
0	223	34.74	14.59
0	224	34.73	34.38
0	225	34.62	0.0
0	226	34.6	30.08
0	227	34.58	28.97
0	228	34.48	26.08
0	229	34.4	22.34
0	230	34.32	15.2
0	231	34.15	10.62
0	232	33.98	24.75
0	233	33.86	25.55
0	234	33.83	16.39
0	235	33.8	31.41
0	236	33.73	22.87
0	237	33.37	32.17
0	238	33.3	5.78
0	239	33.26	22.68
0	240	33.25	12.9
0	241	33.13	32.8
0	242	33.13	23.05
0	243	33.09	27.27
0	244	32.96	26.54
0	245	32.96	30.19
0	246	32.63	21.79
0	247	32.54	22.63
0	248	32.48	30.53
0	249	32.32	26.76
0	250	32.26	24.16
0	251	32.21	30.91
0	252	32.21	26.18
0	253	32.13	30.81
0	254	32.12	23.43
0	255	32.1	29.89
0	256	32.09	28.86
0	257	32.08	21.13
0	258	32.03	31.18
0	259	31.91	28.25
0	260	31.89	18.59
0	261	31.85	23.83
0	262	31.83	24.59
0	263	31.8	22.32
0	264	31.72	19.71
0	265	31.67	2.39
0	266	31.54	29.48
0	267	31.49	30.79
0	268	31.45	28.86
0	269	31.4	24.04
0	270	31.3	29.92
0	271	31.18	28.79
0	272	31.14	26.52
0	273	31.11	0.0
0	274	31.07	19.35
0	275	30.88	20.19
0	276	30.84	21.88
0	277	30.81	27.78
0	278	30.78	0.0
0	279	30.76	30.11
0	280	30.76	8.56
0	281	30.74	14.88
0	282	30.64	27.47
0	283	30.51	24.27
0	284	30.49	25.21
0	285	30.36	24.39
0	286	30.36	23.49
0	287	30.23	21.32
0	288	30.17	27.56
0	289	30.1	9.91
0	290	30.01	29.25
0	291	30.0	27.26
0	292	29.95	28.48
0	293	29.86	25.94
0	294	29.72	27.33
0	295	29.7	15.24
0	296	29.69	26.58
0	297	29.56	17.99
0	298	29.56	27.67
0	299	29.47	29.41
0	300	29.43	28.08
0	301	29.38	27.67
0	302	29.34	29.18
0	303	29.31	16.41
0	304	29.29	16.48
0	305	29.28	14.02
0	306	29.24	28.58
0	307	29.24	20.74
0	308	29.24	19.36
0	309	29.11	14.22
0	310	28.97	28.94
0	311	28.94	26.91
0	312	28.91	28.29
0	313	28.88	23.53
0	314	28.86	28.59
0	315	28.86	23.75
0	316	28.85	21.57
0	317	28.82	24.03
0	318	28.79	17.03
0	319	28.72	27.4
0	320	28.67	6.44
0	321	28.67	23.61
0	322	28.43	19.25
0	323	28.36	17.07
0	324	28.32	21.84
0	325	28.32	27.62
0	326	28.24	27.52
0	327	28.14	0.0
0	328	28.12	21.2
0	329	27.99	11.59
0	330	27.98	0.0
0	331	27.88	11.83
0	332	27.85	27.7
0	333	27.84	20.04
0	334	27.82	19.93
0	335	27.81	19.85
0	336	27.79	25.67
0	337	27.75	10.18
0	338	27.58	23.13
0	339	27.55	22.64
0	340	27.51	20.44
0	341	27.5	27.04
0	342	27.5	5.31
0	343	27.35	2.67
0	344	27.31	26.68
0	345	27.19	10.72
0	346	27.19	2.93
0	347	27.09	14.39
0	348	27.09	22.77
0	349	27.07	14.79
0	350	27.03	23.9
0	351	26.97	12.01
0	352	26.95	23.57
0	353	26.91	17.5
0	354	26.9	10.33
0	355	26.81	25.75
0	356	26.68	19.74
0	357	26.65	14.11
0	358	26.59	25.42
0	359	26.5	20.84
0	360	26.41	20.51
0	361	26.38	21.27
0	362	26.38	16.78
0	363	26.38	16.29
0	364	26.37	17.98
0	365	26.35	0.0
0	366	26.34	24.61
0	367	26.29	24.11
0	368	26.28	18.23
0	369	26.22	23.65
0	370	26.15	0.0
0	371	26.07	17.85
0	372	25.97	25.76
0	373	25.93	16.31
0	374	25.84	19.24
0	375	25.8	25.59
0	376	25.79	24.75
0	377	25.54	21.68
0	378	25.52	17.18
0	379	25.44	16.99
0	380	25.38	22.62
0	381	25.23	18.79
0	382	25.22	23.44
0	383	25.21	12.86
0	384	25.19	19.21
0	385	25.16	3.94
0	386	25.13	13.09
0	387	25.01	7.65
0	388	25.0	2.9
0	389	24.99	6.46
0	390	24.91	18.51
0	391	24.85	23.37
0	392	24.8	22.08
0	393	24.78	12.55
0	394	24.75	20.79
0	395	24.71	0.0
0	396	24.66	17.17
0	397	24.62	22.86
0	398	24.62	19.28
0	399	24.55	0.0
0	400	24.54	10.77
0	401	24.51	19.74
0	402	24.5	16.93
0	403	24.48	20.56
0	404	24.47	18.44
0	405	24.46	5.35
0	406	24.4	4.73
0	407	24.39	24.32
0	408	24.37	12.58
0	409	24.37	5.85
0	410	24.34	23.49
0	411	24.31	17.9
0	412	24.31	16.05
0	413	24.3	17.76
0	414	24.28	2.36
0	415	24.27	20.9
0	416	24.25	23.01
0	417	24.12	10.37
0	418	24.08	7.46
0	419	24.05	22.75
0	420	24.01	17.63
0	421	24.01	2.2
0	422	23.97	23.53
0	423	23.92	5.85
0	424	23.92	22.86
0	425	23.87	23.17
0	426	23.75	12.08
0	427	23.73	3.38
0	428	23.71	21.25
0	429	23.69	0.0
0	430	23.69	19.39
0	431	23.69	3.4
0	432	23.67	20.23
0	433	23.67	19.09
0	434	23.67	14.28
0	435	23.67	0.0
0	436	23.66	9.94
0	437	23.64	10.16
0	438	23.63	23.08
0	439	23.62	18.01
0	440	23.59	18.12
0	441	23.58	19.51
0	442	23.56	0.0
0	443	23.53	0.0
0	444	23.5	18.11
0	445	23.46	21.89
0	446	23.44	20.6
0	447	23.37	0.0
0	448	23.36	15.66
0	449	23.35	13.69
0	450	23.3	23.23
0	451	23.25	22.75
0	452	23.24	11.81
0	453	23.23	15.13
0	454	23.18	13.23
0	455	23.17	21.87
0	456	23.13	7.92
0	457	23.11	19.41
0	458	23.06	22.86
0	459	23.06	7.96
0	460	23.04	18.49
0	461	23.0	13.01
0	462	22.95	15.67
0	463	22.91	18.29
0	464	22.9	22.88
0	465	22.9	5.27
0	466	22.87	15.52
0	467	22.86	21.49
0	468	22.8	22.08
0	469	22.78	20.72
0	470	22.73	12.33
0	471	22.62	19.13
0	472	22.62	21.99
0	473	22.61	3.32
0	474	22.6	1.46
0	475	22.6	0.0
0	476	22.6	20.84
0	477	22.57	7.58
0	478	22.49	15.9
0	479	22.49	9.51
0	480	22.46	17.68
0	481	22.38	19.53
0	482	22.32	18.19
0	483	22.32	8.95
0	484	22.31	11.7
0	485	22.28	18.68
0	486	22.23	0.0
0	487	22.06	5.08
0	488	22.06	16.07
0	489	22.06	0.0
0	490	22.04	16.16
0	491	22.02	4.41
0	492	22.0	13.84
0	493	21.98	0.0
0	494	21.94	18.77
0	495	21.91	9.41
0	496	21.9	12.33
0	497	21.89	14.43
0	498	21.88	5.64
0	499	21.82	21.5
0	500	21.8	14.42
0	501	21.75	12.11
0	502	21.71	17.71
0	503	21.7	7.79
0	504	21.67	13.54
0	505	21.65	21.48
0	506	21.65	0.0
0	507	21.62	20.0
0	508	21.61	16.86
0	509	21.57	21.25
0	510	21.56	19.75
0	511	21.54	6.05
0	512	21.5	1.42
0	513	21.43	17.97
0	514	21.42	9.15
0	515	21.42	18.02
0	516	21.39	12.93
0	517	21.37	19.59
0	518	21.29	11.55
0	519	21.28	18.46
0	520	21.23	15.85
0	521	21.22	18.48
0	522	21.22	11.81
0	523	21.22	19.82
0	524	21.17	12.94
0	525	21.15	6.9
0	526	21.09	14.93
0	527	21.07	15.87
0	528	21.06	17.98
0	529	21.05	12.82
0	530	21.04	18.69
0	531	21.02	14.63
0	532	20.97	16.02
0	533	20.97	17.35
0	534	20.95	14.88
0	535	20.89	15.87
0	536	20.89	8.41
0	537	20.87	19.58
0	538	20.81	9.32
0	539	20.81	10.49
0	540	20.76	17.6
0	541	20.71	10.18
0	542	20.7	18.82
0	543	20.66	19.69
0	544	20.65	18.58
0	545	20.65	14.77
0	546	20.65	14.06
0	547	20.65	17.88
0	548	20.56	13.62
0	549	20.55	20.2
0	550	20.55	10.38
0	551	20.54	20.24
0	552	20.52	0.0
0	553	20.51	0.0
0	554	20.5	18.97
0	555	20.5	16.15
0	556	20.48	19.76
0	557	20.48	17.29
0	558	20.48	12.2
0	559	20.46	20.1
0	560	20.45	19.19
0	561	20.43	2.98
0	562	20.43	0.0
0	563	20.41	17.65
0	564	20.39	8.38
0	565	20.35	0.0
0	566	20.33	9.9
0	567	20.31	16.48
0	568	20.29	9.0
0	569	20.28	6.7
0	570	20.26	11.93
0	571	20.26	1.93
0	572	20.19	10.58
0	573	20.18	16.74
0	574	20.17	9.8
0	575	20.08	14.38
0	576	20.07	2.12
0	577	20.01	17.18
0	578	20.0	12.82
0	579	19.97	18.86
0	580	19.97	13.16
0	581	19.97	18.43
0	582	19.95	19.91
0	583	19.92	9.91
0	584	19.91	15.62
0	585	19.84	19.13
0	586	19.84	19.47
0	587	19.82	13.7
0	588	19.82	13.4
0	589	19.78	17.91
0	590	19.77	0.0
0	591	19.76	2.53
0	592	19.7	0.0
0	593	19.61	16.61
0	594	19.59	17.84
0	595	19.57	5.57
0	596	19.56	15.93
0	597	19.55	11.04
0	598	19.48	19.33
0	599	19.48	3.85
0	600	19.42	12.08
0	601	19.41	6.77
0	602	19.4	16.14
0	603	19.4	13.4
0	604	19.32	9.36
0	605	19.25	15.0
0	606	19.23	10.79
0	607	19.22	16.1
0	608	19.12	12.18
0	609	19.08	17.97
0	610	19.07	18.56
0	611	19.07	16.23
0	612	19.05	11.59
0	613	19.02	3.28
0	614	19.02	0.0
0	615	19.01	15.77
0	616	19.0	18.0
0	617	19.0	3.47
0	618	18.98	18.12
0	619	18.97	18.37
0	620	18.96	0.0
0	621	18.94	13.72
0	622	18.93	10.19
0	623	18.93	6.72
0	624	18.92	13.29
0	625	18.86	11.19
0	626	18.86	18.46
0	627	18.85	0.0
0	628	18.85	15.57
0	629	18.84	9.56
0	630	18.83	18.26
0	631	18.81	17.35
0	632	18.81	0.0
0	633	18.79	0.0
0	634	18.77	18.38
0	635	18.76	12.05
0	636	18.76	17.39
0	637	18.75	15.38
0	638	18.71	14.53
0	639	18.61	15.94
0	640	18.55	16.88
0	641	18.55	0.0
0	642	18.55	16.91
0	643	18.53	11.0
0	644	18.46	2.45
0	645	18.39	12.66
0	646	18.36	12.99
0	647	18.36	14.63
0	648	18.35	8.76
0	649	18.29	8.94
0	650	18.28	12.03
0	651	18.27	11.58
0	652	18.24	13.48
0	653	18.24	10.57
0	654	18.21	11.45
0	655	18.13	17.16
0	656	18.11	15.75
0	657	18.06	16.63
0	658	17.97	6.64
0	659	17.91	12.77
0	660	17.91	9.15
0	661	17.89	12.41
0	662	17.86	3.81
0	663	17.79	0.0
0	664	17.78	0.0
0	665	17.77	15.5
0	666	17.76	17.36
0	667	17.72	6.08
0	668	17.72	9.24
0	669	17.65	12.79
0	670	17.64	17.42
0	671	17.64	9.25
0	672	17.59	15.43
0	673	17.58	6.03
0	674	17.55	11.94
0	675	17.53	10.96
0	676	17.45	1.33
0	677	17.44	6.51
0	678	17.42	13.62
0	679	17.41	15.56
0	680	17.4	5.92
0	681	17.4	14.56
0	682	17.36	10.24
0	683	17.36	11.13
0	684	17.36	16.59
0	685	17.35	0.0
0	686	17.35	4.33
0	687	17.33	8.62
0	688	17.31	10.81
0	689	17.28	3.51
0	690	17.27	13.22
0	691	17.19	9.74
0	692	17.18	11.87
0	693	17.16	0.0
0	694	17.16	14.54
0	695	17.13	8.59
0	696	17.11	5.9
0	697	17.04	15.41
0	698	17.02	0.0
0	699	17.01	13.21
0	700	17.01	16.13
0	701	16.95	15.92
0	702	16.94	0.0
0	703	16.92	8.77
0	704	16.87	11.9
0	705	16.81	16.64
0	706	16.8	11.78
0	707	16.74	2.89
0	708	16.74	12.13
0	709	16.73	12.0
0	710	16.73	16.6
0	711	16.71	12.98
0	712	16.71	14.11
0	713	16.63	8.48
0	714	16.63	12.82
0	715	16.62	10.61
0	716	16.61	12.4
0	717	16.58	11.21
0	718	16.55	14.76
0	719	16.54	9.08
0	720	16.53	11.37
0	721	16.52	1.97
0	722	16.52	7.05
0	723	16.49	0.0
0	724	16.48	0.0
0	725	16.45	0.0
0	726	16.42	9.89
0	727	16.42	0.0
0	728	16.41	1.75
0	729	16.37	0.0
0	730	16.34	13.55
0	731	16.3	15.6
0	732	16.29	16.06
0	733	16.25	0.0
0	734	16.2	12.65
0	735	16.17	12.3
0	736	16.12	15.44
0	737	16.1	14.73
0	738	16.08	14.1
0	739	16.07	7.07
0	740	16.06	15.18
0	741	16.05	15.15
0	742	16.01	0.0
0	743	15.98	15.3
0	744	15.97	0.0
0	745	15.96	0.0
0	746	15.95	8.31
0	747	15.91	11.15
0	748	15.9	0.16
0	749	15.88	13.42
0	750	15.87	14.32
0	751	15.86	1.39
0	752	15.85	11.47
0	753	15.83	0.0
0	754	15.79	13.92
0	755	15.77	0.0
0	756	15.74	7.66
0	757	15.73	12.2
0	758	15.69	1.62
0	759	15.69	7.76
0	760	15.68	3.32
0	761	15.63	0.0
0	762	15.6	0.0
0	763	15.52	13.44
0	764	15.5	10.46
0	765	15.5	11.93
0	766	15.47	5.64
0	767	15.47	10.89
0	768	15.35	15.17
0	769	15.33	11.32
0	770	15.32	10.28
0	771	15.28	9.14
0	772	15.26	0.0
0	773	15.26	2.08
0	774	15.23	14.29
0	775	15.19	14.43
0	776	15.18	0.0
0	777	15.15	0.73
0	778	15.1	14.54
0	779	15.08	2.97
0	780	15.07	11.97
0	781	15.07	7.01
0	782	15.06	5.62
0	783	15.04	14.54
0	784	15.01	7.69
0	785	15.0	10.05
0	786	14.99	4.65
0	787	14.95	0.0
0	788	14.93	0.0
0	789	14.9	14.58
0	790	14.89	8.67
0	791	14.87	0.0
0	792	14.86	0.0
0	793	14.83	7.78
0	794	14.83	0.0
0	795	14.8	0.0
0	796	14.8	5.65
0	797	14.79	13.23
0	798	14.78	5.55
0	799	14.75	11.39
0	800	14.75	14.11
0	801	14.73	8.45
0	802	14.69	0.34
0	803	14.68	6.11
0	804	14.65	0.0
0	805	14.65	11.39
0	806	14.65	12.46
0	807	14.65	12.24
0	808	14.62	9.65
0	809	14.62	7.37
0	810	14.57	8.43
0	811	14.56	4.22
0	812	14.54	8.09
0	813	14.54	7.85
0	814	14.53	0.0
0	815	14.52	4.17
0	816	14.49	10.99
0	817	14.46	4.03
0	818	14.44	7.21
0	819	14.44	0.0
0	820	14.44	12.95
0	821	14.43	0.0
0	822	14.42	0.0
0	823	14.37	0.0
0	824	14.33	1.11
0	825	14.33	5.97
0	826	14.3	0.0
0	827	14.29	0.0
0	828	14.28	12.08
0	829	14.26	9.31
0	830	14.25	0.0
0	831	14.22	6.77
0	832	14.22	12.88
0	833	14.22	0.0
0	834	14.21	9.17
0	835	14.17	0.0
0	836	14.15	6.98
0	837	14.13	5.05
0	838	14.13	9.41
0	839	14.12	10.74
0	840	14.08	5.84
0	841	14.07	7.99
0	842	14.06	7.46
0	843	14.05	0.0
0	844	14.02	0.0
0	845	14.02	2.94
0	846	14.0	11.66
0	847	13.99	0.0
0	848	13.99	13.78
0	849	13.92	12.2
0	850	13.89	0.0
0	851	13.88	2.23
0	852	13.87	0.62
0	853	13.86	6.65
0	854	13.85	0.0
0	855	13.83	8.25
0	856	13.82	13.39
0	857	13.8	7.99
0	858	13.74	0.0
0	859	13.74	7.24
0	860	13.73	2.59
0	861	13.69	10.28
0	862	13.68	12.31
0	863	13.68	2.56
0	864	13.67	4.06
0	865	13.66	2.71
0	866	13.65	10.75
0	867	13.62	0.0
0	868	13.58	0.0
0	869	13.57	9.67
0	870	13.55	10.54
0	871	13.55	8.8
0	872	13.46	0.0
0	873	13.46	10.98
0	874	13.45	3.85
0	875	13.45	11.31
0	876	13.43	8.77
0	877	13.43	12.65
0	878	13.29	0.0
0	879	13.29	9.11
0	880	13.27	5.37
0	881	13.25	9.73
0	882	13.25	11.29
0	883	13.24	2.43
0	884	13.23	0.0
0	885	13.23	4.51
0	886	13.19	0.0
0	887	13.18	0.0
0	888	13.14	0.0
0	889	13.12	6.5
0	890	13.08	4.41
0	891	13.07	10.81
0	892	13.06	5.95
0	893	13.06	8.47
0	894	13.05	9.45
0	895	13.03	2.86
0	896	13.02	10.44
0	897	13.02	0.0
0	898	12.96	7.55
0	899	12.94	0.0
0	900	12.94	9.39
0	901	12.93	9.39
0	902	12.93	0.0
0	903	12.92	9.45
0	904	12.91	0.0
0	905	12.91	10.52
0	906	12.91	2.02
0	907	12.88	12.75
0	908	12.88	3.8
0	909	12.85	7.88
0	910	12.84	0.0
0	911	12.82	0.0
0	912	12.81	0.0
0	913	12.8	12.53
0	914	12.76	0.0
0	915	12.75	0.0
0	916	12.74	12.2
0	917	12.73	0.0
0	918	12.72	9.43
0	919	12.72	3.52
0	920	12.71	5.56
0	921	12.68	5.18
0	922	12.58	7.76
0	923	12.53	4.08
0	924	12.41	12.0
0	925	12.38	6.99
0	926	12.38	10.96
0	927	12.35	9.36
0	928	12.3	11.31
0	929	12.3	0.0
0	930	12.29	3.91
0	931	12.27	5.22
0	932	12.2	4.64
0	933	12.2	5.13
0	934	12.18	0.2
0	935	12.17	0.0
0	936	12.15	11.52
0	937	12.13	0.0
0	938	12.12	3.88
0	939	12.04	0.0
0	940	12.02	4.92
0	941	11.98	0.0
0	942	11.97	2.74
0	943	11.88	0.0
0	944	11.86	0.0
0	945	11.83	9.82
0	946	11.81	6.74
0	947	11.79	6.89
0	948	11.78	6.17
0	949	11.76	0.0
0	950	11.75	10.12
0	951	11.74	0.0
0	952	11.73	0.0
0	953	11.72	4.66
0	954	11.72	0.0
0	955	11.7	7.23
0	956	11.67	4.53
0	957	11.65	0.0
0	958	11.65	9.82
0	959	11.65	8.73
0	960	11.64	0.0
0	961	11.64	11.49
0	962	11.62	7.79
0	963	11.61	0.0
0	964	11.58	11.29
0	965	11.58	9.12
0	966	11.55	6.05
0	967	11.55	0.0
0	968	11.54	0.0
0	969	11.54	8.2
0	970	11.53	10.56
0	971	11.49	11.05
0	972	11.48	0.0
0	973	11.47	2.04
0	974	11.46	8.44
0	975	11.44	1.33
0	976	11.43	4.2
0	977	11.42	0.0
0	978	11.42	10.65
0	979	11.41	11.32
0	980	11.38	4.51
0	981	11.37	3.82
0	982	11.35	0.0
0	983	11.33	5.64
0	984	11.31	0.0
0	985	11.29	10.78
0	986	11.28	0.0
0	987	11.24	10.72
0	988	11.23	8.27
0	989	11.22	0.0
0	990	11.19	0.0
0	991	11.18	6.29
0	992	11.18	0.0
0	993	11.16	9.34
0	994	11.14	10.86
0	995	11.13	10.21
0	996	11.13	0.0
0	997	11.11	5.5
0	998	11.07	0.0
0	999	10.99	2.25
0	1000	10.99	9.31
0	1001	10.97	7.87
0	1002	10.95	0.0
0	1003	10.93	8.32
0	1004	10.93	4.41
0	1005	10.91	1.31
0	1006	10.91	0.0
0	1007	10.89	0.34
0	1008	10.88	10.8
0	1009	10.87	7.83
0	1010	10.86	0.0
0	1011	10.85	10.29
0	1012	10.81	0.0
0	1013	10.78	4.95
0	1014	10.78	0.0
0	1015	10.77	7.59
0	1016	10.77	10.41
0	1017	10.76	0.0
0	1018	10.75	10.17
0	1019	10.73	4.61
0	1020	10.72	8.84
0	1021	10.71	6.38
0	1022	10.68	0.0
0	1023	10.68	0.0
0	1024	10.66	3.54
0	1025	10.64	1.67
0	1026	10.64	8.4
0	1027	10.61	10.36
0	1028	10.61	0.93
0	1029	10.6	3.26
0	1030	10.6	4.0
0	1031	10.58	0.0
0	1032	10.57	1.88
0	1033	10.51	6.14
0	1034	10.5	5.03
0	1035	10.5	8.3
0	1036	10.5	0.0
0	1037	10.49	9.89
0	1038	10.47	8.39
0	1039	10.46	1.55
0	1040	10.45	0.0
0	1041	10.45	7.34
0	1042	10.44	4.43
0	1043	10.41	9.82
0	1044	10.36	1.3
0	1045	10.34	0.0
0	1046	10.31	5.02
0	1047	10.27	9.2
0	1048	10.25	0.97
0	1049	10.23	1.98
0	1050	10.21	1.48
0	1051	10.21	4.38
0	1052	10.17	0.0
0	1053	10.17	5.44
0	1054	10.15	4.23
0	1055	10.1	3.33
0	1056	10.1	0.64
0	1057	10.1	0.0
0	1058	10.07	9.47
0	1059	10.07	9.16
0	1060	10.06	4.1
0	1061	10.06	6.72
0	1062	10.04	0.0
0	1063	10.04	0.8
0	1064	10.02	3.46
0	1065	10.02	0.0
0	1066	10.02	0.0
0	1067	9.96	0.0
0	1068	9.95	0.0
0	1069	9.94	0.0
0	1070	9.85	8.68
0	1071	9.83	0.0
0	1072	9.83	0.0
0	1073	9.81	0.0
0	1074	9.76	8.41
0	1075	9.76	0.0
0	1076	9.76	0.0
0	1077	9.74	2.84
0	1078	9.72	8.81
0	1079	9.72	0.0
0	1080	9.72	0.0
0	1081	9.7	6.35
0	1082	9.64	0.0
0	1083	9.61	3.88
0	1084	9.61	0.0
0	1085	9.61	7.83
0	1086	9.6	0.0
0	1087	9.6	0.0
0	1088	9.59	0.0
0	1089	9.59	6.62
0	1090	9.58	9.44
0	1091	9.57	0.0
0	1092	9.56	3.14
0	1093	9.56	4.55
0	1094	9.53	6.85
0	1095	9.53	0.0
0	1096	9.49	0.0
0	1097	9.49	0.0
0	1098	9.48	1.24
0	1099	9.48	0.46
0	1100	9.46	0.47
0	1101	9.46	7.09
0	1102	9.42	0.0
0	1103	9.4	6.45
0	1104	9.4	0.0
0	1105	9.39	2.72
0	1106	9.39	6.0
0	1107	9.31	7.13
0	1108	9.26	0.28
0	1109	9.25	1.04
0	1110	9.25	8.9
0	1111	9.23	0.8
0	1112	9.21	0.0
0	1113	9.2	8.72
0	1114	9.2	2.57
0	1115	9.18	6.66
0	1116	9.15	8.18
0	1117	9.15	2.09
0	1118	9.15	0.0
0	1119	9.14	9.0
0	1120	9.06	7.01
0	1121	9.02	0.0
0	1122	9.0	7.81
0	1123	8.96	5.67
0	1124	8.95	0.0
0	1125	8.93	7.0
0	1126	8.92	5.36
0	1127	8.89	7.79
0	1128	8.88	7.4
0	1129	8.82	3.65
0	1130	8.81	1.38
0	1131	8.81	0.0
0	1132	8.81	0.0
0	1133	8.8	5.79
0	1134	8.79	0.12
0	1135	8.79	0.0
0	1136	8.79	6.48
0	1137	8.79	2.85
0	1138	8.78	2.94
0	1139	8.75	7.72
0	1140	8.74	1.29
0	1141	8.73	8.32
0	1142	8.73	0.0
0	1143	8.72	7.77
0	1144	8.69	6.05
0	1145	8.68	6.19
0	1146	8.61	7.21
0	1147	8.59	6.79
0	1148	8.58	0.0
0	1149	8.57	4.27
0	1150	8.55	0.0
0	1151	8.55	4.78
0	1152	8.46	0.0
0	1153	8.46	4.65
0	1154	8.43	2.25
0	1155	8.43	5.3
0	1156	8.4	2.3
0	1157	8.39	0.0
0	1158	8.36	0.0
0	1159	8.35	0.0
0	1160	8.34	0.0
0	1161	8.34	2.84
0	1162	8.34	0.0
0	1163	8.33	5.31
0	1164	8.28	0.0
0	1165	8.28	0.0
0	1166	8.27	4.85
0	1167	8.22	4.68
0	1168	8.22	0.0
0	1169	8.2	0.0
0	1170	8.17	0.0
0	1171	8.15	5.18
0	1172	8.14	0.0
0	1173	8.13	5.11
0	1174	8.12	7.84
0	1175	8.11	0.0
0	1176	8.1	7.2
0	1177	8.09	0.0
0	1178	8.08	0.0
0	1179	8.07	0.0
0	1180	8.06	0.0
0	1181	8.03	0.72
0	1182	8.02	0.0
0	1183	8.01	0.8
0	1184	8.0	7.38
0	1185	7.97	0.0
0	1186	7.97	3.82
0	1187	7.95	0.0
0	1188	7.95	6.01
0	1189	7.95	6.83
0	1190	7.94	0.0
0	1191	7.94	6.26
0	1192	7.93	3.49
0	1193	7.91	4.72
0	1194	7.89	2.81
0	1195	7.89	4.75
0	1196	7.86	2.28
0	1197	7.86	0.0
0	1198	7.85	5.86
0	1199	7.84	1.48
0	1200	7.84	0.0
0	1201	7.82	7.78
0	1202	7.81	0.0
0	1203	7.77	3.12
0	1204	7.77	4.91
0	1205	7.69	6.13
0	1206	7.68	2.36
0	1207	7.62	0.0
0	1208	7.6	1.3
0	1209	7.6	0.0
0	1210	7.59	0.0
0	1211	7.56	5.29
0	1212	7.56	7.08
0	1213	7.55	1.87
0	1214	7.54	0.0
0	1215	7.52	0.0
0	1216	7.47	6.36
0	1217	7.47	7.46
0	1218	7.45	0.0
0	1219	7.44	4.58
0	1220	7.43	0.0
0	1221	7.43	0.0
0	1222	7.42	6.12
0	1223	7.41	0.0
0	1224	7.41	5.05
0	1225	7.4	0.0
0	1226	7.4	4.44
0	1227	7.36	4.66
0	1228	7.35	3.54
0	1229	7.32	0.0
0	1230	7.29	0.0
0	1231	7.22	1.0
0	1232	7.2	0.0
0	1233	7.19	3.98
0	1234	7.17	0.0
0	1235	7.11	3.9
0	1236	7.1	0.0
0	1237	7.07	6.73
0	1238	7.05	0.0
0	1239	7.04	0.0
0	1240	7.02	6.7
0	1241	7.02	1.6
0	1242	7.01	2.35
0	1243	7.0	0.0
0	1244	6.95	4.12
0	1245	6.95	4.49
0	1246	6.93	2.21
0	1247	6.92	0.0
0	1248	6.91	2.68
0	1249	6.89	6.27
0	1250	6.89	0.0
0	1251	6.88	0.0
0	1252	6.86	0.0
0	1253	6.86	4.63
0	1254	6.86	6.0
0	1255	6.84	0.0
0	1256	6.83	0.0
0	1257	6.81	0.0
0	1258	6.81	1.15
0	1259	6.77	0.0
0	1260	6.74	0.0
0	1261	6.73	3.55
0	1262	6.71	0.03
0	1263	6.7	6.34
0	1264	6.7	3.49
0	1265	6.69	0.0
0	1266	6.68	0.0
0	1267	6.68	0.0
0	1268	6.67	5.31
0	1269	6.65	3.15
0	1270	6.65	0.92
0	1271	6.61	0.0
0	1272	6.61	5.51
0	1273	6.6	3.38
0	1274	6.59	0.0
0	1275	6.57	2.85
0	1276	6.56	0.93
0	1277	6.55	2.13
0	1278	6.55	0.0
0	1279	6.54	4.29
0	1280	6.52	0.0
0	1281	6.52	5.02
0	1282	6.52	0.0
0	1283	6.51	0.0
0	1284	6.5	6.43
0	1285	6.43	2.71
0	1286	6.42	5.53
0	1287	6.42	0.0
0	1288	6.38	2.7
0	1289	6.37	0.0
0	1290	6.36	3.39
0	1291	6.33	0.0
0	1292	6.32	0.0
0	1293	6.29	1.68
0	1294	6.28	0.0
0	1295	6.28	1.69
0	1296	6.26	6.01
0	1297	6.26	0.0
0	1298	6.21	0.0
0	1299	6.21	0.0
0	1300	6.2	0.0
0	1301	6.2	0.0
0	1302	6.16	1.43
0	1303	6.15	5.22
0	1304	6.15	5.44
0	1305	6.12	1.09
0	1306	6.11	5.9
0	1307	6.11	4.87
0	1308	6.1	0.43
0	1309	6.07	0.0
0	1310	6.04	0.0
0	1311	6.02	2.34
0	1312	5.98	5.82
0	1313	5.98	1.57
0	1314	5.98	0.0
0	1315	5.97	0.0
0	1316	5.94	4.37
0	1317	5.91	5.13
0	1318	5.9	5.22
0	1319	5.9	0.0
0	1320	5.9	0.0
0	1321	5.88	4.49
0	1322	5.87	4.71
0	1323	5.86	0.78
0	1324	5.85	0.0
0	1325	5.85	0.68
0	1326	5.84	3.45
0	1327	5.84	0.72
0	1328	5.83	0.0
0	1329	5.81	0.0
0	1330	5.8	0.0
0	1331	5.79	0.0
0	1332	5.79	0.0
0	1333	5.78	4.03
0	1334	5.76	0.0
0	1335	5.74	0.08
0	1336	5.72	0.0
0	1337	5.72	2.63
0	1338	5.72	0.0
0	1339	5.71	0.0
0	1340	5.71	0.0
0	1341	5.7	0.0
0	1342	5.7	0.0
0	1343	5.7	0.0
0	1344	5.7	0.0
0	1345	5.69	0.0
0	1346	5.68	4.81
0	1347	5.66	1.15
0	1348	5.65	3.34
0	1349	5.63	0.0
0	1350	5.62	2.82
0	1351	5.62	5.56
0	1352	5.61	0.0
0	1353	5.58	5.27
0	1354	5.57	5.06
0	1355	5.57	5.26
0	1356	5.54	4.41
0	1357	5.53	4.11
0	1358	5.51	3.54
0	1359	5.49	0.0
0	1360	5.49	0.0
0	1361	5.48	0.0
0	1362	5.47	0.0
0	1363	5.47	1.2
0	1364	5.47	0.0
0	1365	5.46	0.0
0	1366	5.44	0.0
0	1367	5.44	5.25
0	1368	5.39	0.0
0	1369	5.38	0.0
0	1370	5.36	5.0
0	1371	5.32	0.0
0	1372	5.29	0.0
0	1373	5.29	2.3
0	1374	5.27	0.0
0	1375	5.26	4.03
0	1376	5.25	0.0
0	1377	5.23	0.0
0	1378	5.23	2.49
0	1379	5.2	4.04
0	1380	5.17	3.35
0	1381	5.16	0.0
0	1382	5.14	4.01
0	1383	5.13	0.0
0	1384	5.13	0.0
0	1385	5.12	0.0
0	1386	5.11	4.55
0	1387	5.1	1.93
0	1388	5.1	0.88
0	1389	5.1	0.02
0	1390	5.09	1.84
0	1391	5.09	0.0
0	1392	5.08	0.0
0	1393	5.08	1.46
0	1394	5.08	0.0
0	1395	5.07	3.54
0	1396	5.06	0.0
0	1397	5.05	0.78
0	1398	5.04	2.66
0	1399	5.03	4.4
0	1400	5.02	2.28
0	1401	5.01	0.0
0	1402	5.0	0.0
0	1403	4.99	0.0
0	1404	4.98	0.0
0	1405	4.97	0.0
0	1406	4.96	3.93
0	1407	4.95	2.17
0	1408	4.88	0.0
0	1409	4.87	2.49
0	1410	4.84	0.23
0	1411	4.84	0.0
0	1412	4.83	0.0
0	1413	4.82	0.0
0	1414	4.82	0.0
0	1415	4.81	4.48
0	1416	4.78	1.2
0	1417	4.77	0.0
0	1418	4.76	0.0
0	1419	4.74	0.0
0	1420	4.74	0.0
0	1421	4.73	4.46
0	1422	4.7	0.0
0	1423	4.7	3.21
0	1424	4.69	0.0
0	1425	4.68	3.36
0	1426	4.68	0.0
0	1427	4.66	1.96
0	1428	4.64	0.0
0	1429	4.62	2.6
0	1430	4.62	2.5
0	1431	4.62	0.0
0	1432	4.61	0.0
0	1433	4.61	0.0
0	1434	4.59	0.0
0	1435	4.57	1.38
0	1436	4.52	0.0
0	1437	4.52	2.98
0	1438	4.49	0.0
0	1439	4.49	0.0
0	1440	4.48	0.0
0	1441	4.48	0.27
0	1442	4.47	0.89
0	1443	4.47	0.0
0	1444	4.46	0.0
0	1445	4.45	0.0
0	1446	4.44	2.7
0	1447	4.43	0.0
0	1448	4.42	0.0
0	1449	4.4	3.6
0	1450	4.39	0.0
0	1451	4.37	0.55
0	1452	4.36	0.0
0	1453	4.35	0.0
0	1454	4.34	0.0
0	1455	4.34	0.0
0	1456	4.33	0.0
0	1457	4.33	0.0
0	1458	4.31	0.0
0	1459	4.3	0.0
0	1460	4.29	0.0
0	1461	4.29	0.0
0	1462	4.29	0.0
0	1463	4.28	0.0
0	1464	4.28	1.99
0	1465	4.26	0.0
0	1466	4.25	0.0
0	1467	4.23	0.0
0	1468	4.22	0.0
0	1469	4.21	0.0
0	1470	4.2	0.0
0	1471	4.19	0.0
0	1472	4.17	0.88
0	1473	4.15	1.06
0	1474	4.14	0.0
0	1475	4.12	0.0
0	1476	4.11	2.87
0	1477	4.1	0.0
0	1478	4.08	0.0
0	1479	4.08	0.0
0	1480	4.08	0.0
0	1481	4.07	0.0
0	1482	4.07	2.19
0	1483	4.05	0.0
0	1484	4.04	0.0
0	1485	4.04	0.0
0	1486	4.01	0.0
0	1487	4.01	0.0
0	1488	4.0	0.0
0	1489	3.99	0.0
0	1490	3.99	0.0
0	1491	3.95	0.0
0	1492	3.95	0.0
0	1493	3.95	0.0
0	1494	3.95	0.33
0	1495	3.94	3.76
0	1496	3.94	3.88
0	1497	3.93	0.0
0	1498	3.93	0.08
0	1499	3.93	0.0
0	1500	3.92	0.0
0	1501	3.91	1.06
0	1502	3.9	0.0
0	1503	3.9	3.09
0	1504	3.9	2.98
0	1505	3.89	0.0
0	1506	3.89	0.0
0	1507	3.86	3.46
0	1508	3.85	3.35
0	1509	3.85	2.85
0	1510	3.82	0.0
0	1511	3.82	0.0
0	1512	3.8	0.0
0	1513	3.78	3.73
0	1514	3.77	0.91
0	1515	3.77	0.0
0	1516	3.77	0.0
0	1517	3.71	0.0
0	1518	3.7	1.7
0	1519	3.7	0.0
0	1520	3.69	2.66
0	1521	3.69	2.98
0	1522	3.69	0.0
0	1523	3.67	0.0
0	1524	3.67	2.95
0	1525	3.67	0.0
0	1526	3.66	0.0
0	1527	3.64	0.0
0	1528	3.64	0.0
0	1529	3.63	0.0
0	1530	3.61	0.0
0	1531	3.61	0.0
0	1532	3.59	0.0
0	1533	3.59	2.39
0	1534	3.58	0.0
0	1535	3.57	0.69
0	1536	3.56	0.0
0	1537	3.55	0.0
0	1538	3.55	0.0
0	1539	3.51	0.0
0	1540	3.5	0.0
0	1541	3.49	2.8
0	1542	3.49	0.0
0	1543	3.48	0.0
0	1544	3.47	0.0
0	1545	3.45	0.0
0	1546	3.45	0.0
0	1547	3.43	0.0
0	1548	3.43	0.0
0	1549	3.41	0.0
0	1550	3.41	0.0
0	1551	3.37	0.0
0	1552	3.37	0.0
0	1553	3.33	0.0
0	1554	3.33	0.0
0	1555	3.32	0.0
0	1556	3.31	0.0
0	1557	3.31	0.0
0	1558	3.3	0.0
0	1559	3.3	0.0
0	1560	3.3	2.0
0	1561	3.28	0.0
0	1562	3.23	0.0
0	1563	3.23	0.92
0	1564	3.22	1.26
0	1565	3.22	0.0
0	1566	3.22	0.0
0	1567	3.21	0.0
0	1568	3.19	0.0
0	1569	3.18	0.0
0	1570	3.17	0.0
0	1571	3.16	0.0
0	1572	3.14	0.0
0	1573	3.14	0.0
0	1574	3.13	0.0
0	1575	3.11	0.0
0	1576	3.09	0.0
0	1577	3.07	0.0
0	1578	3.07	0.0
0	1579	3.06	0.0
0	1580	3.03	0.0
0	1581	3.03	0.0
0	1582	3.02	0.0
0	1583	2.98	0.35
0	1584	2.97	0.31
0	1585	2.97	0.0
0	1586	2.97	0.0
0	1587	2.97	0.0
0	1588	2.96	0.0
0	1589	2.94	0.0
0	1590	2.93	0.0
0	1591	2.92	0.41
0	1592	2.9	0.0
0	1593	2.89	0.0
0	1594	2.89	0.0
0	1595	2.88	2.28
0	1596	2.88	0.0
0	1597	2.87	0.0
0	1598	2.86	0.78
0	1599	2.85	0.0
0	1600	2.85	0.0
0	1601	2.84	0.0
0	1602	2.84	0.0
0	1603	2.83	0.0
0	1604	2.83	0.0
0	1605	2.8	0.0
0	1606	2.78	1.77
0	1607	2.77	0.0
0	1608	2.76	0.0
0	1609	2.75	0.0
0	1610	2.74	0.0
0	1611	2.74	1.85
0	1612	2.73	0.0
0	1613	2.71	0.65
0	1614	2.68	0.0
0	1615	2.66	0.0
0	1616	2.64	0.0
0	1617	2.64	1.76
0	1618	2.64	0.0
0	1619	2.6	0.0
0	1620	2.59	1.05
0	1621	2.59	0.0
0	1622	2.58	0.0
0	1623	2.58	0.0
0	1624	2.57	0.0
0	1625	2.56	0.0
0	1626	2.55	1.33
0	1627	2.54	1.28
0	1628	2.53	0.0
0	1629	2.52	0.0
0	1630	2.47	0.0
0	1631	2.46	1.66
0	1632	2.45	0.0
0	1633	2.43	0.0
0	1634	2.42	1.01
0	1635	2.42	0.0
0	1636	2.41	0.0
0	1637	2.41	0.0
0	1638	2.4	0.0
0	1639	2.4	0.0
0	1640	2.39	0.0
0	1641	2.39	0.0
0	1642	2.38	0.0
0	1643	2.38	0.02
0	1644	2.37	0.0
0	1645	2.37	0.0
0	1646	2.37	0.0
0	1647	2.37	0.0
0	1648	2.36	1.31
0	1649	2.36	0.0
0	1650	2.35	0.0
0	1651	2.35	0.0
0	1652	2.34	0.0
0	1653	2.34	0.0
0	1654	2.33	0.0
0	1655	2.33	0.0
0	1656	2.32	0.0
0	1657	2.31	0.0
0	1658	2.29	0.0
0	1659	2.29	0.0
0	1660	2.29	0.0
0	1661	2.29	1.02
0	1662	2.28	0.0
0	1663	2.28	0.0
0	1664	2.26	2.06
0	1665	2.22	0.0
0	1666	2.21	0.0
0	1667	2.19	0.0
0	1668	2.19	0.0
0	1669	2.18	0.0
0	1670	2.16	1.65
0	1671	2.16	0.0
0	1672	2.14	0.0
0	1673	2.12	0.0
0	1674	2.12	0.0
0	1675	2.11	1.85
0	1676	2.1	0.0
0	1677	2.09	0.0
0	1678	2.09	0.0
0	1679	2.08	0.0
0	1680	2.08	0.0
0	1681	2.07	0.1
0	1682	2.07	0.0
0	1683	2.06	0.0
0	1684	2.06	1.17
0	1685	2.04	0.0
0	1686	2.04	0.0
0	1687	2.02	0.0
0	1688	2.02	0.0
0	1689	2.01	0.0
0	1690	2.01	0.0
0	1691	2.01	0.45
0	1692	2.0	0.0
0	1693	2.0	0.0
0	1694	1.97	0.0
0	1695	1.97	0.93
0	1696	1.96	0.35
0	1697	1.94	0.0
0	1698	1.92	1.84
0	1699	1.91	0.0
0	1700	1.89	0.0
0	1701	1.89	0.0
0	1702	1.85	0.0
0	1703	1.85	0.0
0	1704	1.85	0.0
0	1705	1.84	1.83
0	1706	1.83	0.0
0	1707	1.83	0.0
0	1708	1.83	0.0
0	1709	1.82	0.0
0	1710	1.82	0.0
0	1711	1.81	0.0
0	1712	1.8	0.0
0	1713	1.79	0.0
0	1714	1.77	1.72
0	1715	1.76	0.0
0	1716	1.76	0.0
0	1717	1.73	0.0
0	1718	1.72	0.0
0	1719	1.7	0.0
0	1720	1.69	0.0
0	1721	1.69	0.0
0	1722	1.68	0.13
0	1723	1.66	0.0
0	1724	1.66	0.0
0	1725	1.65	0.0
0	1726	1.65	0.0
0	1727	1.64	0.0
0	1728	1.64	0.0
0	1729	1.63	0.0
0	1730	1.61	0.0
0	1731	1.61	0.0
0	1732	1.6	0.0
0	1733	1.6	0.43
0	1734	1.59	0.62
0	1735	1.59	0.0
0	1736	1.59	0.0
0	1737	1.58	0.0
0	1738	1.57	0.0
0	1739	1.56	0.0
0	1740	1.55	0.0
0	1741	1.55	0.14
0	1742	1.54	0.33
0	1743	1.54	0.0
0	1744	1.53	0.0
0	1745	1.5	0.0
0	1746	1.5	0.0
0	1747	1.5	0.0
0	1748	1.5	0.0
0	1749	1.5	0.0
0	1750	1.49	0.0
0	1751	1.49	0.0
0	1752	1.48	0.0
0	1753	1.48	0.0
0	1754	1.48	0.0
0	1755	1.46	0.0
0	1756	1.46	0.0
0	1757	1.45	0.0
0	1758	1.45	0.0
0	1759	1.44	0.33
0	1760	1.4	0.39
0	1761	1.39	0.0
0	1762	1.39	0.0
0	1763	1.39	0.0
0	1764	1.38	0.0
0	1765	1.38	0.0
0	1766	1.38	1.35
0	1767	1.34	0.0
0	1768	1.33	0.0
0	1769	1.3	0.0
0	1770	1.29	0.0
0	1771	1.29	0.0
0	1772	1.29	0.0
0	1773	1.28	0.0
0	1774	1.27	0.0
0	1775	1.23	0.0
0	1776	1.21	0.0
0	1777	1.21	0.0
0	1778	1.2	0.0
0	1779	1.18	0.0
0	1780	1.14	0.0
0	1781	1.13	0.0
0	1782	1.11	0.0
0	1783	1.09	0.0
0	1784	1.09	0.0
0	1785	1.08	0.0
0	1786	1.08	0.0
0	1787	1.07	0.0
0	1788	1.07	0.0
0	1789	1.06	0.0
0	1790	1.06	0.0
0	1791	1.04	0.0
0	1792	1.04	0.0
0	1793	1.03	0.0
0	1794	1.03	0.11
0	1795	1.01	0.0
0	1796	1.0	0.0
0	1797	1.0	0.0
0	1798	1.0	0.61
0	1799	0.99	0.73
0	1800	0.99	0.0
0	1801	0.98	0.0
0	1802	0.98	0.0
0	1803	0.98	0.0
0	1804	0.95	0.0
0	1805	0.95	0.0
0	1806	0.95	0.0
0	1807	0.93	0.0
0	1808	0.93	0.0
0	1809	0.93	0.0
0	1810	0.91	0.0
0	1811	0.91	0.0
0	1812	0.89	0.0
0	1813	0.89	0.0
0	1814	0.89	0.0
0	1815	0.88	0.0
0	1816	0.87	0.54
0	1817	0.86	0.0
0	1818	0.85	0.0
0	1819	0.85	0.0
0	1820	0.85	0.0
0	1821	0.84	0.11
0	1822	0.84	0.0
0	1823	0.83	0.0
0	1824	0.82	0.0
0	1825	0.82	0.0
0	1826	0.8	0.0
0	1827	0.8	0.0
0	1828	0.8	0.0
0	1829	0.8	0.0
0	1830	0.8	0.0
0	1831	0.78	0.0
0	1832	0.77	0.0
0	1833	0.77	0.0
0	1834	0.76	0.0
0	1835	0.75	0.0
0	1836	0.75	0.0
0	1837	0.75	0.0
0	1838	0.74	0.0
0	1839	0.74	0.0
0	1840	0.72	0.0
0	1841	0.7	0.0
0	1842	0.7	0.0
0	1843	0.7	0.0
0	1844	0.68	0.0
0	1845	0.67	0.0
0	1846	0.66	0.0
0	1847	0.66	0.0
0	1848	0.66	0.0
0	1849	0.65	0.0
0	1850	0.65	0.0
0	1851	0.64	0.0
0	1852	0.61	0.0
0	1853	0.6	0.0
0	1854	0.59	0.0
0	1855	0.55	0.0
0	1856	0.54	0.0
0	1857	0.5	0.0
0	1858	0.5	0.0
0	1859	0.49	0.0
0	1860	0.49	0.0
0	1861	0.45	0.0
0	1862	0.45	0.0
0	1863	0.44	0.0
0	1864	0.44	0.0
0	1865	0.43	0.0
0	1866	0.43	0.0
0	1867	0.43	0.0
0	1868	0.42	0.0
0	1869	0.4	0.1
0	1870	0.39	0.0
0	1871	0.39	0.0
0	1872	0.37	0.0
0	1873	0.37	0.0
0	1874	0.37	0.0
0	1875	0.37	0.0
0	1876	0.36	0.0
0	1877	0.35	0.0
0	1878	0.35	0.0
0	1879	0.34	0.0
0	1880	0.34	0.0
0	1881	0.34	0.0
0	1882	0.33	0.0
0	1883	0.33	0.0
0	1884	0.32	0.0
0	1885	0.32	0.0
0	1886	0.31	0.0
0	1887	0.31	0.0
0	1888	0.3	0.0
0	1889	0.3	0.0
0	1890	0.29	0.0
0	1891	0.29	0.0
0	1892	0.29	0.0
0	1893	0.28	0.0
0	1894	0.28	0.0
0	1895	0.27	0.0
0	1896	0.26	0.0
0	1897	0.26	0.0
0	1898	0.25	0.0
0	1899	0.24	0.0
0	1900	0.23	0.0
0	1901	0.23	0.0
0	1902	0.23	0.0
0	1903	0.23	0.0
0	1904	0.21	0.0
0	1905	0.21	0.0
0	1906	0.21	0.0
0	1907	0.2	0.0
0	1908	0.19	0.0
0	1909	0.19	0.0
0	1910	0.19	0.0
0	1911	0.19	0.0
0	1912	0.19	0.0
0	1913	0.18	0.0
0	1914	0.16	0.0
0	1915	0.16	0.0
0	1916	0.16	0.0
0	1917	0.15	0.0
0	1918	0.15	0.0
0	1919	0.15	0.0
0	1920	0.15	0.0
0	1921	0.14	0.0
0	1922	0.14	0.1
0	1923	0.14	0.0
0	1924	0.13	0.0
0	1925	0.12	0.0
0	1926	0.12	0.0
0	1927	0.11	0.0
0	1928	0.11	0.0
0	1929	0.1	0.0
0	1930	0.08	0.0
0	1931	0.07	0.0
0	1932	0.07	0.0
0	1933	0.05	0.0
0	1934	0.05	0.0
0	1935	0.05	0.0
0	1936	0.05	0.0
0	1937	0.04	0.0
0	1938	0.04	0.0
0	1939	0.03	0.0
0	1940	0.03	0.0
0	1941	0.03	0.0
0	1942	0.02	0.0
