clade	species	ts	te
0	1	100.0	94.12
0	2	94.74	68.82
0	3	92.79	87.8
0	4	89.85	86.99
0	5	89.72	84.85
0	6	89.5	88.18
0	7	89.19	75.55
0	8	88.51	56.52
0	9	87.75	77.49
0	10	77.63	69.86
0	11	76.81	66.49
0	12	76.59	75.11
0	13	76.33	76.28
0	14	72.53	51.71
0	15	69.63	38.89
0	16	69.23	32.63
0	17	69.08	62.61
0	18	68.93	55.41
0	19	66.89	54.68
0	20	66.81	65.93
0	21	64.76	47.76
0	22	63.41	48.8
0	23	63.4	26.41
0	24	63.03	48.62
0	25	62.19	48.96
0	26	61.22	34.43
0	27	60.56	55.61
0	28	60.42	40.09
0	29	60.28	51.59
0	30	59.75	47.0
0	31	59.58	59.28
0	32	59.53	56.58
0	33	58.88	55.13
0	34	58.85	54.89
0	35	58.2	48.6
0	36	57.68	45.26
0	37	57.67	44.47
0	38	56.64	26.06
0	39	56.05	46.03
0	40	56.0	47.14
0	41	55.24	40.54
0	42	55.17	39.65
0	43	54.49	20.79
0	44	54.44	29.92
0	45	53.88	49.43
0	46	53.72	47.71
0	47	53.58	48.93
0	48	53.55	38.92
0	49	52.47	50.73
0	50	52.39	50.68
0	51	52.24	49.22
0	52	52.2	40.71
0	53	51.72	36.67
0	54	51.54	42.96
0	55	51.54	51.38
0	56	51.14	50.35
0	57	51.14	47.95
0	58	50.92	49.1
0	59	50.86	0.0
0	60	50.65	41.83
0	61	50.27	20.2
0	62	50.04	43.59
0	63	49.91	44.41
0	64	49.9	42.72
0	65	49.62	48.75
0	66	49.51	42.33
0	67	49.46	43.13
0	68	49.07	25.76
0	69	48.87	35.67
0	70	48.42	43.38
0	71	48.37	46.42
0	72	48.17	17.63
0	73	48.06	39.05
0	74	47.74	23.64
0	75	47.71	38.92
0	76	47.69	32.8
0	77	47.62	41.15
0	78	47.57	43.01
0	79	47.56	34.46
0	80	47.5	34.42
0	81	47.19	40.14
0	82	46.98	37.54
0	83	46.79	39.92
0	84	46.66	41.54
0	85	46.64	40.33
0	86	46.62	34.35
0	87	46.33	46.12
0	88	45.85	38.38
0	89	45.68	40.08
0	90	45.49	42.42
0	91	45.4	41.41
0	92	45.26	38.24
0	93	45.16	36.42
0	94	45.12	40.05
0	95	44.98	42.54
0	96	44.85	15.64
0	97	44.55	15.54
0	98	44.5	25.22
0	99	44.19	31.17
0	100	43.9	34.33
0	101	43.87	40.62
0	102	43.66	42.63
0	103	43.43	36.52
0	104	43.39	33.45
0	105	43.17	42.69
0	106	43.11	40.71
0	107	42.76	41.72
0	108	42.64	32.86
0	109	42.61	34.72
0	110	42.54	20.32
0	111	42.3	39.1
0	112	42.24	27.88
0	113	42.21	36.61
0	114	42.05	39.51
0	115	41.73	37.34
0	116	41.7	40.89
0	117	41.62	25.07
0	118	41.46	29.55
0	119	41.43	40.43
0	120	41.19	30.42
0	121	40.82	39.94
0	122	40.67	32.11
0	123	40.59	34.89
0	124	40.56	40.38
0	125	40.2	30.11
0	126	39.82	31.01
0	127	39.77	20.75
0	128	39.74	0.0
0	129	39.74	11.07
0	130	39.66	36.73
0	131	39.65	30.26
0	132	39.63	38.33
0	133	39.5	21.4
0	134	39.31	20.39
0	135	39.17	38.08
0	136	39.16	25.39
0	137	39.08	35.99
0	138	38.94	36.09
0	139	38.94	34.27
0	140	38.89	38.69
0	141	38.77	0.0
0	142	38.77	24.77
0	143	38.76	36.03
0	144	38.73	36.28
0	145	38.71	13.53
0	146	38.71	32.82
0	147	38.64	22.27
0	148	38.61	38.5
0	149	38.5	14.79
0	150	38.43	30.84
0	151	38.19	25.9
0	152	38.19	28.34
0	153	38.01	20.27
0	154	37.96	35.95
0	155	37.87	36.47
0	156	37.8	30.43
0	157	37.73	37.11
0	158	37.72	24.39
0	159	37.66	28.2
0	160	37.59	34.51
0	161	37.57	37.02
0	162	37.35	28.88
0	163	37.23	30.68
0	164	37.16	31.14
0	165	37.14	23.34
0	166	37.11	32.91
0	167	37.02	30.68
0	168	36.96	19.58
0	169	36.95	6.3
0	170	36.88	32.57
0	171	36.82	35.82
0	172	36.79	21.35
0	173	36.76	27.38
0	174	36.7	22.77
0	175	36.57	35.55
0	176	36.56	35.28
0	177	36.54	23.26
0	178	36.54	27.19
0	179	36.49	35.2
0	180	36.47	27.29
0	181	36.47	31.8
0	182	36.19	29.37
0	183	36.17	29.73
0	184	36.05	22.74
0	185	36.02	27.36
0	186	35.99	21.67
0	187	35.97	35.29
0	188	35.96	24.47
0	189	35.72	32.15
0	190	35.67	34.85
0	191	35.66	32.04
0	192	35.59	27.63
0	193	35.51	12.19
0	194	35.23	29.06
0	195	34.87	33.81
0	196	34.85	6.56
0	197	34.85	17.05
0	198	34.84	16.97
0	199	34.74	18.07
0	200	34.71	33.67
0	201	34.66	14.59
0	202	34.65	28.14
0	203	34.57	14.97
0	204	34.56	33.6
0	205	34.51	27.49
0	206	34.47	24.94
0	207	34.45	14.14
0	208	34.45	27.44
0	209	34.15	13.01
0	210	33.93	8.66
0	211	33.79	26.75
0	212	33.76	25.9
0	213	33.75	29.3
0	214	33.69	20.25
0	215	33.6	33.52
0	216	33.52	19.63
0	217	33.51	23.06
0	218	33.43	22.66
0	219	33.37	29.72
0	220	33.18	21.64
0	221	33.16	17.87
0	222	33.16	17.24
0	223	32.9	25.56
0	224	32.88	30.22
0	225	32.83	23.82
0	226	32.56	23.53
0	227	32.42	29.1
0	228	32.42	24.18
0	229	32.38	29.46
0	230	32.36	29.01
0	231	32.35	11.36
0	232	32.28	17.25
0	233	32.21	24.86
0	234	32.1	28.55
0	235	32.02	7.32
0	236	31.99	3.36
0	237	31.94	31.44
0	238	31.85	26.66
0	239	31.64	27.99
0	240	31.63	25.76
0	241	31.62	29.02
0	242	31.56	29.02
0	243	31.5	23.27
0	244	31.49	28.24
0	245	31.46	30.53
0	246	31.46	16.19
0	247	31.26	29.16
0	248	31.24	16.85
0	249	31.19	28.86
0	250	31.17	24.01
0	251	31.17	29.92
0	252	31.05	29.56
0	253	31.04	25.0
0	254	30.99	0.0
0	255	30.96	30.16
0	256	30.93	22.09
0	257	30.9	26.14
0	258	30.71	12.38
0	259	30.64	30.63
0	260	30.64	24.62
0	261	30.6	21.6
0	262	30.56	24.2
0	263	30.53	27.38
0	264	30.5	18.54
0	265	30.48	2.83
0	266	30.46	15.91
0	267	30.45	9.03
0	268	30.45	29.82
0	269	30.31	23.18
0	270	30.29	28.21
0	271	30.27	12.33
0	272	30.25	8.97
0	273	30.11	27.48
0	274	30.1	29.08
0	275	29.92	0.0
0	276	29.88	17.19
0	277	29.77	0.0
0	278	29.76	21.97
0	279	29.67	13.01
0	280	29.61	9.45
0	281	29.56	28.19
0	282	29.56	14.1
0	283	29.51	22.69
0	284	29.46	22.95
0	285	29.45	8.71
0	286	29.4	27.03
0	287	29.39	14.34
0	288	29.36	23.72
0	289	29.1	25.95
0	290	29.09	27.75
0	291	28.94	22.66
0	292	28.88	25.69
0	293	28.85	23.67
0	294	28.83	16.03
0	295	28.71	8.71
0	296	28.69	10.45
0	297	28.65	26.7
0	298	28.64	28.17
0	299	28.49	28.33
0	300	28.49	26.47
0	301	28.47	24.17
0	302	28.44	11.87
0	303	28.38	26.47
0	304	28.38	13.72
0	305	28.38	0.0
0	306	28.34	2.8
0	307	28.29	15.29
0	308	28.27	24.17
0	309	28.25	17.9
0	310	28.16	28.0
0	311	28.16	24.85
0	312	28.09	25.56
0	313	28.02	0.0
0	314	27.99	24.03
0	315	27.9	19.69
0	316	27.88	27.68
0	317	27.84	18.27
0	318	27.82	9.94
0	319	27.76	17.79
0	320	27.72	25.96
0	321	27.72	27.49
0	322	27.61	18.03
0	323	27.58	26.01
0	324	27.55	15.19
0	325	27.54	16.13
0	326	27.45	19.79
0	327	27.42	26.28
0	328	27.38	21.44
0	329	27.37	25.85
0	330	27.31	25.68
0	331	27.24	13.2
0	332	27.23	8.74
0	333	27.16	19.29
0	334	27.16	25.82
0	335	27.15	0.0
0	336	27.13	14.66
0	337	27.13	19.69
0	338	27.12	7.52
0	339	27.12	20.51
0	340	27.11	20.08
0	341	27.08	26.86
0	342	27.06	26.1
0	343	27.03	24.82
0	344	27.0	26.51
0	345	26.97	0.0
0	346	26.91	21.94
0	347	26.89	26.36
0	348	26.89	17.16
0	349	26.89	18.57
0	350	26.82	21.33
0	351	26.81	19.75
0	352	26.73	24.81
0	353	26.65	18.01
0	354	26.62	21.14
0	355	26.58	21.11
0	356	26.52	4.28
0	357	26.51	11.7
0	358	26.49	2.74
0	359	26.48	17.73
0	360	26.44	2.24
0	361	26.42	17.4
0	362	26.42	22.17
0	363	26.4	21.1
0	364	26.4	0.0
0	365	26.39	24.02
0	366	26.36	14.14
0	367	26.25	26.02
0	368	26.24	13.89
0	369	26.22	12.98
0	370	26.21	18.65
0	371	26.13	24.61
0	372	26.12	0.0
0	373	26.07	24.76
0	374	26.06	14.65
0	375	25.99	18.65
0	376	25.98	23.95
0	377	25.96	0.0
0	378	25.95	19.75
0	379	25.85	22.65
0	380	25.82	12.66
0	381	25.73	23.26
0	382	25.71	15.85
0	383	25.71	9.59
0	384	25.71	11.06
0	385	25.7	18.95
0	386	25.68	22.98
0	387	25.54	23.37
0	388	25.53	0.0
0	389	25.49	18.71
0	390	25.46	0.0
0	391	25.45	23.88
0	392	25.44	23.98
0	393	25.38	0.0
0	394	25.33	17.25
0	395	25.32	13.64
0	396	25.29	23.8
0	397	25.28	24.62
0	398	25.28	25.0
0	399	25.24	20.91
0	400	25.24	13.44
0	401	25.23	24.37
0	402	25.1	23.06
0	403	25.01	23.16
0	404	25.0	15.02
0	405	24.95	5.63
0	406	24.92	24.63
0	407	24.91	0.0
0	408	24.83	15.43
0	409	24.82	24.81
0	410	24.76	19.05
0	411	24.74	19.51
0	412	24.73	21.19
0	413	24.63	21.17
0	414	24.51	0.0
0	415	24.45	15.47
0	416	24.43	6.69
0	417	24.34	21.18
0	418	24.27	13.85
0	419	24.2	23.69
0	420	24.15	22.3
0	421	24.14	17.98
0	422	24.11	23.11
0	423	23.97	19.9
0	424	23.94	11.7
0	425	23.93	16.08
0	426	23.92	11.83
0	427	23.92	14.1
0	428	23.83	21.25
0	429	23.78	19.05
0	430	23.78	16.09
0	431	23.72	0.0
0	432	23.72	0.0
0	433	23.7	22.83
0	434	23.7	23.65
0	435	23.67	23.11
0	436	23.67	23.65
0	437	23.49	14.53
0	438	23.45	15.3
0	439	23.44	0.0
0	440	23.43	22.76
0	441	23.36	0.0
0	442	23.31	21.97
0	443	23.29	1.4
0	444	23.26	10.39
0	445	23.21	16.55
0	446	23.2	7.69
0	447	23.19	11.42
0	448	23.17	20.91
0	449	23.07	13.39
0	450	23.06	13.55
0	451	23.06	16.74
0	452	23.05	22.33
0	453	23.03	22.43
0	454	22.96	12.56
0	455	22.95	16.89
0	456	22.94	20.8
0	457	22.91	0.0
0	458	22.83	9.36
0	459	22.81	18.63
0	460	22.79	13.95
0	461	22.78	11.47
0	462	22.74	19.14
0	463	22.67	12.7
0	464	22.59	11.18
0	465	22.54	0.0
0	466	22.51	7.66
0	467	22.4	22.22
0	468	22.39	17.39
0	469	22.26	18.5
0	470	22.23	4.97
0	471	22.2	17.0
0	472	22.18	18.2
0	473	22.12	0.0
0	474	22.1	18.99
0	475	22.08	1.77
0	476	22.05	12.28
0	477	22.02	6.68
0	478	22.0	8.4
0	479	21.91	17.69
0	480	21.79	13.1
0	481	21.72	8.54
0	482	21.7	19.63
0	483	21.7	17.09
0	484	21.69	16.3
0	485	21.69	19.7
0	486	21.68	20.7
0	487	21.66	3.22
0	488	21.61	18.44
0	489	21.59	17.56
0	490	21.56	15.55
0	491	21.54	16.3
0	492	21.53	20.14
0	493	21.52	18.82
0	494	21.51	21.1
0	495	21.48	19.35
0	496	21.38	5.48
0	497	21.35	17.97
0	498	21.34	11.19
0	499	21.34	17.46
0	500	21.29	17.23
0	501	21.27	15.77
0	502	21.24	15.07
0	503	21.16	7.57
0	504	21.09	11.35
0	505	21.03	19.03
0	506	21.03	11.99
0	507	20.97	0.0
0	508	20.96	18.73
0	509	20.95	10.52
0	510	20.88	14.68
0	511	20.87	10.36
0	512	20.84	0.0
0	513	20.83	10.35
0	514	20.81	0.0
0	515	20.81	16.62
0	516	20.8	8.63
0	517	20.8	10.08
0	518	20.79	13.45
0	519	20.75	18.63
0	520	20.74	11.69
0	521	20.73	3.81
0	522	20.7	0.0
0	523	20.7	0.0
0	524	20.64	14.54
0	525	20.63	18.76
0	526	20.62	4.42
0	527	20.6	13.52
0	528	20.59	9.61
0	529	20.54	20.06
0	530	20.5	13.08
0	531	20.46	18.53
0	532	20.45	6.35
0	533	20.36	17.44
0	534	20.36	0.25
0	535	20.36	20.35
0	536	20.34	15.2
0	537	20.32	0.0
0	538	20.32	10.71
0	539	20.31	14.98
0	540	20.28	0.0
0	541	20.23	19.56
0	542	20.23	16.88
0	543	20.19	8.81
0	544	20.17	19.44
0	545	20.17	17.93
0	546	20.14	9.69
0	547	20.12	6.11
0	548	20.1	7.39
0	549	20.07	17.01
0	550	20.05	16.17
0	551	20.04	16.91
0	552	20.04	0.62
0	553	20.03	9.49
0	554	20.0	18.97
0	555	19.99	15.72
0	556	19.96	17.68
0	557	19.92	0.0
0	558	19.88	17.82
0	559	19.85	9.38
0	560	19.85	17.24
0	561	19.79	12.29
0	562	19.78	5.93
0	563	19.77	11.43
0	564	19.74	12.2
0	565	19.72	6.26
0	566	19.72	4.18
0	567	19.66	16.47
0	568	19.63	5.19
0	569	19.63	0.0
0	570	19.61	12.65
0	571	19.58	7.51
0	572	19.54	17.08
0	573	19.49	12.02
0	574	19.48	11.67
0	575	19.47	18.02
0	576	19.46	14.88
0	577	19.43	8.66
0	578	19.41	7.78
0	579	19.38	0.0
0	580	19.37	16.81
0	581	19.37	18.91
0	582	19.36	14.71
0	583	19.33	0.0
0	584	19.24	18.24
0	585	19.22	0.0
0	586	19.16	11.55
0	587	19.14	15.49
0	588	19.06	9.95
0	589	19.04	13.07
0	590	18.89	17.51
0	591	18.89	13.95
0	592	18.88	14.96
0	593	18.85	16.79
0	594	18.8	0.0
0	595	18.74	14.93
0	596	18.74	0.0
0	597	18.74	8.44
0	598	18.66	0.0
0	599	18.65	13.89
0	600	18.64	15.91
0	601	18.58	3.52
0	602	18.54	11.49
0	603	18.52	14.62
0	604	18.51	0.0
0	605	18.5	12.76
0	606	18.47	13.85
0	607	18.46	6.59
0	608	18.42	17.69
0	609	18.35	7.41
0	610	18.35	17.42
0	611	18.32	3.31
0	612	18.31	0.0
0	613	18.3	17.15
0	614	18.3	7.6
0	615	18.28	11.19
0	616	18.24	15.88
0	617	18.22	0.0
0	618	18.2	12.28
0	619	18.17	17.32
0	620	18.17	17.4
0	621	18.17	15.39
0	622	18.17	14.3
0	623	18.14	13.5
0	624	18.06	0.0
0	625	18.03	0.0
0	626	18.03	15.16
0	627	18.0	14.81
0	628	17.96	11.38
0	629	17.91	9.74
0	630	17.9	9.86
0	631	17.89	2.78
0	632	17.89	0.0
0	633	17.83	12.15
0	634	17.81	17.72
0	635	17.81	1.65
0	636	17.81	17.17
0	637	17.77	13.8
0	638	17.75	0.0
0	639	17.75	16.29
0	640	17.71	13.75
0	641	17.7	10.54
0	642	17.67	15.38
0	643	17.65	16.96
0	644	17.63	14.77
0	645	17.61	6.88
0	646	17.58	14.25
0	647	17.55	8.52
0	648	17.55	11.83
0	649	17.51	13.5
0	650	17.51	15.48
0	651	17.45	0.0
0	652	17.45	15.46
0	653	17.44	15.59
0	654	17.43	10.8
0	655	17.42	15.98
0	656	17.41	0.0
0	657	17.39	8.91
0	658	17.38	15.62
0	659	17.38	9.43
0	660	17.32	7.49
0	661	17.31	9.52
0	662	17.31	3.51
0	663	17.28	3.28
0	664	17.25	15.35
0	665	17.25	0.0
0	666	17.24	3.35
0	667	17.23	7.6
0	668	17.22	9.38
0	669	17.13	0.0
0	670	17.11	16.58
0	671	17.1	0.0
0	672	17.05	3.69
0	673	17.04	0.0
0	674	17.03	11.12
0	675	17.03	12.07
0	676	17.01	0.0
0	677	16.97	1.4
0	678	16.93	3.99
0	679	16.92	12.75
0	680	16.77	15.55
0	681	16.74	15.94
0	682	16.69	15.52
0	683	16.69	14.63
0	684	16.49	10.34
0	685	16.49	11.08
0	686	16.49	10.49
0	687	16.47	11.59
0	688	16.47	12.86
0	689	16.4	6.33
0	690	16.39	15.44
0	691	16.34	11.76
0	692	16.32	0.0
0	693	16.32	14.77
0	694	16.31	15.36
0	695	16.31	9.5
0	696	16.3	14.07
0	697	16.29	13.36
0	698	16.27	0.0
0	699	16.27	16.14
0	700	16.26	11.22
0	701	16.24	15.05
0	702	16.22	2.8
0	703	16.21	11.1
0	704	16.2	13.85
0	705	16.19	9.02
0	706	16.1	0.0
0	707	16.09	10.49
0	708	16.08	8.9
0	709	16.01	0.0
0	710	16.0	5.19
0	711	16.0	11.63
0	712	15.98	4.45
0	713	15.96	14.15
0	714	15.95	0.0
0	715	15.88	0.0
0	716	15.85	0.0
0	717	15.84	14.18
0	718	15.82	14.76
0	719	15.82	1.21
0	720	15.81	13.54
0	721	15.8	8.74
0	722	15.77	8.15
0	723	15.66	14.64
0	724	15.64	12.83
0	725	15.59	12.21
0	726	15.55	9.17
0	727	15.51	13.64
0	728	15.5	13.78
0	729	15.48	14.29
0	730	15.45	0.0
0	731	15.31	14.51
0	732	15.3	0.0
0	733	15.24	4.11
0	734	15.22	6.02
0	735	15.2	14.14
0	736	15.16	0.0
0	737	15.16	14.26
0	738	15.15	0.0
0	739	15.15	15.12
0	740	15.15	0.0
0	741	15.13	9.95
0	742	15.1	6.64
0	743	15.09	11.64
0	744	15.08	13.65
0	745	15.06	4.97
0	746	15.01	5.79
0	747	15.01	8.15
0	748	14.98	0.0
0	749	14.96	4.94
0	750	14.91	13.88
0	751	14.89	12.76
0	752	14.87	10.25
0	753	14.86	13.42
0	754	14.83	11.87
0	755	14.82	11.58
0	756	14.81	0.0
0	757	14.8	11.36
0	758	14.77	0.0
0	759	14.77	8.37
0	760	14.75	14.68
0	761	14.74	10.18
0	762	14.7	0.0
0	763	14.65	7.86
0	764	14.65	11.6
0	765	14.61	11.9
0	766	14.6	6.41
0	767	14.59	0.0
0	768	14.54	10.32
0	769	14.54	9.91
0	770	14.53	11.26
0	771	14.51	9.2
0	772	14.5	5.28
0	773	14.5	14.4
0	774	14.49	13.74
0	775	14.49	5.01
0	776	14.49	9.78
0	777	14.48	0.0
0	778	14.45	12.61
0	779	14.39	4.7
0	780	14.37	3.05
0	781	14.37	13.95
0	782	14.32	0.0
0	783	14.27	13.06
0	784	14.23	12.41
0	785	14.22	11.63
0	786	14.19	12.53
0	787	14.17	9.82
0	788	14.16	6.93
0	789	14.15	10.63
0	790	14.14	3.84
0	791	14.13	11.29
0	792	14.12	0.0
0	793	14.12	0.0
0	794	14.1	2.15
0	795	14.05	0.0
0	796	14.05	0.0
0	797	14.0	0.0
0	798	13.96	0.0
0	799	13.95	0.0
0	800	13.94	0.0
0	801	13.9	13.83
0	802	13.89	1.25
0	803	13.82	12.76
0	804	13.8	0.0
0	805	13.79	0.0
0	806	13.79	0.0
0	807	13.79	7.12
0	808	13.78	8.56
0	809	13.77	8.93
0	810	13.75	10.15
0	811	13.75	0.57
0	812	13.69	3.92
0	813	13.69	11.97
0	814	13.68	12.73
0	815	13.67	10.19
0	816	13.65	9.14
0	817	13.65	12.75
0	818	13.64	10.85
0	819	13.64	1.03
0	820	13.62	11.07
0	821	13.61	0.0
0	822	13.59	9.75
0	823	13.56	7.01
0	824	13.53	10.99
0	825	13.53	8.32
0	826	13.53	1.92
0	827	13.53	7.27
0	828	13.5	11.09
0	829	13.47	5.17
0	830	13.45	4.78
0	831	13.45	9.66
0	832	13.41	8.32
0	833	13.37	6.16
0	834	13.37	0.54
0	835	13.36	12.7
0	836	13.36	0.0
0	837	13.36	0.0
0	838	13.33	10.77
0	839	13.33	0.0
0	840	13.31	9.4
0	841	13.26	0.0
0	842	13.25	12.11
0	843	13.23	6.26
0	844	13.23	11.43
0	845	13.21	5.28
0	846	13.21	12.99
0	847	13.21	0.0
0	848	13.19	9.64
0	849	13.15	11.11
0	850	13.1	11.53
0	851	13.08	7.77
0	852	13.08	6.35
0	853	13.06	0.0
0	854	13.05	6.12
0	855	13.05	12.33
0	856	13.02	0.0
0	857	13.02	9.44
0	858	13.01	11.37
0	859	13.01	0.0
0	860	12.99	9.48
0	861	12.97	9.58
0	862	12.97	10.97
0	863	12.93	9.31
0	864	12.93	0.0
0	865	12.93	0.0
0	866	12.92	10.62
0	867	12.91	11.15
0	868	12.9	0.0
0	869	12.82	1.94
0	870	12.81	10.79
0	871	12.8	5.72
0	872	12.8	7.48
0	873	12.79	0.0
0	874	12.79	0.0
0	875	12.76	10.01
0	876	12.75	11.38
0	877	12.75	8.61
0	878	12.75	0.0
0	879	12.71	0.0
0	880	12.7	0.28
0	881	12.7	3.41
0	882	12.67	0.0
0	883	12.67	11.52
0	884	12.66	7.62
0	885	12.66	0.81
0	886	12.61	0.0
0	887	12.6	8.88
0	888	12.59	10.5
0	889	12.59	8.29
0	890	12.59	0.0
0	891	12.58	0.0
0	892	12.55	11.1
0	893	12.54	0.0
0	894	12.52	11.76
0	895	12.51	3.73
0	896	12.48	6.98
0	897	12.47	0.0
0	898	12.46	10.99
0	899	12.45	0.0
0	900	12.45	8.46
0	901	12.44	4.06
0	902	12.43	6.52
0	903	12.42	4.16
0	904	12.39	8.85
0	905	12.39	0.46
0	906	12.37	10.67
0	907	12.36	11.58
0	908	12.35	0.0
0	909	12.33	4.26
0	910	12.32	11.85
0	911	12.29	9.96
0	912	12.28	11.53
0	913	12.27	0.0
0	914	12.26	10.6
0	915	12.24	7.36
0	916	12.19	0.0
0	917	12.18	5.82
0	918	12.14	4.66
0	919	12.14	11.6
0	920	12.13	0.0
0	921	12.08	11.96
0	922	12.05	10.1
0	923	12.05	0.0
0	924	12.03	0.0
0	925	12.01	11.97
0	926	12.0	0.0
0	927	11.99	8.61
0	928	11.98	0.0
0	929	11.98	11.34
0	930	11.97	0.0
0	931	11.95	6.38
0	932	11.91	6.17
0	933	11.88	10.16
0	934	11.88	1.94
0	935	11.86	11.1
0	936	11.86	11.12
0	937	11.85	0.0
0	938	11.85	11.83
0	939	11.84	0.0
0	940	11.8	8.87
0	941	11.78	0.0
0	942	11.77	0.0
0	943	11.76	1.32
0	944	11.74	6.08
0	945	11.73	0.0
0	946	11.72	10.82
0	947	11.71	0.0
0	948	11.7	6.58
0	949	11.69	9.23
0	950	11.66	3.69
0	951	11.66	10.9
0	952	11.66	11.32
0	953	11.66	2.75
0	954	11.65	0.0
0	955	11.64	0.0
0	956	11.64	0.0
0	957	11.63	11.33
0	958	11.63	0.0
0	959	11.63	10.36
0	960	11.62	8.41
0	961	11.56	10.92
0	962	11.56	3.66
0	963	11.56	3.97
0	964	11.55	0.0
0	965	11.55	8.08
0	966	11.53	0.0
0	967	11.53	0.0
0	968	11.53	10.95
0	969	11.52	8.06
0	970	11.51	11.11
0	971	11.49	0.0
0	972	11.48	7.89
0	973	11.48	7.34
0	974	11.47	7.18
0	975	11.41	7.41
0	976	11.41	0.0
0	977	11.39	8.08
0	978	11.35	0.0
0	979	11.33	6.04
0	980	11.33	0.0
0	981	11.33	2.63
0	982	11.3	8.89
0	983	11.29	0.97
0	984	11.28	3.68
0	985	11.26	2.2
0	986	11.23	9.74
0	987	11.19	0.12
0	988	11.18	8.14
0	989	11.16	3.61
0	990	11.15	4.28
0	991	11.15	8.19
0	992	11.15	10.75
0	993	11.15	5.65
0	994	11.1	7.63
0	995	11.09	0.0
0	996	11.09	7.86
0	997	11.07	9.05
0	998	11.06	2.59
0	999	11.06	1.14
0	1000	11.01	9.55
0	1001	11.01	2.25
0	1002	11.0	10.27
0	1003	10.93	0.0
0	1004	10.89	5.17
0	1005	10.88	4.15
0	1006	10.87	8.42
0	1007	10.87	4.49
0	1008	10.85	0.0
0	1009	10.84	0.0
0	1010	10.81	7.65
0	1011	10.77	0.26
0	1012	10.76	0.0
0	1013	10.75	4.05
0	1014	10.75	0.0
0	1015	10.75	6.56
0	1016	10.74	8.47
0	1017	10.73	0.0
0	1018	10.64	0.0
0	1019	10.62	0.53
0	1020	10.59	0.0
0	1021	10.56	0.0
0	1022	10.56	0.0
0	1023	10.55	10.03
0	1024	10.55	3.73
0	1025	10.55	0.0
0	1026	10.54	2.27
0	1027	10.52	6.57
0	1028	10.48	8.73
0	1029	10.46	8.52
0	1030	10.46	8.83
0	1031	10.45	7.19
0	1032	10.45	0.0
0	1033	10.45	6.71
0	1034	10.45	0.0
0	1035	10.42	0.0
0	1036	10.39	3.96
0	1037	10.37	7.71
0	1038	10.37	10.25
0	1039	10.36	0.0
0	1040	10.35	5.73
0	1041	10.33	0.0
0	1042	10.32	7.4
0	1043	10.32	0.0
0	1044	10.32	9.92
0	1045	10.28	1.36
0	1046	10.26	6.47
0	1047	10.25	0.0
0	1048	10.24	7.25
0	1049	10.24	0.0
0	1050	10.22	8.39
0	1051	10.22	7.13
0	1052	10.2	0.0
0	1053	10.18	9.85
0	1054	10.18	0.09
0	1055	10.18	0.0
0	1056	10.16	7.83
0	1057	10.15	0.0
0	1058	10.12	9.57
0	1059	10.09	7.86
0	1060	10.03	4.84
0	1061	10.02	3.46
0	1062	9.96	6.47
0	1063	9.94	9.64
0	1064	9.93	0.0
0	1065	9.93	7.24
0	1066	9.92	9.42
0	1067	9.86	3.48
0	1068	9.85	0.0
0	1069	9.85	8.2
0	1070	9.85	0.0
0	1071	9.84	8.24
0	1072	9.83	0.0
0	1073	9.82	1.92
0	1074	9.8	1.05
0	1075	9.79	7.33
0	1076	9.78	0.0
0	1077	9.76	1.66
0	1078	9.75	7.7
0	1079	9.72	7.85
0	1080	9.71	6.44
0	1081	9.7	0.0
0	1082	9.69	1.55
0	1083	9.66	5.39
0	1084	9.65	0.0
0	1085	9.65	0.0
0	1086	9.64	0.0
0	1087	9.64	3.85
0	1088	9.6	0.0
0	1089	9.59	6.73
0	1090	9.59	0.0
0	1091	9.56	8.0
0	1092	9.54	0.0
0	1093	9.54	4.85
0	1094	9.53	0.0
0	1095	9.51	5.8
0	1096	9.49	5.22
0	1097	9.46	0.0
0	1098	9.43	0.0
0	1099	9.42	7.0
0	1100	9.42	0.0
0	1101	9.42	0.0
0	1102	9.42	0.0
0	1103	9.4	7.47
0	1104	9.38	8.02
0	1105	9.38	1.26
0	1106	9.38	7.13
0	1107	9.36	1.88
0	1108	9.35	7.24
0	1109	9.34	2.0
0	1110	9.31	0.0
0	1111	9.3	1.88
0	1112	9.3	0.0
0	1113	9.28	2.75
0	1114	9.27	5.2
0	1115	9.27	7.88
0	1116	9.23	0.0
0	1117	9.23	2.26
0	1118	9.23	0.0
0	1119	9.22	3.33
0	1120	9.22	7.28
0	1121	9.2	0.0
0	1122	9.17	1.96
0	1123	9.15	7.47
0	1124	9.15	0.0
0	1125	9.12	0.0
0	1126	9.09	0.0
0	1127	9.08	5.46
0	1128	9.07	0.0
0	1129	9.06	6.92
0	1130	9.05	6.53
0	1131	9.04	4.99
0	1132	9.02	5.92
0	1133	8.97	7.25
0	1134	8.95	0.0
0	1135	8.94	3.38
0	1136	8.94	4.96
0	1137	8.93	0.0
0	1138	8.89	0.93
0	1139	8.89	0.0
0	1140	8.85	6.34
0	1141	8.85	6.6
0	1142	8.85	7.1
0	1143	8.82	0.0
0	1144	8.8	0.0
0	1145	8.8	5.4
0	1146	8.79	1.74
0	1147	8.79	0.0
0	1148	8.78	7.84
0	1149	8.75	8.43
0	1150	8.72	0.0
0	1151	8.71	3.74
0	1152	8.68	5.68
0	1153	8.65	0.0
0	1154	8.63	0.0
0	1155	8.63	3.73
0	1156	8.61	0.0
0	1157	8.61	0.0
0	1158	8.6	0.0
0	1159	8.59	0.0
0	1160	8.59	0.0
0	1161	8.56	7.56
0	1162	8.54	2.29
0	1163	8.53	3.92
0	1164	8.51	1.04
0	1165	8.5	0.0
0	1166	8.49	0.0
0	1167	8.48	8.36
0	1168	8.47	5.62
0	1169	8.45	5.23
0	1170	8.42	5.72
0	1171	8.35	2.96
0	1172	8.34	6.8
0	1173	8.33	1.95
0	1174	8.32	7.71
0	1175	8.31	4.16
0	1176	8.29	0.0
0	1177	8.27	3.85
0	1178	8.27	2.61
0	1179	8.23	5.9
0	1180	8.23	0.0
0	1181	8.21	8.12
0	1182	8.19	7.15
0	1183	8.17	0.0
0	1184	8.16	0.8
0	1185	8.15	3.71
0	1186	8.15	0.0
0	1187	8.14	0.0
0	1188	8.09	0.0
0	1189	8.09	0.0
0	1190	8.07	0.0
0	1191	8.06	0.0
0	1192	8.03	0.0
0	1193	8.02	0.99
0	1194	8.0	6.45
0	1195	8.0	0.0
0	1196	7.97	2.43
0	1197	7.96	1.68
0	1198	7.96	0.0
0	1199	7.95	0.0
0	1200	7.93	0.0
0	1201	7.93	0.0
0	1202	7.89	4.36
0	1203	7.88	6.24
0	1204	7.88	0.0
0	1205	7.87	0.0
0	1206	7.83	0.0
0	1207	7.83	0.0
0	1208	7.8	0.0
0	1209	7.78	7.06
0	1210	7.77	0.0
0	1211	7.77	0.0
0	1212	7.75	0.0
0	1213	7.74	4.7
0	1214	7.74	0.0
0	1215	7.73	0.0
0	1216	7.72	5.05
0	1217	7.72	0.0
0	1218	7.71	0.0
0	1219	7.69	6.5
0	1220	7.68	6.48
0	1221	7.66	6.5
0	1222	7.65	2.99
0	1223	7.65	4.29
0	1224	7.64	0.0
0	1225	7.62	1.59
0	1226	7.61	0.0
0	1227	7.61	0.0
0	1228	7.59	3.83
0	1229	7.59	4.37
0	1230	7.55	0.0
0	1231	7.53	0.0
0	1232	7.52	0.0
0	1233	7.52	0.0
0	1234	7.5	0.0
0	1235	7.47	2.22
0	1236	7.45	0.0
0	1237	7.45	0.0
0	1238	7.45	0.0
0	1239	7.45	0.0
0	1240	7.44	0.57
0	1241	7.43	2.68
0	1242	7.42	0.0
0	1243	7.39	4.1
0	1244	7.37	0.0
0	1245	7.34	0.0
0	1246	7.33	1.9
0	1247	7.32	4.16
0	1248	7.32	2.56
0	1249	7.31	6.45
0	1250	7.31	2.65
0	1251	7.29	4.96
0	1252	7.29	6.12
0	1253	7.27	5.96
0	1254	7.25	3.92
0	1255	7.24	0.0
0	1256	7.24	0.0
0	1257	7.24	0.0
0	1258	7.23	3.07
0	1259	7.21	5.0
0	1260	7.21	0.0
0	1261	7.2	0.0
0	1262	7.19	0.0
0	1263	7.18	4.4
0	1264	7.16	0.0
0	1265	7.15	0.0
0	1266	7.13	5.25
0	1267	7.13	0.0
0	1268	7.08	0.0
0	1269	7.07	0.0
0	1270	7.06	4.39
0	1271	7.05	4.64
0	1272	7.05	4.64
0	1273	7.04	6.45
0	1274	7.03	1.41
0	1275	6.96	0.0
0	1276	6.96	0.0
0	1277	6.93	0.0
0	1278	6.92	0.0
0	1279	6.84	2.55
0	1280	6.82	0.0
0	1281	6.76	0.86
0	1282	6.75	4.78
0	1283	6.73	2.94
0	1284	6.72	0.0
0	1285	6.72	2.56
0	1286	6.71	0.0
0	1287	6.71	0.0
0	1288	6.7	2.68
0	1289	6.68	5.47
0	1290	6.68	0.0
0	1291	6.68	6.14
0	1292	6.66	5.64
0	1293	6.63	0.0
0	1294	6.62	2.05
0	1295	6.62	6.53
0	1296	6.61	0.0
0	1297	6.61	0.0
0	1298	6.6	3.75
0	1299	6.59	0.18
0	1300	6.58	0.0
0	1301	6.57	0.38
0	1302	6.57	1.39
0	1303	6.56	0.0
0	1304	6.55	4.26
0	1305	6.53	5.64
0	1306	6.53	0.0
0	1307	6.5	5.06
0	1308	6.48	0.0
0	1309	6.47	2.32
0	1310	6.47	0.0
0	1311	6.45	3.06
0	1312	6.44	2.23
0	1313	6.44	2.44
0	1314	6.44	0.0
0	1315	6.43	0.0
0	1316	6.41	3.0
0	1317	6.39	0.0
0	1318	6.38	6.29
0	1319	6.37	0.0
0	1320	6.37	0.0
0	1321	6.35	5.91
0	1322	6.35	3.81
0	1323	6.33	4.49
0	1324	6.31	0.0
0	1325	6.3	0.0
0	1326	6.29	0.0
0	1327	6.27	0.0
0	1328	6.26	4.84
0	1329	6.26	6.08
0	1330	6.25	4.58
0	1331	6.25	4.97
0	1332	6.24	3.26
0	1333	6.23	0.96
0	1334	6.23	0.0
0	1335	6.22	0.0
0	1336	6.19	0.0
0	1337	6.19	0.0
0	1338	6.19	2.39
0	1339	6.18	0.0
0	1340	6.14	0.0
0	1341	6.14	0.0
0	1342	6.1	0.0
0	1343	6.09	0.0
0	1344	6.09	0.0
0	1345	6.09	0.0
0	1346	6.08	0.63
0	1347	6.08	5.37
0	1348	6.08	1.38
0	1349	6.06	0.0
0	1350	6.05	5.42
0	1351	6.04	3.16
0	1352	6.04	0.0
0	1353	6.02	1.94
0	1354	6.02	3.26
0	1355	6.01	4.92
0	1356	5.99	5.17
0	1357	5.99	0.0
0	1358	5.97	0.0
0	1359	5.97	5.03
0	1360	5.93	2.47
0	1361	5.92	0.0
0	1362	5.92	0.0
0	1363	5.92	0.41
0	1364	5.91	1.44
0	1365	5.9	0.0
0	1366	5.89	0.0
0	1367	5.87	0.75
0	1368	5.85	0.0
0	1369	5.83	0.0
0	1370	5.81	0.98
0	1371	5.79	0.0
0	1372	5.79	0.0
0	1373	5.77	0.0
0	1374	5.77	5.09
0	1375	5.76	5.3
0	1376	5.74	1.59
0	1377	5.74	0.0
0	1378	5.71	1.73
0	1379	5.71	0.0
0	1380	5.71	4.62
0	1381	5.7	0.0
0	1382	5.7	0.0
0	1383	5.7	0.0
0	1384	5.68	4.39
0	1385	5.65	3.8
0	1386	5.63	5.59
0	1387	5.58	0.0
0	1388	5.56	0.9
0	1389	5.55	0.0
0	1390	5.55	0.0
0	1391	5.53	5.07
0	1392	5.53	3.84
0	1393	5.51	2.1
0	1394	5.48	3.98
0	1395	5.48	0.0
0	1396	5.47	0.0
0	1397	5.46	3.78
0	1398	5.45	0.07
0	1399	5.44	0.0
0	1400	5.44	5.32
0	1401	5.42	0.0
0	1402	5.39	1.61
0	1403	5.38	0.0
0	1404	5.38	3.7
0	1405	5.37	0.0
0	1406	5.36	0.0
0	1407	5.35	1.01
0	1408	5.35	0.24
0	1409	5.32	4.11
0	1410	5.32	0.0
0	1411	5.3	2.05
0	1412	5.26	0.0
0	1413	5.25	2.72
0	1414	5.24	4.97
0	1415	5.21	3.45
0	1416	5.2	0.0
0	1417	5.18	3.37
0	1418	5.17	0.0
0	1419	5.15	0.0
0	1420	5.15	2.41
0	1421	5.15	0.0
0	1422	5.14	3.24
0	1423	5.14	4.05
0	1424	5.13	0.0
0	1425	5.12	0.0
0	1426	5.11	4.85
0	1427	5.11	0.0
0	1428	5.1	0.0
0	1429	5.1	1.77
0	1430	5.07	0.59
0	1431	5.07	0.0
0	1432	5.06	4.21
0	1433	5.05	4.09
0	1434	5.04	0.0
0	1435	5.03	0.71
0	1436	5.02	0.0
0	1437	5.02	0.0
0	1438	5.01	0.68
0	1439	5.0	0.0
0	1440	4.97	2.01
0	1441	4.97	0.0
0	1442	4.97	3.23
0	1443	4.96	0.0
0	1444	4.94	2.38
0	1445	4.93	0.0
0	1446	4.91	0.0
0	1447	4.88	0.0
0	1448	4.88	0.0
0	1449	4.86	0.0
0	1450	4.85	0.0
0	1451	4.84	0.79
0	1452	4.83	0.0
0	1453	4.83	0.0
0	1454	4.82	3.23
0	1455	4.81	0.0
0	1456	4.8	0.0
0	1457	4.79	0.0
0	1458	4.79	2.35
0	1459	4.78	1.89
0	1460	4.77	0.0
0	1461	4.76	1.29
0	1462	4.76	0.0
0	1463	4.74	0.0
0	1464	4.72	2.01
0	1465	4.71	0.0
0	1466	4.71	0.0
0	1467	4.69	0.0
0	1468	4.68	0.0
0	1469	4.67	0.0
0	1470	4.67	0.0
0	1471	4.64	0.0
0	1472	4.64	0.0
0	1473	4.59	0.0
0	1474	4.59	0.0
0	1475	4.58	0.0
0	1476	4.57	2.12
0	1477	4.57	0.0
0	1478	4.56	0.0
0	1479	4.56	0.0
0	1480	4.55	0.0
0	1481	4.53	0.0
0	1482	4.53	0.0
0	1483	4.52	1.08
0	1484	4.51	0.0
0	1485	4.5	2.51
0	1486	4.49	0.0
0	1487	4.48	0.0
0	1488	4.44	0.0
0	1489	4.41	3.26
0	1490	4.38	0.0
0	1491	4.38	0.0
0	1492	4.37	0.0
0	1493	4.36	2.29
0	1494	4.34	0.0
0	1495	4.34	1.79
0	1496	4.34	0.0
0	1497	4.33	0.0
0	1498	4.32	0.0
0	1499	4.31	2.66
0	1500	4.31	3.23
0	1501	4.29	0.0
0	1502	4.28	0.0
0	1503	4.28	0.24
0	1504	4.27	0.0
0	1505	4.26	0.0
0	1506	4.25	0.0
0	1507	4.25	0.0
0	1508	4.24	3.94
0	1509	4.24	0.0
0	1510	4.24	0.0
0	1511	4.23	0.0
0	1512	4.23	3.3
0	1513	4.23	3.75
0	1514	4.21	3.04
0	1515	4.2	0.0
0	1516	4.2	0.0
0	1517	4.18	1.47
0	1518	4.17	0.0
0	1519	4.16	0.0
0	1520	4.15	0.0
0	1521	4.13	0.0
0	1522	4.12	0.0
0	1523	4.11	0.0
0	1524	4.11	0.0
0	1525	4.1	0.0
0	1526	4.1	2.15
0	1527	4.07	3.45
0	1528	4.05	0.02
0	1529	4.04	0.0
0	1530	4.04	0.0
0	1531	4.03	1.92
0	1532	4.01	0.0
0	1533	4.0	0.0
0	1534	3.99	3.78
0	1535	3.95	2.51
0	1536	3.94	0.0
0	1537	3.94	2.77
0	1538	3.93	3.85
0	1539	3.93	0.0
0	1540	3.93	0.72
0	1541	3.92	0.0
0	1542	3.91	0.0
0	1543	3.89	0.0
0	1544	3.88	2.38
0	1545	3.87	0.0
0	1546	3.86	3.45
0	1547	3.82	0.0
0	1548	3.82	0.0
0	1549	3.81	3.49
0	1550	3.81	3.21
0	1551	3.8	0.72
0	1552	3.78	0.0
0	1553	3.78	0.0
0	1554	3.75	0.0
0	1555	3.74	0.0
0	1556	3.72	0.0
0	1557	3.72	0.0
0	1558	3.72	0.0
0	1559	3.7	0.0
0	1560	3.7	0.53
0	1561	3.7	0.0
0	1562	3.69	0.0
0	1563	3.68	0.0
0	1564	3.68	0.0
0	1565	3.66	2.06
0	1566	3.65	0.0
0	1567	3.65	0.0
0	1568	3.64	2.87
0	1569	3.62	0.0
0	1570	3.62	0.0
0	1571	3.62	0.39
0	1572	3.61	0.0
0	1573	3.58	0.0
0	1574	3.55	0.0
0	1575	3.54	0.0
0	1576	3.54	0.0
0	1577	3.52	0.0
0	1578	3.51	2.41
0	1579	3.45	0.0
0	1580	3.43	1.02
0	1581	3.4	1.35
0	1582	3.4	0.05
0	1583	3.38	0.0
0	1584	3.34	0.0
0	1585	3.34	2.29
0	1586	3.3	0.0
0	1587	3.29	0.0
0	1588	3.28	3.25
0	1589	3.27	1.95
0	1590	3.25	0.0
0	1591	3.24	0.0
0	1592	3.22	0.0
0	1593	3.21	0.0
0	1594	3.21	0.0
0	1595	3.21	1.98
0	1596	3.18	0.0
0	1597	3.16	0.0
0	1598	3.13	0.53
0	1599	3.12	1.49
0	1600	3.12	2.87
0	1601	3.11	0.0
0	1602	3.11	0.0
0	1603	3.1	0.32
0	1604	3.09	0.0
0	1605	3.06	0.0
0	1606	3.04	1.5
0	1607	3.03	0.0
0	1608	3.03	0.0
0	1609	3.01	0.0
0	1610	3.01	0.0
0	1611	3.0	1.1
0	1612	2.99	0.0
0	1613	2.99	0.0
0	1614	2.98	0.77
0	1615	2.98	0.0
0	1616	2.98	0.0
0	1617	2.97	2.54
0	1618	2.97	1.73
0	1619	2.96	0.9
0	1620	2.95	0.0
0	1621	2.95	0.0
0	1622	2.94	0.0
0	1623	2.94	2.62
0	1624	2.93	0.0
0	1625	2.93	0.68
0	1626	2.91	0.0
0	1627	2.91	0.8
0	1628	2.91	0.0
0	1629	2.88	0.0
0	1630	2.87	0.0
0	1631	2.87	0.0
0	1632	2.87	0.0
0	1633	2.84	2.05
0	1634	2.84	0.0
0	1635	2.83	0.0
0	1636	2.82	0.0
0	1637	2.82	0.0
0	1638	2.81	0.0
0	1639	2.8	0.0
0	1640	2.79	1.12
0	1641	2.79	1.78
0	1642	2.76	0.0
0	1643	2.73	0.0
0	1644	2.71	0.31
0	1645	2.71	0.0
0	1646	2.68	2.04
0	1647	2.68	0.0
0	1648	2.67	0.0
0	1649	2.66	1.63
0	1650	2.65	1.26
0	1651	2.64	0.0
0	1652	2.61	1.24
0	1653	2.61	0.0
0	1654	2.61	0.0
0	1655	2.6	0.0
0	1656	2.59	0.0
0	1657	2.59	0.0
0	1658	2.59	0.0
0	1659	2.57	0.0
0	1660	2.55	0.0
0	1661	2.54	0.0
0	1662	2.54	2.36
0	1663	2.53	0.0
0	1664	2.52	0.0
0	1665	2.52	0.0
0	1666	2.51	0.0
0	1667	2.49	1.28
0	1668	2.49	0.0
0	1669	2.49	0.0
0	1670	2.49	2.17
0	1671	2.48	0.0
0	1672	2.48	0.0
0	1673	2.42	2.34
0	1674	2.38	0.0
0	1675	2.38	1.46
0	1676	2.38	0.0
0	1677	2.37	0.0
0	1678	2.37	1.58
0	1679	2.37	0.0
0	1680	2.33	0.0
0	1681	2.33	1.38
0	1682	2.33	0.0
0	1683	2.32	0.0
0	1684	2.31	0.53
0	1685	2.31	0.0
0	1686	2.29	0.0
0	1687	2.29	0.62
0	1688	2.27	0.75
0	1689	2.27	0.0
0	1690	2.27	0.0
0	1691	2.26	0.0
0	1692	2.23	0.0
0	1693	2.23	0.0
0	1694	2.22	1.44
0	1695	2.21	0.0
0	1696	2.2	0.0
0	1697	2.2	0.0
0	1698	2.19	0.0
0	1699	2.18	0.0
0	1700	2.18	0.0
0	1701	2.18	0.0
0	1702	2.17	0.0
0	1703	2.16	0.0
0	1704	2.16	2.12
0	1705	2.14	0.0
0	1706	2.13	0.0
0	1707	2.12	0.0
0	1708	2.12	0.0
0	1709	2.12	1.91
0	1710	2.12	0.0
0	1711	2.08	1.22
0	1712	2.08	0.0
0	1713	2.07	1.76
0	1714	2.06	0.0
0	1715	2.06	0.0
0	1716	2.06	0.0
0	1717	2.04	0.0
0	1718	2.03	0.0
0	1719	2.03	0.0
0	1720	2.03	0.0
0	1721	2.03	0.0
0	1722	2.02	0.0
0	1723	2.01	0.0
0	1724	2.01	0.0
0	1725	2.0	0.0
0	1726	2.0	0.0
0	1727	1.99	0.0
0	1728	1.99	0.0
0	1729	1.98	0.0
0	1730	1.97	0.0
0	1731	1.95	0.0
0	1732	1.92	0.0
0	1733	1.92	0.0
0	1734	1.9	0.0
0	1735	1.9	0.0
0	1736	1.88	0.0
0	1737	1.87	0.5
0	1738	1.87	1.04
0	1739	1.87	1.47
0	1740	1.87	0.28
0	1741	1.87	0.0
0	1742	1.84	0.0
0	1743	1.83	0.19
0	1744	1.82	0.0
0	1745	1.81	0.0
0	1746	1.81	0.0
0	1747	1.78	0.0
0	1748	1.77	0.0
0	1749	1.77	0.0
0	1750	1.76	0.0
0	1751	1.76	0.0
0	1752	1.76	0.0
0	1753	1.75	0.0
0	1754	1.74	0.0
0	1755	1.73	0.0
0	1756	1.69	1.19
0	1757	1.69	0.0
0	1758	1.68	0.0
0	1759	1.68	0.0
0	1760	1.62	0.0
0	1761	1.62	0.0
0	1762	1.61	0.0
0	1763	1.61	0.0
0	1764	1.59	0.0
0	1765	1.59	0.0
0	1766	1.58	0.0
0	1767	1.54	0.0
0	1768	1.54	0.0
0	1769	1.53	0.67
0	1770	1.52	0.0
0	1771	1.51	0.0
0	1772	1.51	0.0
0	1773	1.49	1.34
0	1774	1.48	0.0
0	1775	1.46	0.0
0	1776	1.46	0.0
0	1777	1.42	0.0
0	1778	1.42	0.0
0	1779	1.41	0.0
0	1780	1.4	0.0
0	1781	1.37	0.0
0	1782	1.36	1.24
0	1783	1.36	0.0
0	1784	1.36	0.0
0	1785	1.35	0.0
0	1786	1.35	0.0
0	1787	1.34	0.0
0	1788	1.34	0.0
0	1789	1.34	0.0
0	1790	1.33	0.0
0	1791	1.32	1.3
0	1792	1.32	0.0
0	1793	1.31	0.0
0	1794	1.31	0.7
0	1795	1.3	0.0
0	1796	1.29	1.23
0	1797	1.29	0.0
0	1798	1.28	0.44
0	1799	1.27	0.0
0	1800	1.27	0.0
0	1801	1.25	0.0
0	1802	1.24	0.0
0	1803	1.21	0.0
0	1804	1.19	0.0
0	1805	1.17	0.0
0	1806	1.15	0.0
0	1807	1.14	0.0
0	1808	1.14	0.0
0	1809	1.12	0.35
0	1810	1.12	0.17
0	1811	1.11	0.0
0	1812	1.1	0.0
0	1813	1.1	0.0
0	1814	1.09	0.0
0	1815	1.09	0.0
0	1816	1.07	0.0
0	1817	1.07	0.0
0	1818	1.07	0.0
0	1819	1.07	0.0
0	1820	1.06	0.0
0	1821	1.05	0.0
0	1822	1.05	0.0
0	1823	1.04	0.0
0	1824	1.03	0.0
0	1825	1.03	0.0
0	1826	1.02	0.0
0	1827	1.0	0.0
0	1828	1.0	0.0
0	1829	0.99	0.0
0	1830	0.99	0.0
0	1831	0.98	0.0
0	1832	0.97	0.0
0	1833	0.97	0.0
0	1834	0.96	0.0
0	1835	0.95	0.0
0	1836	0.95	0.0
0	1837	0.94	0.0
0	1838	0.93	0.0
0	1839	0.92	0.0
0	1840	0.92	0.61
0	1841	0.91	0.0
0	1842	0.9	0.0
0	1843	0.9	0.0
0	1844	0.84	0.0
0	1845	0.84	0.43
0	1846	0.82	0.0
0	1847	0.82	0.0
0	1848	0.81	0.0
0	1849	0.81	0.0
0	1850	0.81	0.0
0	1851	0.78	0.0
0	1852	0.76	0.0
0	1853	0.75	0.0
0	1854	0.75	0.0
0	1855	0.74	0.0
0	1856	0.74	0.0
0	1857	0.74	0.12
0	1858	0.73	0.0
0	1859	0.72	0.0
0	1860	0.71	0.0
0	1861	0.71	0.0
0	1862	0.7	0.0
0	1863	0.69	0.0
0	1864	0.69	0.25
0	1865	0.66	0.0
0	1866	0.65	0.0
0	1867	0.64	0.0
0	1868	0.63	0.0
0	1869	0.61	0.0
0	1870	0.61	0.0
0	1871	0.6	0.0
0	1872	0.59	0.0
0	1873	0.59	0.0
0	1874	0.58	0.0
0	1875	0.57	0.0
0	1876	0.53	0.0
0	1877	0.52	0.0
0	1878	0.51	0.0
0	1879	0.5	0.45
0	1880	0.49	0.0
0	1881	0.47	0.32
0	1882	0.47	0.0
0	1883	0.46	0.0
0	1884	0.46	0.0
0	1885	0.43	0.0
0	1886	0.43	0.0
0	1887	0.43	0.0
0	1888	0.4	0.0
0	1889	0.39	0.0
0	1890	0.38	0.0
0	1891	0.38	0.0
0	1892	0.36	0.0
0	1893	0.36	0.0
0	1894	0.34	0.0
0	1895	0.34	0.0
0	1896	0.34	0.0
0	1897	0.34	0.0
0	1898	0.32	0.0
0	1899	0.32	0.0
0	1900	0.32	0.0
0	1901	0.32	0.0
0	1902	0.31	0.0
0	1903	0.31	0.0
0	1904	0.3	0.0
0	1905	0.29	0.0
0	1906	0.29	0.0
0	1907	0.28	0.0
0	1908	0.28	0.0
0	1909	0.28	0.0
0	1910	0.27	0.0
0	1911	0.26	0.0
0	1912	0.26	0.0
0	1913	0.26	0.0
0	1914	0.26	0.0
0	1915	0.26	0.0
0	1916	0.26	0.0
0	1917	0.24	0.0
0	1918	0.22	0.0
0	1919	0.2	0.0
0	1920	0.18	0.0
0	1921	0.17	0.0
0	1922	0.17	0.0
0	1923	0.17	0.0
0	1924	0.16	0.0
0	1925	0.16	0.0
0	1926	0.15	0.0
0	1927	0.15	0.0
0	1928	0.15	0.0
0	1929	0.12	0.0
0	1930	0.12	0.0
0	1931	0.11	0.0
0	1932	0.11	0.0
0	1933	0.11	0.0
0	1934	0.11	0.0
0	1935	0.1	0.0
0	1936	0.09	0.0
0	1937	0.08	0.0
0	1938	0.06	0.0
0	1939	0.05	0.0
