time	diversity	m_div	M_div
11.537607660020626	0.0	0.0	0.0
11.63791013128365	0.3010299956639812	0.3010299956639812	0.3010299956639812
11.738212602546676	0.3010299956639812	0.3010299956639812	0.3010299956639812
11.8385150738097	0.47712125471966244	0.47712125471966244	0.47712125471966244
11.938817545072725	0.47712125471966244	0.47712125471966244	0.47712125471966244
12.039120016335751	0.47712125471966244	0.47712125471966244	0.47712125471966244
12.139422487598775	0.47712125471966244	0.47712125471966244	0.47712125471966244
12.2397249588618	0.47712125471966244	0.47712125471966244	0.47712125471966244
12.340027430124826	0.47712125471966244	0.47712125471966244	0.47712125471966244
12.44032990138785	0.47712125471966244	0.47712125471966244	0.47712125471966244
12.540632372650876	0.47712125471966244	0.47712125471966244	0.47712125471966244
12.6409348439139	0.47712125471966244	0.47712125471966244	0.47712125471966244
12.741237315176924	0.6020599913279624	0.6020599913279624	0.6020599913279624
12.84153978643995	0.6020599913279624	0.6020599913279624	0.6020599913279624
12.941842257702975	0.6020599913279624	0.6020599913279624	0.6020599913279624
13.042144728965999	0.6020599913279624	0.6020599913279624	0.6020599913279624
13.142447200229025	0.6020599913279624	0.6020599913279624	0.6020599913279624
13.24274967149205	0.6020599913279624	0.6020599913279624	0.6020599913279624
13.343052142755074	0.6020599913279624	0.6020599913279624	0.6020599913279624
13.4433546140181	0.6020599913279624	0.6020599913279624	0.6020599913279624
13.543657085281124	0.6020599913279624	0.6020599913279624	0.6020599913279624
13.64395955654415	0.6020599913279624	0.6020599913279624	0.6020599913279624
13.744262027807174	0.6020599913279624	0.6020599913279624	0.6020599913279624
13.844564499070199	0.6020599913279624	0.6020599913279624	0.6020599913279624
13.944866970333223	0.6020599913279624	0.6020599913279624	0.6020599913279624
14.045169441596249	0.6020599913279624	0.6020599913279624	0.6020599913279624
14.145471912859273	0.6020599913279624	0.6020599913279624	0.6020599913279624
14.2457743841223	0.6020599913279624	0.6020599913279624	0.6020599913279624
14.346076855385324	0.6020599913279624	0.6020599913279624	0.6020599913279624
14.446379326648348	0.6020599913279624	0.6020599913279624	0.6020599913279624
14.546681797911374	0.6020599913279624	0.6020599913279624	0.6020599913279624
14.646984269174398	0.6020599913279624	0.6020599913279624	0.6020599913279624
14.747286740437424	0.6020599913279624	0.6020599913279624	0.6020599913279624
14.847589211700448	0.6020599913279624	0.6020599913279624	0.6020599913279624
14.947891682963473	0.6020599913279624	0.6020599913279624	0.6020599913279624
15.048194154226497	0.6020599913279624	0.6020599913279624	0.6020599913279624
15.148496625489523	0.6020599913279624	0.6020599913279624	0.6020599913279624
15.248799096752547	0.6020599913279624	0.6020599913279624	0.6020599913279624
15.349101568015573	0.6020599913279624	0.6020599913279624	0.6020599913279624
15.449404039278598	0.6020599913279624	0.6020599913279624	0.6020599913279624
15.549706510541622	0.6020599913279624	0.6020599913279624	0.6020599913279624
15.650008981804646	0.6020599913279624	0.6020599913279624	0.6020599913279624
15.750311453067672	0.6020599913279624	0.6020599913279624	0.6020599913279624
15.850613924330698	0.6020599913279624	0.6020599913279624	0.6020599913279624
15.950916395593723	0.6020599913279624	0.6020599913279624	0.6020599913279624
16.051218866856747	0.6020599913279624	0.6020599913279624	0.6020599913279624
16.15152133811977	0.47712125471966244	0.47712125471966244	0.47712125471966244
16.2518238093828	0.47712125471966244	0.47712125471966244	0.47712125471966244
16.35212628064582	0.6020599913279624	0.6020599913279624	0.6020599913279624
16.452428751908847	0.6020599913279624	0.6020599913279624	0.6020599913279624
16.55273122317187	0.6020599913279624	0.6020599913279624	0.6020599913279624
16.653033694434896	0.6989700043360189	0.6989700043360189	0.6989700043360189
16.75333616569792	0.6989700043360189	0.6989700043360189	0.6989700043360189
16.853638636960945	0.6989700043360189	0.6989700043360189	0.6989700043360189
16.953941108223972	0.6989700043360189	0.6989700043360189	0.6989700043360189
17.054243579486997	0.6989700043360189	0.6989700043360189	0.6989700043360189
17.15454605075002	0.6989700043360189	0.6989700043360189	0.6989700043360189
17.254848522013045	0.6989700043360189	0.6989700043360189	0.6989700043360189
17.35515099327607	0.6989700043360189	0.6989700043360189	0.6989700043360189
17.455453464539097	0.6989700043360189	0.6989700043360189	0.6989700043360189
17.55575593580212	0.6989700043360189	0.6989700043360189	0.6989700043360189
17.656058407065146	0.6989700043360189	0.6989700043360189	0.6989700043360189
17.75636087832817	0.6989700043360189	0.6989700043360189	0.6989700043360189
17.856663349591194	0.6989700043360189	0.6989700043360189	0.6989700043360189
17.956965820854222	0.6989700043360189	0.6989700043360189	0.6989700043360189
18.057268292117246	0.6989700043360189	0.6989700043360189	0.6989700043360189
18.15757076338027	0.7781512503836436	0.7781512503836436	0.7781512503836436
18.257873234643295	0.7781512503836436	0.7781512503836436	0.7781512503836436
18.35817570590632	0.7781512503836436	0.7781512503836436	0.7781512503836436
18.458478177169347	0.7781512503836436	0.7781512503836436	0.7781512503836436
18.558780648432368	0.7781512503836436	0.7781512503836436	0.7781512503836436
18.659083119695396	0.7781512503836436	0.7781512503836436	0.7781512503836436
18.75938559095842	0.6989700043360189	0.6989700043360189	0.6989700043360189
18.859688062221444	0.6989700043360189	0.6989700043360189	0.6989700043360189
18.95999053348447	0.6989700043360189	0.6989700043360189	0.6989700043360189
19.060293004747493	0.6989700043360189	0.6989700043360189	0.6989700043360189
19.16059547601052	0.6989700043360189	0.6989700043360189	0.6989700043360189
19.260897947273545	0.6989700043360189	0.6989700043360189	0.6989700043360189
19.36120041853657	0.6989700043360189	0.6989700043360189	0.6989700043360189
19.461502889799593	0.6020599913279624	0.6020599913279624	0.6020599913279624
19.561805361062618	0.6020599913279624	0.6020599913279624	0.6020599913279624
19.662107832325646	0.6020599913279624	0.6020599913279624	0.6020599913279624
19.762410303588666	0.6020599913279624	0.6020599913279624	0.6020599913279624
19.862712774851694	0.6020599913279624	0.6020599913279624	0.6020599913279624
19.96301524611472	0.6020599913279624	0.6020599913279624	0.6020599913279624
20.063317717377743	0.6020599913279624	0.6020599913279624	0.6020599913279624
20.16362018864077	0.6020599913279624	0.6020599913279624	0.6020599913279624
20.26392265990379	0.6020599913279624	0.6020599913279624	0.6020599913279624
20.36422513116682	0.6020599913279624	0.6020599913279624	0.6020599913279624
20.464527602429843	0.6020599913279624	0.6020599913279624	0.6020599913279624
20.564830073692868	0.6020599913279624	0.6020599913279624	0.6020599913279624
20.665132544955895	0.6020599913279624	0.6020599913279624	0.6020599913279624
20.765435016218916	0.6020599913279624	0.6020599913279624	0.6020599913279624
20.865737487481944	0.47712125471966244	0.47712125471966244	0.47712125471966244
20.966039958744968	0.47712125471966244	0.47712125471966244	0.47712125471966244
21.066342430007992	0.47712125471966244	0.47712125471966244	0.47712125471966244
21.166644901271017	0.47712125471966244	0.47712125471966244	0.47712125471966244
21.26694737253404	0.47712125471966244	0.47712125471966244	0.47712125471966244
21.36724984379707	0.47712125471966244	0.47712125471966244	0.47712125471966244
21.467552315060093	0.47712125471966244	0.47712125471966244	0.47712125471966244
21.567854786323117	0.47712125471966244	0.47712125471966244	0.47712125471966244
21.66815725758614	0.47712125471966244	0.47712125471966244	0.47712125471966244
21.768459728849166	0.47712125471966244	0.47712125471966244	0.47712125471966244
21.868762200112194	0.47712125471966244	0.47712125471966244	0.47712125471966244
21.969064671375214	0.47712125471966244	0.47712125471966244	0.47712125471966244
22.069367142638242	0.47712125471966244	0.47712125471966244	0.47712125471966244
22.169669613901267	0.47712125471966244	0.47712125471966244	0.47712125471966244
22.26997208516429	0.47712125471966244	0.47712125471966244	0.47712125471966244
22.37027455642732	0.47712125471966244	0.47712125471966244	0.47712125471966244
22.47057702769034	0.47712125471966244	0.47712125471966244	0.47712125471966244
22.570879498953367	0.47712125471966244	0.47712125471966244	0.47712125471966244
22.67118197021639	0.47712125471966244	0.47712125471966244	0.47712125471966244
22.771484441479416	0.47712125471966244	0.47712125471966244	0.47712125471966244
22.871786912742444	0.47712125471966244	0.47712125471966244	0.47712125471966244
22.972089384005464	0.47712125471966244	0.47712125471966244	0.47712125471966244
23.072391855268492	0.47712125471966244	0.47712125471966244	0.47712125471966244
23.172694326531516	0.47712125471966244	0.47712125471966244	0.47712125471966244
23.27299679779454	0.47712125471966244	0.47712125471966244	0.47712125471966244
23.373299269057565	0.47712125471966244	0.47712125471966244	0.47712125471966244
23.47360174032059	0.47712125471966244	0.47712125471966244	0.47712125471966244
23.573904211583617	0.3010299956639812	0.3010299956639812	0.3010299956639812
23.674206682846638	0.3010299956639812	0.3010299956639812	0.3010299956639812
23.774509154109666	0.3010299956639812	0.3010299956639812	0.3010299956639812
23.87481162537269	0.3010299956639812	0.3010299956639812	0.3010299956639812
23.975114096635714	0.3010299956639812	0.3010299956639812	0.3010299956639812
24.075416567898742	0.3010299956639812	0.3010299956639812	0.3010299956639812
24.175719039161763	0.3010299956639812	0.3010299956639812	0.3010299956639812
24.27602151042479	0.3010299956639812	0.3010299956639812	0.3010299956639812
24.376323981687815	0.3010299956639812	0.3010299956639812	0.3010299956639812
24.47662645295084	0.3010299956639812	0.3010299956639812	0.3010299956639812
24.576928924213867	0.3010299956639812	0.3010299956639812	0.3010299956639812
24.677231395476888	0.3010299956639812	0.3010299956639812	0.3010299956639812
24.777533866739915	0.47712125471966244	0.47712125471966244	0.47712125471966244
24.87783633800294	0.47712125471966244	0.47712125471966244	0.47712125471966244
24.978138809265964	0.47712125471966244	0.47712125471966244	0.47712125471966244
25.078441280528992	0.47712125471966244	0.47712125471966244	0.47712125471966244
25.178743751792013	0.6020599913279624	0.6020599913279624	0.6020599913279624
25.27904622305504	0.6020599913279624	0.6020599913279624	0.6020599913279624
25.379348694318065	0.6020599913279624	0.6020599913279624	0.6020599913279624
25.47965116558109	0.6020599913279624	0.6020599913279624	0.6020599913279624
25.579953636844113	0.6020599913279624	0.6020599913279624	0.6020599913279624
25.680256108107137	0.6020599913279624	0.6020599913279624	0.6020599913279624
25.780558579370165	0.6020599913279624	0.6020599913279624	0.6020599913279624
25.880861050633186	0.6020599913279624	0.6020599913279624	0.6020599913279624
25.981163521896214	0.6020599913279624	0.6020599913279624	0.6020599913279624
26.081465993159238	0.6020599913279624	0.6020599913279624	0.6020599913279624
26.181768464422262	0.6020599913279624	0.6020599913279624	0.6020599913279624
26.28207093568529	0.47712125471966244	0.47712125471966244	0.47712125471966244
26.38237340694831	0.47712125471966244	0.47712125471966244	0.47712125471966244
26.48267587821134	0.47712125471966244	0.47712125471966244	0.47712125471966244
26.582978349474363	0.47712125471966244	0.47712125471966244	0.47712125471966244
26.683280820737387	0.47712125471966244	0.47712125471966244	0.47712125471966244
26.783583292000415	0.47712125471966244	0.47712125471966244	0.47712125471966244
26.883885763263436	0.47712125471966244	0.47712125471966244	0.47712125471966244
26.984188234526464	0.47712125471966244	0.47712125471966244	0.47712125471966244
27.084490705789488	0.47712125471966244	0.47712125471966244	0.47712125471966244
27.184793177052512	0.47712125471966244	0.47712125471966244	0.47712125471966244
27.285095648315536	0.3010299956639812	0.3010299956639812	0.3010299956639812
27.38539811957856	0.3010299956639812	0.3010299956639812	0.3010299956639812
27.48570059084159	0.0	0.0	0.0
27.586003062104613	0.0	0.0	0.0
27.686305533367637	0.0	0.0	0.0
27.78660800463066	0.0	0.0	0.0
27.886910475893686	0.0	0.0	0.0
27.98721294715671	0.0	0.0	0.0
28.087515418419738	0.0	0.0	0.0
28.187817889682762	0.0	0.0	0.0
28.288120360945786	0.0	0.0	0.0
28.38842283220881	0.0	0.0	0.0
28.488725303471835	0.0	0.0	0.0
28.589027774734863	0.0	0.0	0.0
28.689330245997887	-inf	-inf	-inf
28.78963271726091	-inf	-inf	-inf
28.889935188523935	-inf	-inf	-inf
28.99023765978696	-inf	-inf	-inf
29.090540131049984	-inf	-inf	-inf
29.190842602313012	-inf	-inf	-inf
29.291145073576036	-inf	-inf	-inf
29.39144754483906	-inf	-inf	-inf
29.491750016102085	-inf	-inf	-inf
29.59205248736511	-inf	-inf	-inf
29.692354958628137	-inf	-inf	-inf
29.79265742989116	-inf	-inf	-inf
29.892959901154185	-inf	-inf	-inf
29.99326237241721	-inf	-inf	-inf
30.093564843680234	-inf	-inf	-inf
30.193867314943258	-inf	-inf	-inf
30.294169786206286	0.0	0.0	0.0
30.39447225746931	0.0	0.0	0.0
30.494774728732335	0.0	0.0	0.0
30.59507719999536	0.0	0.0	0.0
30.695379671258383	0.0	0.0	0.0
30.795682142521407	0.0	0.0	0.0
30.895984613784435	0.0	0.0	0.0
30.99628708504746	0.0	0.0	0.0
31.096589556310484	0.0	0.0	0.0
31.196892027573508	0.0	0.0	0.0
31.297194498836532	0.0	0.0	0.0
31.39749697009956	-inf	-inf	-inf
31.497799441362584	-inf	-inf	-inf
31.59810191262561	-inf	-inf	-inf
31.698404383888633	-inf	-inf	-inf
31.798706855151657	-inf	-inf	-inf
31.89900932641468	-inf	-inf	-inf
31.99931179767771	-inf	-inf	-inf
32.09961426894073	-inf	-inf	-inf
32.19991674020376	-inf	-inf	-inf
32.30021921146678	-inf	-inf	-inf
32.4005216827298	-inf	-inf	-inf
32.50082415399284	-inf	-inf	-inf
32.60112662525586	-inf	-inf	-inf
32.70142909651888	-inf	-inf	-inf
32.80173156778191	-inf	-inf	-inf
32.902034039044935	-inf	-inf	-inf
33.002336510307956	-inf	-inf	-inf
33.10263898157098	-inf	-inf	-inf
33.20294145283401	-inf	-inf	-inf
33.30324392409703	-inf	-inf	-inf
33.40354639536005	0.0	0.0	0.0
33.50384886662308	0.0	0.0	0.0
33.60415133788611	0.0	0.0	0.0
33.70445380914913	0.0	0.0	0.0
33.80475628041216	0.0	0.0	0.0
33.905058751675185	0.0	0.0	0.0
34.005361222938205	0.0	0.0	0.0
34.105663694201226	0.0	0.0	0.0
34.20596616546426	0.0	0.0	0.0
34.30626863672728	0.0	0.0	0.0
34.4065711079903	0.0	0.0	0.0
34.50687357925333	0.0	0.0	0.0
34.60717605051636	0.0	0.0	0.0
34.70747852177938	0.0	0.0	0.0
34.80778099304241	0.0	0.0	0.0
34.908083464305435	0.0	0.0	0.0
35.008385935568455	0.0	0.0	0.0
35.108688406831476	0.3010299956639812	0.3010299956639812	0.3010299956639812
35.208990878094504	0.3010299956639812	0.3010299956639812	0.3010299956639812
35.30929334935753	0.3010299956639812	0.3010299956639812	0.3010299956639812
35.40959582062055	0.3010299956639812	0.3010299956639812	0.3010299956639812
35.50989829188358	0.3010299956639812	0.3010299956639812	0.3010299956639812
35.61020076314661	0.3010299956639812	0.3010299956639812	0.3010299956639812
35.71050323440963	0.3010299956639812	0.3010299956639812	0.3010299956639812
35.81080570567265	0.3010299956639812	0.3010299956639812	0.3010299956639812
35.911108176935684	0.3010299956639812	0.3010299956639812	0.3010299956639812
36.011410648198705	0.3010299956639812	0.3010299956639812	0.3010299956639812
36.111713119461726	0.3010299956639812	0.3010299956639812	0.3010299956639812
36.212015590724754	0.3010299956639812	0.3010299956639812	0.3010299956639812
36.31231806198778	0.47712125471966244	0.47712125471966244	0.47712125471966244
36.4126205332508	0.47712125471966244	0.47712125471966244	0.47712125471966244
36.51292300451383	0.47712125471966244	0.47712125471966244	0.47712125471966244
36.61322547577686	0.47712125471966244	0.47712125471966244	0.47712125471966244
36.71352794703988	0.47712125471966244	0.47712125471966244	0.47712125471966244
36.8138304183029	0.47712125471966244	0.47712125471966244	0.47712125471966244
36.91413288956593	0.47712125471966244	0.47712125471966244	0.47712125471966244
37.014435360828955	0.47712125471966244	0.47712125471966244	0.47712125471966244
37.114737832091976	0.47712125471966244	0.47712125471966244	0.47712125471966244
37.215040303355	0.47712125471966244	0.47712125471966244	0.47712125471966244
37.31534277461803	0.47712125471966244	0.47712125471966244	0.47712125471966244
37.41564524588105	0.47712125471966244	0.47712125471966244	0.47712125471966244
37.51594771714408	0.47712125471966244	0.47712125471966244	0.47712125471966244
37.61625018840711	0.47712125471966244	0.47712125471966244	0.47712125471966244
37.71655265967013	0.47712125471966244	0.47712125471966244	0.47712125471966244
37.81685513093315	0.47712125471966244	0.47712125471966244	0.47712125471966244
37.91715760219618	0.47712125471966244	0.47712125471966244	0.47712125471966244
38.017460073459205	0.47712125471966244	0.47712125471966244	0.47712125471966244
38.117762544722225	0.47712125471966244	0.47712125471966244	0.47712125471966244
38.21806501598525	0.47712125471966244	0.47712125471966244	0.47712125471966244
38.31836748724828	0.47712125471966244	0.47712125471966244	0.47712125471966244
38.4186699585113	0.47712125471966244	0.47712125471966244	0.47712125471966244
38.51897242977432	0.47712125471966244	0.47712125471966244	0.47712125471966244
38.61927490103736	0.47712125471966244	0.47712125471966244	0.47712125471966244
38.71957737230038	0.47712125471966244	0.47712125471966244	0.47712125471966244
38.8198798435634	0.47712125471966244	0.47712125471966244	0.47712125471966244
38.92018231482643	0.6020599913279624	0.6020599913279624	0.6020599913279624
39.020484786089455	0.6020599913279624	0.6020599913279624	0.6020599913279624
39.120787257352475	0.6020599913279624	0.6020599913279624	0.6020599913279624
39.2210897286155	0.6020599913279624	0.6020599913279624	0.6020599913279624
39.32139219987853	0.6020599913279624	0.6020599913279624	0.6020599913279624
39.42169467114155	0.6020599913279624	0.6020599913279624	0.6020599913279624
39.52199714240457	0.6020599913279624	0.6020599913279624	0.6020599913279624
39.6222996136676	0.6020599913279624	0.6020599913279624	0.6020599913279624
39.72260208493063	0.6020599913279624	0.6020599913279624	0.6020599913279624
39.82290455619365	0.6020599913279624	0.6020599913279624	0.6020599913279624
39.92320702745668	0.6020599913279624	0.6020599913279624	0.6020599913279624
40.023509498719704	0.6020599913279624	0.6020599913279624	0.6020599913279624
40.123811969982725	0.6020599913279624	0.6020599913279624	0.6020599913279624
40.224114441245746	0.6020599913279624	0.6020599913279624	0.6020599913279624
40.32441691250878	0.6020599913279624	0.6020599913279624	0.6020599913279624
40.4247193837718	0.6020599913279624	0.6020599913279624	0.6020599913279624
40.52502185503482	0.6020599913279624	0.6020599913279624	0.6020599913279624
40.62532432629785	0.6020599913279624	0.6020599913279624	0.6020599913279624
40.72562679756088	0.6020599913279624	0.6020599913279624	0.6020599913279624
40.8259292688239	0.6020599913279624	0.6020599913279624	0.6020599913279624
40.926231740086926	0.6989700043360189	0.6989700043360189	0.6989700043360189
41.026534211349954	0.6989700043360189	0.6989700043360189	0.6989700043360189
41.126836682612975	0.6989700043360189	0.6989700043360189	0.6989700043360189
41.227139153875996	0.6989700043360189	0.6989700043360189	0.6989700043360189
41.32744162513902	0.6989700043360189	0.6989700043360189	0.6989700043360189
41.42774409640205	0.6989700043360189	0.6989700043360189	0.6989700043360189
41.52804656766507	0.6989700043360189	0.6989700043360189	0.6989700043360189
41.6283490389281	0.6989700043360189	0.6989700043360189	0.6989700043360189
41.72865151019113	0.6989700043360189	0.6989700043360189	0.6989700043360189
41.82895398145415	0.6989700043360189	0.6989700043360189	0.6989700043360189
41.92925645271717	0.6989700043360189	0.6989700043360189	0.6989700043360189
42.029558923980204	0.6989700043360189	0.6989700043360189	0.6989700043360189
42.129861395243225	0.6989700043360189	0.6989700043360189	0.6989700043360189
42.230163866506246	0.6989700043360189	0.6989700043360189	0.6989700043360189
42.33046633776927	0.6989700043360189	0.6989700043360189	0.6989700043360189
42.4307688090323	0.6989700043360189	0.6989700043360189	0.6989700043360189
42.53107128029532	0.6989700043360189	0.6989700043360189	0.6989700043360189
42.63137375155835	0.6020599913279624	0.6020599913279624	0.6020599913279624
42.73167622282138	0.6020599913279624	0.6020599913279624	0.6020599913279624
42.8319786940844	0.6020599913279624	0.6020599913279624	0.6020599913279624
42.93228116534742	0.6020599913279624	0.6020599913279624	0.6020599913279624
43.03258363661045	0.6020599913279624	0.6020599913279624	0.6020599913279624
43.132886107873475	0.6020599913279624	0.6020599913279624	0.6020599913279624
43.233188579136495	0.6020599913279624	0.6020599913279624	0.6020599913279624
43.33349105039952	0.6020599913279624	0.6020599913279624	0.6020599913279624
43.43379352166255	0.6020599913279624	0.6020599913279624	0.6020599913279624
43.53409599292557	0.6020599913279624	0.6020599913279624	0.6020599913279624
43.6343984641886	0.6020599913279624	0.6020599913279624	0.6020599913279624
43.73470093545162	0.6020599913279624	0.6020599913279624	0.6020599913279624
43.83500340671465	0.6020599913279624	0.6020599913279624	0.6020599913279624
43.935305877977676	0.6020599913279624	0.6020599913279624	0.6020599913279624
44.0356083492407	0.6020599913279624	0.6020599913279624	0.6020599913279624
44.135910820503724	0.6020599913279624	0.6020599913279624	0.6020599913279624
44.236213291766745	0.6020599913279624	0.6020599913279624	0.6020599913279624
44.33651576302977	0.6020599913279624	0.6020599913279624	0.6020599913279624
44.436818234292794	0.6020599913279624	0.6020599913279624	0.6020599913279624
44.53712070555582	0.6020599913279624	0.6020599913279624	0.6020599913279624
44.63742317681885	0.6020599913279624	0.6020599913279624	0.6020599913279624
44.73772564808187	0.6020599913279624	0.6020599913279624	0.6020599913279624
44.8380281193449	0.6020599913279624	0.6020599913279624	0.6020599913279624
44.93833059060792	0.47712125471966244	0.47712125471966244	0.47712125471966244
45.03863306187095	0.47712125471966244	0.47712125471966244	0.47712125471966244
45.138935533133974	0.47712125471966244	0.47712125471966244	0.47712125471966244
45.239238004396995	0.47712125471966244	0.47712125471966244	0.47712125471966244
45.33954047566002	0.47712125471966244	0.47712125471966244	0.47712125471966244
45.439842946923044	0.47712125471966244	0.47712125471966244	0.47712125471966244
45.54014541818607	0.47712125471966244	0.47712125471966244	0.47712125471966244
45.6404478894491	0.47712125471966244	0.47712125471966244	0.47712125471966244
45.74075036071212	0.47712125471966244	0.47712125471966244	0.47712125471966244
45.84105283197515	0.47712125471966244	0.47712125471966244	0.47712125471966244
45.94135530323817	0.47712125471966244	0.47712125471966244	0.47712125471966244
46.041657774501196	0.47712125471966244	0.47712125471966244	0.47712125471966244
46.14196024576422	0.47712125471966244	0.47712125471966244	0.47712125471966244
46.242262717027245	0.47712125471966244	0.47712125471966244	0.47712125471966244
46.34256518829027	0.47712125471966244	0.47712125471966244	0.47712125471966244
46.44286765955329	0.47712125471966244	0.47712125471966244	0.47712125471966244
46.54317013081632	0.47712125471966244	0.47712125471966244	0.47712125471966244
46.64347260207934	0.47712125471966244	0.47712125471966244	0.47712125471966244
46.74377507334237	0.47712125471966244	0.47712125471966244	0.47712125471966244
46.8440775446054	0.47712125471966244	0.47712125471966244	0.47712125471966244
46.94438001586842	0.47712125471966244	0.47712125471966244	0.47712125471966244
47.044682487131446	0.47712125471966244	0.47712125471966244	0.47712125471966244
47.14498495839447	0.47712125471966244	0.47712125471966244	0.47712125471966244
47.245287429657495	0.47712125471966244	0.47712125471966244	0.47712125471966244
47.34558990092052	0.47712125471966244	0.47712125471966244	0.47712125471966244
47.44589237218354	0.47712125471966244	0.47712125471966244	0.47712125471966244
47.54619484344657	0.47712125471966244	0.47712125471966244	0.47712125471966244
47.64649731470959	0.47712125471966244	0.47712125471966244	0.47712125471966244
47.74679978597262	0.47712125471966244	0.47712125471966244	0.47712125471966244
47.84710225723565	0.47712125471966244	0.47712125471966244	0.47712125471966244
47.94740472849867	0.47712125471966244	0.47712125471966244	0.47712125471966244
48.047707199761696	0.47712125471966244	0.47712125471966244	0.47712125471966244
48.14800967102472	0.47712125471966244	0.47712125471966244	0.47712125471966244
48.248312142287745	0.47712125471966244	0.47712125471966244	0.47712125471966244
48.348614613550765	0.47712125471966244	0.47712125471966244	0.47712125471966244
48.44891708481379	0.47712125471966244	0.47712125471966244	0.47712125471966244
48.54921955607682	0.47712125471966244	0.47712125471966244	0.47712125471966244
48.64952202733984	0.47712125471966244	0.47712125471966244	0.47712125471966244
48.74982449860287	0.47712125471966244	0.47712125471966244	0.47712125471966244
48.85012696986589	0.47712125471966244	0.47712125471966244	0.47712125471966244
48.95042944112892	0.47712125471966244	0.47712125471966244	0.47712125471966244
49.050731912391946	0.47712125471966244	0.47712125471966244	0.47712125471966244
49.15103438365497	0.47712125471966244	0.47712125471966244	0.47712125471966244
49.251336854917994	0.47712125471966244	0.47712125471966244	0.47712125471966244
49.351639326181015	0.47712125471966244	0.47712125471966244	0.47712125471966244
49.45194179744404	0.47712125471966244	0.47712125471966244	0.47712125471966244
49.55224426870707	0.47712125471966244	0.47712125471966244	0.47712125471966244
49.65254673997009	0.47712125471966244	0.47712125471966244	0.47712125471966244
49.75284921123312	0.47712125471966244	0.47712125471966244	0.47712125471966244
49.85315168249614	0.47712125471966244	0.47712125471966244	0.47712125471966244
49.95345415375917	0.47712125471966244	0.47712125471966244	0.47712125471966244
50.05375662502219	0.47712125471966244	0.47712125471966244	0.47712125471966244
50.154059096285216	0.47712125471966244	0.47712125471966244	0.47712125471966244
50.254361567548244	0.47712125471966244	0.47712125471966244	0.47712125471966244
50.354664038811265	0.47712125471966244	0.47712125471966244	0.47712125471966244
50.45496651007429	0.47712125471966244	0.47712125471966244	0.47712125471966244
50.55526898133731	0.3010299956639812	0.3010299956639812	0.3010299956639812
50.65557145260034	0.3010299956639812	0.3010299956639812	0.3010299956639812
50.75587392386337	0.3010299956639812	0.3010299956639812	0.3010299956639812
50.85617639512639	0.3010299956639812	0.3010299956639812	0.3010299956639812
50.95647886638942	0.3010299956639812	0.3010299956639812	0.3010299956639812
51.05678133765244	0.3010299956639812	0.3010299956639812	0.3010299956639812
51.157083808915466	0.3010299956639812	0.3010299956639812	0.3010299956639812
51.257386280178494	0.3010299956639812	0.3010299956639812	0.3010299956639812
51.357688751441515	0.3010299956639812	0.3010299956639812	0.3010299956639812
51.45799122270454	0.3010299956639812	0.3010299956639812	0.3010299956639812
51.55829369396756	0.3010299956639812	0.3010299956639812	0.3010299956639812
51.65859616523059	0.3010299956639812	0.3010299956639812	0.3010299956639812
51.75889863649362	0.3010299956639812	0.3010299956639812	0.3010299956639812
51.85920110775664	0.3010299956639812	0.3010299956639812	0.3010299956639812
51.95950357901967	0.3010299956639812	0.3010299956639812	0.3010299956639812
52.05980605028269	0.3010299956639812	0.3010299956639812	0.3010299956639812
52.160108521545716	0.3010299956639812	0.3010299956639812	0.3010299956639812
52.26041099280874	0.3010299956639812	0.3010299956639812	0.3010299956639812
52.360713464071765	0.3010299956639812	0.3010299956639812	0.3010299956639812
52.46101593533479	0.3010299956639812	0.3010299956639812	0.3010299956639812
52.56131840659781	0.3010299956639812	0.3010299956639812	0.3010299956639812
52.66162087786084	0.3010299956639812	0.3010299956639812	0.3010299956639812
52.76192334912386	0.3010299956639812	0.3010299956639812	0.3010299956639812
52.86222582038689	0.3010299956639812	0.3010299956639812	0.3010299956639812
52.96252829164992	0.3010299956639812	0.3010299956639812	0.3010299956639812
53.06283076291294	0.3010299956639812	0.3010299956639812	0.3010299956639812
53.163133234175966	0.3010299956639812	0.3010299956639812	0.3010299956639812
53.26343570543899	0.3010299956639812	0.3010299956639812	0.3010299956639812
53.363738176702014	0.3010299956639812	0.3010299956639812	0.3010299956639812
53.46404064796504	0.3010299956639812	0.3010299956639812	0.3010299956639812
53.56434311922806	0.3010299956639812	0.3010299956639812	0.3010299956639812
53.66464559049109	0.3010299956639812	0.3010299956639812	0.3010299956639812
53.76494806175411	0.3010299956639812	0.3010299956639812	0.3010299956639812
53.86525053301714	0.3010299956639812	0.3010299956639812	0.3010299956639812
53.96555300428017	0.3010299956639812	0.3010299956639812	0.3010299956639812
54.06585547554319	0.3010299956639812	0.3010299956639812	0.3010299956639812
54.166157946806216	0.3010299956639812	0.3010299956639812	0.3010299956639812
54.26646041806924	0.3010299956639812	0.3010299956639812	0.3010299956639812
54.366762889332264	0.3010299956639812	0.3010299956639812	0.3010299956639812
54.467065360595285	0.3010299956639812	0.3010299956639812	0.3010299956639812
54.56736783185831	0.3010299956639812	0.3010299956639812	0.3010299956639812
54.66767030312134	0.0	0.0	0.0
54.76797277438436	0.0	0.0	0.0
54.86827524564739	0.0	0.0	0.0
54.96857771691041	0.0	0.0	0.0
55.06888018817344	0.0	0.0	0.0
55.169182659436466	0.0	0.0	0.0
55.269485130699486	0.0	0.0	0.0
55.369787601962514	0.0	0.0	0.0
55.470090073225535	-inf	-inf	-inf
55.57039254448856	-inf	-inf	-inf
55.67069501575159	-inf	-inf	-inf
55.77099748701461	-inf	-inf	-inf
55.87129995827764	-inf	-inf	-inf
55.97160242954066	-inf	-inf	-inf
56.07190490080369	-inf	-inf	-inf
56.17220737206671	-inf	-inf	-inf
56.272509843329736	-inf	-inf	-inf
56.372812314592764	-inf	-inf	-inf
56.473114785855785	-inf	-inf	-inf
56.57341725711881	-inf	-inf	-inf
56.67371972838183	-inf	-inf	-inf
56.77402219964486	-inf	-inf	-inf
56.87432467090789	0.0	0.0	0.0
56.97462714217091	0.0	0.0	0.0
57.07492961343394	0.0	0.0	0.0
57.17523208469696	0.0	0.0	0.0
57.275534555959986	0.0	0.0	0.0
57.375837027223014	0.0	0.0	0.0
57.476139498486035	0.0	0.0	0.0
57.57644196974906	0.0	0.0	0.0
