time	diversity	m_div	M_div
0.0	1.2304489213782739	1.2304489213782739	1.2304489213782739
0.10018336528822189	1.2304489213782739	1.2304489213782739	1.2304489213782739
0.20036673057644377	1.2304489213782739	1.2304489213782739	1.2304489213782739
0.30055009586466563	1.2304489213782739	1.2304489213782739	1.2304489213782739
0.40073346115288755	1.2304489213782739	1.2304489213782739	1.2304489213782739
0.5009168264411095	1.2304489213782739	1.2304489213782739	1.2304489213782739
0.6011001917293313	1.0791812460476249	1.0791812460476249	1.0791812460476249
0.7012835570175532	1.0	1.0	1.0
0.8014669223057751	1.0413926851582251	1.0413926851582251	1.0413926851582251
0.901650287593997	1.0413926851582251	1.0413926851582251	1.0413926851582251
1.001833652882219	1.0413926851582251	1.0413926851582251	1.0413926851582251
1.1020170181704407	1.0413926851582251	1.0413926851582251	1.0413926851582251
1.2022003834586625	1.0413926851582251	1.0413926851582251	1.0413926851582251
1.3023837487468846	1.0791812460476249	1.0791812460476249	1.0791812460476249
1.4025671140351064	1.0791812460476249	1.0791812460476249	1.0791812460476249
1.5027504793233284	1.0791812460476249	1.0791812460476249	1.0791812460476249
1.6029338446115502	1.0791812460476249	1.0791812460476249	1.0791812460476249
1.703117209899772	1.0791812460476249	1.0791812460476249	1.0791812460476249
1.803300575187994	1.0791812460476249	1.0791812460476249	1.0791812460476249
1.9034839404762158	1.0791812460476249	1.0791812460476249	1.0791812460476249
2.003667305764438	1.0413926851582251	1.0413926851582251	1.0413926851582251
2.1038506710526597	1.0413926851582251	1.0413926851582251	1.0413926851582251
2.2040340363408815	1.0413926851582251	1.0413926851582251	1.0413926851582251
2.3042174016291033	1.0413926851582251	1.0413926851582251	1.0413926851582251
2.404400766917325	1.0413926851582251	1.0413926851582251	1.0413926851582251
2.5045841322055473	1.0791812460476249	1.0791812460476249	1.0791812460476249
2.604767497493769	1.0791812460476249	1.0791812460476249	1.0791812460476249
2.704950862781991	1.0413926851582251	1.0413926851582251	1.0413926851582251
2.8051342280702127	1.0413926851582251	1.0413926851582251	1.0413926851582251
2.9053175933584345	1.0413926851582251	1.0413926851582251	1.0413926851582251
3.005500958646657	1.0791812460476249	1.0791812460476249	1.0791812460476249
3.1056843239348786	1.0791812460476249	1.0791812460476249	1.0791812460476249
3.2058676892231004	1.0791812460476249	1.0791812460476249	1.0791812460476249
3.306051054511322	1.0791812460476249	1.0791812460476249	1.0791812460476249
3.406234419799544	1.0791812460476249	1.0791812460476249	1.0791812460476249
3.5064177850877662	1.1139433523068367	1.1139433523068367	1.1139433523068367
3.606601150375988	1.1139433523068367	1.1139433523068367	1.1139433523068367
3.70678451566421	1.0791812460476249	1.0791812460476249	1.0791812460476249
3.8069678809524317	1.0791812460476249	1.0791812460476249	1.0791812460476249
3.9071512462406535	1.0791812460476249	1.0791812460476249	1.0791812460476249
4.007334611528876	1.1139433523068367	1.1139433523068367	1.1139433523068367
4.107517976817097	1.1139433523068367	1.1139433523068367	1.1139433523068367
4.207701342105319	1.1139433523068367	1.1139433523068367	1.1139433523068367
4.307884707393542	1.1139433523068367	1.1139433523068367	1.1139433523068367
4.408068072681763	1.1139433523068367	1.1139433523068367	1.1139433523068367
4.508251437969985	1.1139433523068367	1.1139433523068367	1.1139433523068367
4.6084348032582065	1.1139433523068367	1.1139433523068367	1.1139433523068367
4.708618168546429	1.1139433523068367	1.1139433523068367	1.1139433523068367
4.80880153383465	1.0791812460476249	1.0791812460476249	1.0791812460476249
4.908984899122872	1.0791812460476249	1.0791812460476249	1.0791812460476249
5.009168264411095	1.0791812460476249	1.0791812460476249	1.0791812460476249
5.109351629699316	1.0791812460476249	1.0791812460476249	1.0791812460476249
5.209534994987538	1.0791812460476249	1.0791812460476249	1.0791812460476249
5.30971836027576	1.0791812460476249	1.0791812460476249	1.0791812460476249
5.409901725563982	1.0791812460476249	1.0791812460476249	1.0791812460476249
5.510085090852204	1.0791812460476249	1.0791812460476249	1.0791812460476249
5.6102684561404255	1.0791812460476249	1.0791812460476249	1.0791812460476249
5.710451821428648	1.0791812460476249	1.0791812460476249	1.0791812460476249
5.810635186716869	1.0791812460476249	1.0791812460476249	1.0791812460476249
5.910818552005091	1.0791812460476249	1.0791812460476249	1.0791812460476249
6.011001917293314	1.0791812460476249	1.0791812460476249	1.0791812460476249
6.111185282581535	1.0	1.0	1.0
6.211368647869757	1.0	1.0	1.0
6.3115520131579785	0.9542425094393249	0.9542425094393249	0.9542425094393249
6.411735378446201	1.0	1.0	1.0
6.511918743734423	1.0	1.0	1.0
6.612102109022644	1.0	1.0	1.0
6.712285474310867	1.0	1.0	1.0
6.812468839599088	1.0	1.0	1.0
6.91265220488731	1.0	1.0	1.0
7.0128355701755325	1.0	1.0	1.0
7.113018935463754	1.0	1.0	1.0
7.213202300751976	1.0	1.0	1.0
7.3133856660401975	1.0	1.0	1.0
7.41356903132842	1.0	1.0	1.0
7.513752396616642	1.0	1.0	1.0
7.613935761904863	1.0	1.0	1.0
7.714119127193086	1.0	1.0	1.0
7.814302492481307	1.0	1.0	1.0
7.914485857769529	1.0	1.0	1.0
8.014669223057751	1.0	1.0	1.0
8.114852588345974	1.0	1.0	1.0
8.215035953634194	1.0	1.0	1.0
8.315219318922416	1.0	1.0	1.0
8.415402684210639	1.0	1.0	1.0
8.51558604949886	1.0	1.0	1.0
8.615769414787083	1.0	1.0	1.0
8.715952780075304	1.0	1.0	1.0
8.816136145363526	1.0	1.0	1.0
8.916319510651748	1.0	1.0	1.0
9.01650287593997	1.0	1.0	1.0
9.116686241228193	1.0	1.0	1.0
9.216869606516413	1.0	1.0	1.0
9.317052971804635	1.0	1.0	1.0
9.417236337092858	1.0	1.0	1.0
9.51741970238108	1.0	1.0	1.0
9.6176030676693	1.0	1.0	1.0
9.717786432957523	1.0	1.0	1.0
9.817969798245745	1.0	1.0	1.0
9.918153163533967	1.0	1.0	1.0
10.01833652882219	1.0	1.0	1.0
10.11851989411041	0.9542425094393249	0.9542425094393249	0.9542425094393249
10.218703259398632	0.9542425094393249	0.9542425094393249	0.9542425094393249
10.318886624686854	0.9542425094393249	0.9542425094393249	0.9542425094393249
10.419069989975076	0.9030899869919435	0.9030899869919435	0.9030899869919435
10.519253355263299	0.9030899869919435	0.9030899869919435	0.9030899869919435
10.61943672055152	0.9030899869919435	0.9030899869919435	0.9030899869919435
10.719620085839741	0.9030899869919435	0.9030899869919435	0.9030899869919435
10.819803451127964	0.9030899869919435	0.9030899869919435	0.9030899869919435
10.919986816416186	0.9030899869919435	0.9030899869919435	0.9030899869919435
11.020170181704408	0.9030899869919435	0.9030899869919435	0.9030899869919435
11.120353546992629	0.9030899869919435	0.9030899869919435	0.9030899869919435
11.220536912280851	0.8450980400142568	0.8450980400142568	0.8450980400142568
11.320720277569073	0.8450980400142568	0.8450980400142568	0.8450980400142568
11.420903642857295	0.8450980400142568	0.8450980400142568	0.8450980400142568
11.521087008145518	0.8450980400142568	0.8450980400142568	0.8450980400142568
11.621270373433738	0.7781512503836436	0.7781512503836436	0.7781512503836436
11.72145373872196	0.7781512503836436	0.7781512503836436	0.7781512503836436
11.821637104010183	0.6989700043360189	0.6989700043360189	0.6989700043360189
11.921820469298405	0.6020599913279624	0.6020599913279624	0.6020599913279624
12.022003834586627	0.47712125471966244	0.47712125471966244	0.47712125471966244
12.122187199874848	0.47712125471966244	0.47712125471966244	0.47712125471966244
12.22237056516307	0.47712125471966244	0.47712125471966244	0.47712125471966244
12.322553930451292	0.47712125471966244	0.47712125471966244	0.47712125471966244
12.422737295739514	0.47712125471966244	0.47712125471966244	0.47712125471966244
12.522920661027737	0.47712125471966244	0.47712125471966244	0.47712125471966244
12.623104026315957	0.47712125471966244	0.47712125471966244	0.47712125471966244
12.72328739160418	0.47712125471966244	0.47712125471966244	0.47712125471966244
12.823470756892402	0.47712125471966244	0.47712125471966244	0.47712125471966244
12.923654122180624	0.47712125471966244	0.47712125471966244	0.47712125471966244
13.023837487468846	0.47712125471966244	0.47712125471966244	0.47712125471966244
13.124020852757067	0.47712125471966244	0.47712125471966244	0.47712125471966244
13.224204218045289	0.47712125471966244	0.47712125471966244	0.47712125471966244
13.324387583333511	0.47712125471966244	0.47712125471966244	0.47712125471966244
13.424570948621733	0.47712125471966244	0.47712125471966244	0.47712125471966244
13.524754313909956	0.47712125471966244	0.47712125471966244	0.47712125471966244
13.624937679198176	0.47712125471966244	0.47712125471966244	0.47712125471966244
13.725121044486398	0.47712125471966244	0.47712125471966244	0.47712125471966244
13.82530440977462	0.47712125471966244	0.47712125471966244	0.47712125471966244
13.925487775062843	0.47712125471966244	0.47712125471966244	0.47712125471966244
14.025671140351065	0.3010299956639812	0.3010299956639812	0.3010299956639812
14.125854505639285	0.3010299956639812	0.3010299956639812	0.3010299956639812
14.226037870927508	0.3010299956639812	0.3010299956639812	0.3010299956639812
14.32622123621573	0.3010299956639812	0.3010299956639812	0.3010299956639812
14.426404601503952	0.3010299956639812	0.3010299956639812	0.3010299956639812
14.526587966792174	0.3010299956639812	0.3010299956639812	0.3010299956639812
14.626771332080395	0.3010299956639812	0.3010299956639812	0.3010299956639812
14.726954697368617	0.3010299956639812	0.3010299956639812	0.3010299956639812
14.82713806265684	0.3010299956639812	0.3010299956639812	0.3010299956639812
14.927321427945062	0.3010299956639812	0.3010299956639812	0.3010299956639812
15.027504793233284	0.3010299956639812	0.3010299956639812	0.3010299956639812
15.127688158521504	0.3010299956639812	0.3010299956639812	0.3010299956639812
15.227871523809727	0.3010299956639812	0.3010299956639812	0.3010299956639812
15.328054889097949	0.3010299956639812	0.3010299956639812	0.3010299956639812
15.428238254386171	0.3010299956639812	0.3010299956639812	0.3010299956639812
15.528421619674393	0.3010299956639812	0.3010299956639812	0.3010299956639812
15.628604984962614	0.3010299956639812	0.3010299956639812	0.3010299956639812
15.728788350250836	0.3010299956639812	0.3010299956639812	0.3010299956639812
15.828971715539058	0.3010299956639812	0.3010299956639812	0.3010299956639812
15.92915508082728	0.0	0.0	0.0
16.029338446115503	0.0	0.0	0.0
16.129521811403723	0.0	0.0	0.0
16.229705176691947	0.0	0.0	0.0
16.329888541980168	0.0	0.0	0.0
16.43007190726839	0.0	0.0	0.0
16.530255272556612	0.0	0.0	0.0
16.630438637844833	0.0	0.0	0.0
16.730622003133057	0.0	0.0	0.0
16.830805368421277	0.0	0.0	0.0
16.930988733709498	0.0	0.0	0.0
17.03117209899772	-inf	-inf	-inf
17.131355464285942	-inf	-inf	-inf
17.231538829574166	-inf	-inf	-inf
17.331722194862387	-inf	-inf	-inf
17.431905560150607	-inf	-inf	-inf
17.53208892543883	-inf	-inf	-inf
17.63227229072705	-inf	-inf	-inf
17.732455656015276	-inf	-inf	-inf
17.832639021303496	-inf	-inf	-inf
17.932822386591717	-inf	-inf	-inf
18.03300575187994	-inf	-inf	-inf
18.13318911716816	-inf	-inf	-inf
18.233372482456385	-inf	-inf	-inf
18.333555847744606	-inf	-inf	-inf
18.433739213032826	-inf	-inf	-inf
18.53392257832105	-inf	-inf	-inf
18.63410594360927	-inf	-inf	-inf
18.734289308897495	-inf	-inf	-inf
18.834472674185715	-inf	-inf	-inf
18.934656039473936	-inf	-inf	-inf
19.03483940476216	-inf	-inf	-inf
19.13502277005038	-inf	-inf	-inf
19.2352061353386	-inf	-inf	-inf
19.335389500626825	-inf	-inf	-inf
19.435572865915045	-inf	-inf	-inf
19.53575623120327	-inf	-inf	-inf
19.63593959649149	-inf	-inf	-inf
19.73612296177971	-inf	-inf	-inf
19.836306327067934	-inf	-inf	-inf
19.936489692356155	-inf	-inf	-inf
20.03667305764438	-inf	-inf	-inf
20.1368564229326	-inf	-inf	-inf
20.23703978822082	-inf	-inf	-inf
20.337223153509044	-inf	-inf	-inf
20.437406518797264	-inf	-inf	-inf
20.537589884085488	-inf	-inf	-inf
20.63777324937371	-inf	-inf	-inf
20.73795661466193	-inf	-inf	-inf
20.838139979950153	-inf	-inf	-inf
20.938323345238373	-inf	-inf	-inf
21.038506710526597	-inf	-inf	-inf
21.138690075814818	-inf	-inf	-inf
21.23887344110304	-inf	-inf	-inf
21.339056806391262	-inf	-inf	-inf
21.439240171679483	-inf	-inf	-inf
21.539423536967707	-inf	-inf	-inf
21.639606902255927	-inf	-inf	-inf
21.739790267544148	-inf	-inf	-inf
21.839973632832372	-inf	-inf	-inf
21.940156998120592	-inf	-inf	-inf
22.040340363408816	-inf	-inf	-inf
22.140523728697037	-inf	-inf	-inf
22.240707093985257	-inf	-inf	-inf
22.34089045927348	-inf	-inf	-inf
22.441073824561702	-inf	-inf	-inf
22.541257189849926	-inf	-inf	-inf
22.641440555138146	-inf	-inf	-inf
22.741623920426367	-inf	-inf	-inf
22.84180728571459	-inf	-inf	-inf
22.94199065100281	-inf	-inf	-inf
23.042174016291035	-inf	-inf	-inf
23.142357381579256	-inf	-inf	-inf
23.242540746867476	-inf	-inf	-inf
23.3427241121557	-inf	-inf	-inf
23.44290747744392	-inf	-inf	-inf
23.543090842732145	-inf	-inf	-inf
23.643274208020365	-inf	-inf	-inf
23.743457573308586	-inf	-inf	-inf
23.84364093859681	-inf	-inf	-inf
23.94382430388503	-inf	-inf	-inf
24.044007669173254	-inf	-inf	-inf
24.144191034461475	-inf	-inf	-inf
24.244374399749695	-inf	-inf	-inf
24.34455776503792	-inf	-inf	-inf
24.44474113032614	-inf	-inf	-inf
24.544924495614364	-inf	-inf	-inf
24.645107860902584	-inf	-inf	-inf
24.745291226190805	-inf	-inf	-inf
24.84547459147903	-inf	-inf	-inf
24.94565795676725	-inf	-inf	-inf
25.045841322055473	-inf	-inf	-inf
25.146024687343694	-inf	-inf	-inf
25.246208052631914	-inf	-inf	-inf
25.346391417920138	-inf	-inf	-inf
25.44657478320836	-inf	-inf	-inf
25.546758148496583	-inf	-inf	-inf
25.646941513784803	-inf	-inf	-inf
25.747124879073024	-inf	-inf	-inf
25.847308244361248	-inf	-inf	-inf
25.947491609649468	-inf	-inf	-inf
26.047674974937692	-inf	-inf	-inf
26.147858340225913	-inf	-inf	-inf
26.248041705514133	-inf	-inf	-inf
26.348225070802357	-inf	-inf	-inf
26.448408436090578	-inf	-inf	-inf
26.5485918013788	-inf	-inf	-inf
26.648775166667022	-inf	-inf	-inf
26.748958531955243	-inf	-inf	-inf
26.849141897243467	-inf	-inf	-inf
26.949325262531687	-inf	-inf	-inf
27.04950862781991	-inf	-inf	-inf
27.14969199310813	-inf	-inf	-inf
27.249875358396352	-inf	-inf	-inf
27.350058723684576	-inf	-inf	-inf
27.450242088972796	-inf	-inf	-inf
27.55042545426102	-inf	-inf	-inf
27.65060881954924	-inf	-inf	-inf
27.75079218483746	-inf	-inf	-inf
27.850975550125685	-inf	-inf	-inf
27.951158915413906	-inf	-inf	-inf
28.05134228070213	-inf	-inf	-inf
28.15152564599035	-inf	-inf	-inf
28.25170901127857	-inf	-inf	-inf
28.351892376566795	-inf	-inf	-inf
28.452075741855015	-inf	-inf	-inf
28.55225910714324	-inf	-inf	-inf
28.65244247243146	-inf	-inf	-inf
28.75262583771968	-inf	-inf	-inf
28.852809203007904	-inf	-inf	-inf
28.952992568296125	-inf	-inf	-inf
29.05317593358435	-inf	-inf	-inf
29.15335929887257	-inf	-inf	-inf
29.25354266416079	-inf	-inf	-inf
29.353726029449014	-inf	-inf	-inf
29.453909394737234	-inf	-inf	-inf
29.55409276002546	-inf	-inf	-inf
29.65427612531368	-inf	-inf	-inf
29.7544594906019	-inf	-inf	-inf
29.854642855890123	-inf	-inf	-inf
29.954826221178344	-inf	-inf	-inf
30.055009586466568	-inf	-inf	-inf
30.15519295175479	-inf	-inf	-inf
30.25537631704301	-inf	-inf	-inf
30.355559682331233	-inf	-inf	-inf
30.455743047619453	-inf	-inf	-inf
30.555926412907677	-inf	-inf	-inf
30.656109778195898	-inf	-inf	-inf
30.75629314348412	-inf	-inf	-inf
30.856476508772342	-inf	-inf	-inf
30.956659874060563	-inf	-inf	-inf
31.056843239348787	-inf	-inf	-inf
31.157026604637007	-inf	-inf	-inf
31.257209969925228	-inf	-inf	-inf
31.35739333521345	-inf	-inf	-inf
31.457576700501672	-inf	-inf	-inf
31.557760065789896	-inf	-inf	-inf
31.657943431078117	-inf	-inf	-inf
31.758126796366337	-inf	-inf	-inf
31.85831016165456	-inf	-inf	-inf
31.95849352694278	-inf	-inf	-inf
32.058676892231006	-inf	-inf	-inf
32.15886025751922	-inf	-inf	-inf
32.25904362280745	-inf	-inf	-inf
32.35922698809567	-inf	-inf	-inf
32.459410353383895	-inf	-inf	-inf
32.55959371867211	-inf	-inf	-inf
32.659777083960336	-inf	-inf	-inf
32.75996044924856	-inf	-inf	-inf
32.86014381453678	-inf	-inf	-inf
32.960327179825	-inf	-inf	-inf
33.060510545113225	-inf	-inf	-inf
33.16069391040144	-inf	-inf	-inf
33.260877275689666	-inf	-inf	-inf
33.36106064097789	-inf	-inf	-inf
33.461244006266114	-inf	-inf	-inf
33.56142737155433	-inf	-inf	-inf
33.661610736842555	-inf	-inf	-inf
33.76179410213078	-inf	-inf	-inf
33.861977467418996	-inf	-inf	-inf
33.96216083270722	-inf	-inf	-inf
34.06234419799544	-inf	-inf	-inf
34.16252756328366	-inf	-inf	-inf
34.262710928571884	-inf	-inf	-inf
34.36289429386011	-inf	-inf	-inf
34.46307765914833	-inf	-inf	-inf
34.56326102443655	-inf	-inf	-inf
34.66344438972477	-inf	-inf	-inf
34.763627755013	-inf	-inf	-inf
34.863811120301214	-inf	-inf	-inf
34.96399448558944	-inf	-inf	-inf
35.06417785087766	-inf	-inf	-inf
35.16436121616588	-inf	-inf	-inf
35.2645445814541	-inf	-inf	-inf
35.36472794674233	-inf	-inf	-inf
35.46491131203055	-inf	-inf	-inf
35.56509467731877	-inf	-inf	-inf
35.66527804260699	-inf	-inf	-inf
35.765461407895216	-inf	-inf	-inf
35.86564477318343	-inf	-inf	-inf
35.96582813847166	-inf	-inf	-inf
36.06601150375988	-inf	-inf	-inf
36.1661948690481	-inf	-inf	-inf
36.26637823433632	-inf	-inf	-inf
36.366561599624546	-inf	-inf	-inf
36.46674496491277	-inf	-inf	-inf
36.56692833020099	-inf	-inf	-inf
36.66711169548921	-inf	-inf	-inf
36.767295060777435	-inf	-inf	-inf
36.86747842606565	-inf	-inf	-inf
36.967661791353876	-inf	-inf	-inf
37.0678451566421	-inf	-inf	-inf
37.16802852193032	-inf	-inf	-inf
37.26821188721854	-inf	-inf	-inf
37.368395252506765	-inf	-inf	-inf
37.46857861779499	-inf	-inf	-inf
37.568761983083206	-inf	-inf	-inf
37.66894534837143	-inf	-inf	-inf
37.769128713659654	-inf	-inf	-inf
37.86931207894787	-inf	-inf	-inf
37.969495444236095	-inf	-inf	-inf
38.06967880952432	-inf	-inf	-inf
38.169862174812536	-inf	-inf	-inf
38.27004554010076	-inf	-inf	-inf
38.370228905388984	-inf	-inf	-inf
38.4704122706772	-inf	-inf	-inf
38.570595635965425	-inf	-inf	-inf
38.67077900125365	-inf	-inf	-inf
38.77096236654187	-inf	-inf	-inf
38.87114573183009	-inf	-inf	-inf
38.971329097118314	-inf	-inf	-inf
39.07151246240654	-inf	-inf	-inf
39.171695827694755	-inf	-inf	-inf
39.27187919298298	-inf	-inf	-inf
39.3720625582712	-inf	-inf	-inf
39.47224592355942	-inf	-inf	-inf
39.572429288847644	-inf	-inf	-inf
39.67261265413587	-inf	-inf	-inf
39.77279601942409	-inf	-inf	-inf
39.87297938471231	-inf	-inf	-inf
39.97316275000053	-inf	-inf	-inf
40.07334611528876	-inf	-inf	-inf
40.173529480576974	-inf	-inf	-inf
40.2737128458652	-inf	-inf	-inf
40.37389621115342	-inf	-inf	-inf
40.47407957644164	-inf	-inf	-inf
40.57426294172986	-inf	-inf	-inf
40.67444630701809	-inf	-inf	-inf
40.77462967230631	-inf	-inf	-inf
40.87481303759453	-inf	-inf	-inf
40.97499640288275	-inf	-inf	-inf
41.075179768170976	-inf	-inf	-inf
41.17536313345919	-inf	-inf	-inf
41.27554649874742	-inf	-inf	-inf
41.37572986403564	-inf	-inf	-inf
41.47591322932386	-inf	-inf	-inf
41.57609659461208	-inf	-inf	-inf
41.676279959900306	-inf	-inf	-inf
41.77646332518853	-inf	-inf	-inf
41.87664669047675	-inf	-inf	-inf
41.97683005576497	-inf	-inf	-inf
42.077013421053195	-inf	-inf	-inf
42.17719678634141	-inf	-inf	-inf
42.277380151629636	-inf	-inf	-inf
42.37756351691786	-inf	-inf	-inf
42.47774688220608	-inf	-inf	-inf
42.5779302474943	-inf	-inf	-inf
42.678113612782525	-inf	-inf	-inf
42.77829697807075	-inf	-inf	-inf
42.878480343358966	-inf	-inf	-inf
42.97866370864719	-inf	-inf	-inf
43.078847073935414	-inf	-inf	-inf
43.17903043922363	-inf	-inf	-inf
43.279213804511855	-inf	-inf	-inf
43.37939716980008	-inf	-inf	-inf
43.479580535088296	-inf	-inf	-inf
43.57976390037652	-inf	-inf	-inf
43.679947265664744	-inf	-inf	-inf
43.78013063095297	-inf	-inf	-inf
43.880313996241185	-inf	-inf	-inf
43.98049736152941	-inf	-inf	-inf
44.08068072681763	-inf	-inf	-inf
44.18086409210585	-inf	-inf	-inf
44.281047457394074	-inf	-inf	-inf
44.3812308226823	-inf	-inf	-inf
44.481414187970515	-inf	-inf	-inf
44.58159755325874	-inf	-inf	-inf
44.68178091854696	-inf	-inf	-inf
44.78196428383519	-inf	-inf	-inf
44.882147649123404	-inf	-inf	-inf
44.98233101441163	-inf	-inf	-inf
45.08251437969985	-inf	-inf	-inf
45.18269774498807	-inf	-inf	-inf
45.28288111027629	-inf	-inf	-inf
45.38306447556452	-inf	-inf	-inf
45.483247840852734	-inf	-inf	-inf
45.58343120614096	-inf	-inf	-inf
45.68361457142918	-inf	-inf	-inf
45.783797936717406	-inf	-inf	-inf
45.88398130200562	-inf	-inf	-inf
45.98416466729385	-inf	-inf	-inf
46.08434803258207	-inf	-inf	-inf
46.18453139787029	-inf	-inf	-inf
46.28471476315851	-inf	-inf	-inf
46.384898128446736	-inf	-inf	-inf
46.48508149373495	-inf	-inf	-inf
46.58526485902318	-inf	-inf	-inf
46.6854482243114	-inf	-inf	-inf
46.785631589599625	-inf	-inf	-inf
46.88581495488784	-inf	-inf	-inf
46.985998320176066	-inf	-inf	-inf
47.08618168546429	-inf	-inf	-inf
47.18636505075251	-inf	-inf	-inf
47.28654841604073	-inf	-inf	-inf
47.386731781328955	-inf	-inf	-inf
47.48691514661717	-inf	-inf	-inf
47.587098511905396	-inf	-inf	-inf
47.68728187719362	-inf	-inf	-inf
47.787465242481844	-inf	-inf	-inf
47.88764860777006	-inf	-inf	-inf
47.987831973058285	-inf	-inf	-inf
48.08801533834651	-inf	-inf	-inf
48.188198703634725	-inf	-inf	-inf
48.28838206892295	-inf	-inf	-inf
48.38856543421117	-inf	-inf	-inf
48.48874879949939	-inf	-inf	-inf
48.588932164787614	-inf	-inf	-inf
48.68911553007584	-inf	-inf	-inf
48.78929889536406	-inf	-inf	-inf
48.88948226065228	-inf	-inf	-inf
48.9896656259405	-inf	-inf	-inf
49.08984899122873	-inf	-inf	-inf
49.190032356516944	-inf	-inf	-inf
49.29021572180517	-inf	-inf	-inf
49.39039908709339	-inf	-inf	-inf
49.49058245238161	-inf	-inf	-inf
49.59076581766983	-inf	-inf	-inf
49.69094918295806	-inf	-inf	-inf
49.79113254824628	-inf	-inf	-inf
49.8913159135345	-inf	-inf	-inf
49.99149927882272	-inf	-inf	-inf
50.091682644110946	-inf	-inf	-inf
50.19186600939916	-inf	-inf	-inf
50.29204937468739	-inf	-inf	-inf
50.39223273997561	-inf	-inf	-inf
50.49241610526383	-inf	-inf	-inf
50.59259947055205	-inf	-inf	-inf
50.692782835840276	-inf	-inf	-inf
50.7929662011285	-inf	-inf	-inf
50.89314956641672	-inf	-inf	-inf
50.99333293170494	-inf	-inf	-inf
51.093516296993165	-inf	-inf	-inf
51.19369966228138	-inf	-inf	-inf
51.293883027569606	-inf	-inf	-inf
51.39406639285783	-inf	-inf	-inf
51.49424975814605	-inf	-inf	-inf
51.59443312343427	-inf	-inf	-inf
51.694616488722495	-inf	-inf	-inf
51.79479985401071	-inf	-inf	-inf
51.894983219298936	-inf	-inf	-inf
51.99516658458716	-inf	-inf	-inf
52.095349949875384	-inf	-inf	-inf
52.1955333151636	-inf	-inf	-inf
52.295716680451825	-inf	-inf	-inf
52.39590004574005	-inf	-inf	-inf
52.496083411028266	-inf	-inf	-inf
52.59626677631649	-inf	-inf	-inf
52.696450141604714	-inf	-inf	-inf
52.79663350689293	-inf	-inf	-inf
52.896816872181155	-inf	-inf	-inf
52.99700023746938	-inf	-inf	-inf
53.0971836027576	-inf	-inf	-inf
53.19736696804582	-inf	-inf	-inf
53.297550333334044	-inf	-inf	-inf
53.39773369862227	-inf	-inf	-inf
53.497917063910485	-inf	-inf	-inf
53.59810042919871	-inf	-inf	-inf
53.69828379448693	-inf	-inf	-inf
53.79846715977515	-inf	-inf	-inf
53.898650525063374	-inf	-inf	-inf
53.9988338903516	-inf	-inf	-inf
54.09901725563982	-inf	-inf	-inf
54.19920062092804	-inf	-inf	-inf
54.29938398621626	-inf	-inf	-inf
54.39956735150449	-inf	-inf	-inf
54.499750716792704	-inf	-inf	-inf
54.59993408208093	-inf	-inf	-inf
54.70011744736915	-inf	-inf	-inf
54.80030081265737	-inf	-inf	-inf
54.90048417794559	-inf	-inf	-inf
55.00066754323382	-inf	-inf	-inf
55.10085090852204	-inf	-inf	-inf
55.20103427381026	-inf	-inf	-inf
55.30121763909848	-inf	-inf	-inf
55.401401004386706	-inf	-inf	-inf
55.50158436967492	-inf	-inf	-inf
55.60176773496315	-inf	-inf	-inf
55.70195110025137	-inf	-inf	-inf
55.80213446553959	-inf	-inf	-inf
55.90231783082781	-inf	-inf	-inf
56.002501196116036	-inf	-inf	-inf
56.10268456140426	-inf	-inf	-inf
56.20286792669248	-inf	-inf	-inf
56.3030512919807	-inf	-inf	-inf
56.403234657268925	-inf	-inf	-inf
56.50341802255714	-inf	-inf	-inf
56.603601387845366	-inf	-inf	-inf
56.70378475313359	-inf	-inf	-inf
56.80396811842181	-inf	-inf	-inf
56.90415148371003	-inf	-inf	-inf
57.004334848998255	-inf	-inf	-inf
57.10451821428648	-inf	-inf	-inf
57.204701579574696	-inf	-inf	-inf
57.30488494486292	-inf	-inf	-inf
57.405068310151144	-inf	-inf	-inf
57.50525167543936	-inf	-inf	-inf
57.605435040727585	-inf	-inf	-inf
57.70561840601581	-inf	-inf	-inf
57.805801771304026	-inf	-inf	-inf
57.90598513659225	-inf	-inf	-inf
58.006168501880474	-inf	-inf	-inf
58.1063518671687	-inf	-inf	-inf
58.206535232456915	-inf	-inf	-inf
58.30671859774514	-inf	-inf	-inf
58.40690196303336	-inf	-inf	-inf
58.50708532832158	-inf	-inf	-inf
58.607268693609804	-inf	-inf	-inf
58.70745205889803	-inf	-inf	-inf
58.807635424186245	-inf	-inf	-inf
58.90781878947447	-inf	-inf	-inf
59.00800215476269	-inf	-inf	-inf
59.10818552005092	-inf	-inf	-inf
59.208368885339134	-inf	-inf	-inf
59.30855225062736	-inf	-inf	-inf
59.40873561591558	-inf	-inf	-inf
59.5089189812038	-inf	-inf	-inf
59.60910234649202	-inf	-inf	-inf
59.70928571178025	-inf	-inf	-inf
59.809469077068464	-inf	-inf	-inf
59.90965244235669	-inf	-inf	-inf
60.00983580764491	-inf	-inf	-inf
60.110019172933136	-inf	-inf	-inf
60.21020253822135	-inf	-inf	-inf
60.31038590350958	-inf	-inf	-inf
60.4105692687978	-inf	-inf	-inf
60.51075263408602	-inf	-inf	-inf
60.61093599937424	-inf	-inf	-inf
60.711119364662466	-inf	-inf	-inf
60.81130272995068	-inf	-inf	-inf
60.91148609523891	-inf	-inf	-inf
61.01166946052713	-inf	-inf	-inf
61.111852825815355	-inf	-inf	-inf
61.21203619110357	-inf	-inf	-inf
61.312219556391796	-inf	-inf	-inf
61.41240292168002	-inf	-inf	-inf
61.51258628696824	-inf	-inf	-inf
61.61276965225646	-inf	-inf	-inf
61.712953017544685	-inf	-inf	-inf
61.8131363828329	-inf	-inf	-inf
61.913319748121125	-inf	-inf	-inf
62.01350311340935	-inf	-inf	-inf
62.11368647869757	-inf	-inf	-inf
62.21386984398579	-inf	-inf	-inf
62.314053209274014	-inf	-inf	-inf
62.41423657456224	-inf	-inf	-inf
62.514419939850455	-inf	-inf	-inf
62.61460330513868	-inf	-inf	-inf
62.7147866704269	-inf	-inf	-inf
62.81497003571512	-inf	-inf	-inf
62.915153401003344	-inf	-inf	-inf
63.01533676629157	-inf	-inf	-inf
63.11552013157979	-inf	-inf	-inf
63.21570349686801	-inf	-inf	-inf
63.31588686215623	-inf	-inf	-inf
63.41607022744446	-inf	-inf	-inf
63.516253592732674	-inf	-inf	-inf
63.6164369580209	-inf	-inf	-inf
63.71662032330912	-inf	-inf	-inf
63.81680368859734	-inf	-inf	-inf
63.91698705388556	-inf	-inf	-inf
64.01717041917378	-inf	-inf	-inf
64.11735378446201	-inf	-inf	-inf
