time	diversity	m_div	M_div
0.0023431316603643865	0.0	0.0	0.0
0.10260071941235568	0.47712125471966244	0.47712125471966244	0.47712125471966244
0.202858307164347	0.47712125471966244	0.47712125471966244	0.47712125471966244
0.3031158949163383	0.47712125471966244	0.47712125471966244	0.47712125471966244
0.40337348266832956	0.47712125471966244	0.47712125471966244	0.47712125471966244
0.5036310704203208	0.47712125471966244	0.47712125471966244	0.47712125471966244
0.6038886581723122	0.6989700043360189	0.6989700043360189	0.6989700043360189
0.7041462459243034	0.6989700043360189	0.6989700043360189	0.6989700043360189
0.8044038336762948	0.6989700043360189	0.6989700043360189	0.6989700043360189
0.9046614214282861	0.6989700043360189	0.6989700043360189	0.6989700043360189
1.0049190091802773	0.6989700043360189	0.6989700043360189	0.6989700043360189
1.1051765969322687	0.6989700043360189	0.6989700043360189	0.6989700043360189
1.20543418468426	0.6989700043360189	0.6989700043360189	0.6989700043360189
1.3056917724362513	0.6989700043360189	0.6989700043360189	0.6989700043360189
1.4059493601882425	0.7781512503836436	0.7781512503836436	0.7781512503836436
1.5062069479402338	0.7781512503836436	0.7781512503836436	0.7781512503836436
1.6064645356922251	0.8450980400142568	0.8450980400142568	0.8450980400142568
1.7067221234442165	0.8450980400142568	0.8450980400142568	0.8450980400142568
1.8069797111962078	0.7781512503836436	0.7781512503836436	0.7781512503836436
1.907237298948199	0.7781512503836436	0.7781512503836436	0.7781512503836436
2.0074948867001905	0.7781512503836436	0.7781512503836436	0.7781512503836436
2.107752474452182	0.7781512503836436	0.7781512503836436	0.7781512503836436
2.208010062204173	0.6989700043360189	0.6989700043360189	0.6989700043360189
2.3082676499561643	0.6989700043360189	0.6989700043360189	0.6989700043360189
2.408525237708156	0.6989700043360189	0.6989700043360189	0.6989700043360189
2.508782825460147	0.6989700043360189	0.6989700043360189	0.6989700043360189
2.6090404132121385	0.6989700043360189	0.6989700043360189	0.6989700043360189
2.7092980009641296	0.6020599913279624	0.6020599913279624	0.6020599913279624
2.8095555887161208	0.6989700043360189	0.6989700043360189	0.6989700043360189
2.9098131764681123	0.6989700043360189	0.6989700043360189	0.6989700043360189
3.0100707642201034	0.8450980400142568	0.8450980400142568	0.8450980400142568
3.110328351972095	0.8450980400142568	0.8450980400142568	0.8450980400142568
3.210585939724086	0.7781512503836436	0.7781512503836436	0.7781512503836436
3.3108435274760772	0.6989700043360189	0.6989700043360189	0.6989700043360189
3.411101115228069	0.6989700043360189	0.6989700043360189	0.6989700043360189
3.51135870298006	0.7781512503836436	0.7781512503836436	0.7781512503836436
3.6116162907320515	0.8450980400142568	0.8450980400142568	0.8450980400142568
3.7118738784840426	0.9542425094393249	0.9542425094393249	0.9542425094393249
3.8121314662360337	0.9542425094393249	0.9542425094393249	0.9542425094393249
3.9123890539880253	0.9542425094393249	0.9542425094393249	0.9542425094393249
4.012646641740016	0.9542425094393249	0.9542425094393249	0.9542425094393249
4.112904229492007	0.9542425094393249	0.9542425094393249	0.9542425094393249
4.213161817243999	0.9542425094393249	0.9542425094393249	0.9542425094393249
4.31341940499599	0.9030899869919435	0.9030899869919435	0.9030899869919435
4.413676992747981	0.9030899869919435	0.9030899869919435	0.9030899869919435
4.513934580499972	0.9030899869919435	0.9030899869919435	0.9030899869919435
4.6141921682519635	0.9030899869919435	0.9030899869919435	0.9030899869919435
4.7144497560039555	0.9542425094393249	0.9542425094393249	0.9542425094393249
4.814707343755947	0.9542425094393249	0.9542425094393249	0.9542425094393249
4.914964931507938	0.9542425094393249	0.9542425094393249	0.9542425094393249
5.015222519259929	0.9542425094393249	0.9542425094393249	0.9542425094393249
5.11548010701192	0.9542425094393249	0.9542425094393249	0.9542425094393249
5.215737694763912	0.9542425094393249	0.9542425094393249	0.9542425094393249
5.315995282515903	0.9542425094393249	0.9542425094393249	0.9542425094393249
5.416252870267894	0.9030899869919435	0.9030899869919435	0.9030899869919435
5.516510458019885	0.9030899869919435	0.9030899869919435	0.9030899869919435
5.6167680457718765	0.9030899869919435	0.9030899869919435	0.9030899869919435
5.7170256335238685	0.9030899869919435	0.9030899869919435	0.9030899869919435
5.81728322127586	0.9030899869919435	0.9030899869919435	0.9030899869919435
5.917540809027851	0.9030899869919435	0.9030899869919435	0.9030899869919435
6.017798396779842	0.9030899869919435	0.9030899869919435	0.9030899869919435
6.118055984531833	0.9542425094393249	0.9542425094393249	0.9542425094393249
6.218313572283825	0.9542425094393249	0.9542425094393249	0.9542425094393249
6.318571160035816	0.9542425094393249	0.9542425094393249	0.9542425094393249
6.418828747787807	0.9542425094393249	0.9542425094393249	0.9542425094393249
6.519086335539798	0.9542425094393249	0.9542425094393249	0.9542425094393249
6.6193439232917894	1.0	1.0	1.0
6.7196015110437814	1.0	1.0	1.0
6.819859098795773	1.0	1.0	1.0
6.920116686547764	1.0	1.0	1.0
7.020374274299755	1.0	1.0	1.0
7.120631862051746	1.0413926851582251	1.0413926851582251	1.0413926851582251
7.220889449803738	1.0791812460476249	1.0791812460476249	1.0791812460476249
7.321147037555729	1.0791812460476249	1.0791812460476249	1.0791812460476249
7.42140462530772	1.1139433523068367	1.1139433523068367	1.1139433523068367
7.521662213059711	1.1139433523068367	1.1139433523068367	1.1139433523068367
7.621919800811702	1.1139433523068367	1.1139433523068367	1.1139433523068367
7.722177388563694	1.1139433523068367	1.1139433523068367	1.1139433523068367
7.8224349763156855	1.1139433523068367	1.1139433523068367	1.1139433523068367
7.922692564067677	1.1139433523068367	1.1139433523068367	1.1139433523068367
8.022950151819668	1.1139433523068367	1.1139433523068367	1.1139433523068367
8.12320773957166	1.146128035678238	1.146128035678238	1.146128035678238
8.22346532732365	1.146128035678238	1.146128035678238	1.146128035678238
8.323722915075642	1.1139433523068367	1.1139433523068367	1.1139433523068367
8.423980502827634	1.1139433523068367	1.1139433523068367	1.1139433523068367
8.524238090579624	1.1139433523068367	1.1139433523068367	1.1139433523068367
8.624495678331616	1.1139433523068367	1.1139433523068367	1.1139433523068367
8.724753266083606	1.1139433523068367	1.1139433523068367	1.1139433523068367
8.825010853835598	1.1139433523068367	1.1139433523068367	1.1139433523068367
8.92526844158759	1.1139433523068367	1.1139433523068367	1.1139433523068367
9.02552602933958	1.1139433523068367	1.1139433523068367	1.1139433523068367
9.125783617091573	1.0791812460476249	1.0791812460476249	1.0791812460476249
9.226041204843563	1.0791812460476249	1.0791812460476249	1.0791812460476249
9.326298792595555	1.0791812460476249	1.0791812460476249	1.0791812460476249
9.426556380347547	1.0791812460476249	1.0791812460476249	1.0791812460476249
9.526813968099537	1.0791812460476249	1.0791812460476249	1.0791812460476249
9.62707155585153	1.0791812460476249	1.0791812460476249	1.0791812460476249
9.72732914360352	1.0791812460476249	1.0791812460476249	1.0791812460476249
9.827586731355511	1.0791812460476249	1.0791812460476249	1.0791812460476249
9.927844319107503	1.0791812460476249	1.0791812460476249	1.0791812460476249
10.028101906859494	1.0791812460476249	1.0791812460476249	1.0791812460476249
10.128359494611486	1.0791812460476249	1.0791812460476249	1.0791812460476249
10.228617082363476	1.0791812460476249	1.0791812460476249	1.0791812460476249
10.328874670115468	1.0791812460476249	1.0791812460476249	1.0791812460476249
10.42913225786746	1.0791812460476249	1.0791812460476249	1.0791812460476249
10.52938984561945	1.0791812460476249	1.0791812460476249	1.0791812460476249
10.629647433371442	1.0791812460476249	1.0791812460476249	1.0791812460476249
10.729905021123432	1.1139433523068367	1.1139433523068367	1.1139433523068367
10.830162608875424	1.0791812460476249	1.0791812460476249	1.0791812460476249
10.930420196627416	1.0	1.0	1.0
11.030677784379407	0.9542425094393249	0.9542425094393249	0.9542425094393249
11.130935372131399	0.9030899869919435	0.9030899869919435	0.9030899869919435
11.231192959883389	0.9030899869919435	0.9030899869919435	0.9030899869919435
11.33145054763538	0.9030899869919435	0.9030899869919435	0.9030899869919435
11.431708135387373	0.7781512503836436	0.7781512503836436	0.7781512503836436
11.531965723139363	0.8450980400142568	0.8450980400142568	0.8450980400142568
11.632223310891355	0.7781512503836436	0.7781512503836436	0.7781512503836436
11.732480898643345	0.6989700043360189	0.6989700043360189	0.6989700043360189
11.832738486395337	0.6989700043360189	0.6989700043360189	0.6989700043360189
11.93299607414733	0.6989700043360189	0.6989700043360189	0.6989700043360189
12.03325366189932	0.7781512503836436	0.7781512503836436	0.7781512503836436
12.133511249651312	0.8450980400142568	0.8450980400142568	0.8450980400142568
12.233768837403302	0.8450980400142568	0.8450980400142568	0.8450980400142568
12.334026425155294	0.8450980400142568	0.8450980400142568	0.8450980400142568
12.434284012907286	0.8450980400142568	0.8450980400142568	0.8450980400142568
12.534541600659276	0.8450980400142568	0.8450980400142568	0.8450980400142568
12.634799188411268	0.9030899869919435	0.9030899869919435	0.9030899869919435
12.735056776163258	0.9030899869919435	0.9030899869919435	0.9030899869919435
12.83531436391525	0.9542425094393249	0.9542425094393249	0.9542425094393249
12.935571951667242	0.9542425094393249	0.9542425094393249	0.9542425094393249
13.035829539419233	0.9542425094393249	0.9542425094393249	0.9542425094393249
13.136087127171225	0.9542425094393249	0.9542425094393249	0.9542425094393249
13.236344714923215	0.9542425094393249	0.9542425094393249	0.9542425094393249
13.336602302675207	1.0	1.0	1.0
13.436859890427199	1.0	1.0	1.0
13.537117478179189	1.0	1.0	1.0
13.637375065931181	1.0	1.0	1.0
13.737632653683171	1.0	1.0	1.0
13.837890241435163	1.0413926851582251	1.0413926851582251	1.0413926851582251
13.938147829187155	1.0791812460476249	1.0791812460476249	1.0791812460476249
14.038405416939145	1.0791812460476249	1.0791812460476249	1.0791812460476249
14.138663004691137	1.0791812460476249	1.0791812460476249	1.0791812460476249
14.238920592443128	1.0413926851582251	1.0413926851582251	1.0413926851582251
14.33917818019512	1.0791812460476249	1.0791812460476249	1.0791812460476249
14.439435767947112	1.0791812460476249	1.0791812460476249	1.0791812460476249
14.539693355699102	1.0791812460476249	1.0791812460476249	1.0791812460476249
14.639950943451094	1.0791812460476249	1.0791812460476249	1.0791812460476249
14.740208531203084	1.1139433523068367	1.1139433523068367	1.1139433523068367
14.840466118955076	1.0791812460476249	1.0791812460476249	1.0791812460476249
14.940723706707068	1.0413926851582251	1.0413926851582251	1.0413926851582251
15.040981294459058	1.0413926851582251	1.0413926851582251	1.0413926851582251
15.14123888221105	1.0791812460476249	1.0791812460476249	1.0791812460476249
15.24149646996304	1.0791812460476249	1.0791812460476249	1.0791812460476249
15.341754057715033	1.0791812460476249	1.0791812460476249	1.0791812460476249
15.442011645467025	1.0791812460476249	1.0791812460476249	1.0791812460476249
15.542269233219015	1.0791812460476249	1.0791812460476249	1.0791812460476249
15.642526820971007	1.0791812460476249	1.0791812460476249	1.0791812460476249
15.742784408722997	1.0791812460476249	1.0791812460476249	1.0791812460476249
15.84304199647499	1.0791812460476249	1.0791812460476249	1.0791812460476249
15.943299584226981	1.0413926851582251	1.0413926851582251	1.0413926851582251
16.04355717197897	1.0791812460476249	1.0791812460476249	1.0791812460476249
16.14381475973096	1.0791812460476249	1.0791812460476249	1.0791812460476249
16.244072347482955	1.0413926851582251	1.0413926851582251	1.0413926851582251
16.344329935234946	1.0	1.0	1.0
16.444587522986936	0.9542425094393249	0.9542425094393249	0.9542425094393249
16.54484511073893	0.9542425094393249	0.9542425094393249	0.9542425094393249
16.64510269849092	0.9542425094393249	0.9542425094393249	0.9542425094393249
16.74536028624291	0.9542425094393249	0.9542425094393249	0.9542425094393249
16.845617873994904	0.9542425094393249	0.9542425094393249	0.9542425094393249
16.945875461746894	1.0	1.0	1.0
17.046133049498884	1.1139433523068367	1.1139433523068367	1.1139433523068367
17.146390637250875	1.1139433523068367	1.1139433523068367	1.1139433523068367
17.24664822500287	1.1139433523068367	1.1139433523068367	1.1139433523068367
17.34690581275486	1.1139433523068367	1.1139433523068367	1.1139433523068367
17.44716340050685	1.1139433523068367	1.1139433523068367	1.1139433523068367
17.547420988258843	1.1139433523068367	1.1139433523068367	1.1139433523068367
17.647678576010833	1.1139433523068367	1.1139433523068367	1.1139433523068367
17.747936163762823	1.1139433523068367	1.1139433523068367	1.1139433523068367
17.848193751514817	1.1139433523068367	1.1139433523068367	1.1139433523068367
17.948451339266807	1.1139433523068367	1.1139433523068367	1.1139433523068367
18.048708927018797	1.1139433523068367	1.1139433523068367	1.1139433523068367
18.148966514770787	1.146128035678238	1.146128035678238	1.146128035678238
18.24922410252278	1.146128035678238	1.146128035678238	1.146128035678238
18.34948169027477	1.146128035678238	1.146128035678238	1.146128035678238
18.44973927802676	1.146128035678238	1.146128035678238	1.146128035678238
18.549996865778756	1.1760912590556813	1.1760912590556813	1.1760912590556813
18.650254453530746	1.1760912590556813	1.1760912590556813	1.1760912590556813
18.750512041282736	1.146128035678238	1.146128035678238	1.146128035678238
18.85076962903473	1.146128035678238	1.146128035678238	1.146128035678238
18.95102721678672	1.146128035678238	1.146128035678238	1.146128035678238
19.05128480453871	1.146128035678238	1.146128035678238	1.146128035678238
19.1515423922907	1.1139433523068367	1.1139433523068367	1.1139433523068367
19.251799980042694	1.146128035678238	1.146128035678238	1.146128035678238
19.352057567794684	1.146128035678238	1.146128035678238	1.146128035678238
19.452315155546675	1.1760912590556813	1.1760912590556813	1.1760912590556813
19.55257274329867	1.1760912590556813	1.1760912590556813	1.1760912590556813
19.65283033105066	1.146128035678238	1.146128035678238	1.146128035678238
19.75308791880265	1.146128035678238	1.146128035678238	1.146128035678238
19.853345506554643	1.146128035678238	1.146128035678238	1.146128035678238
19.953603094306633	1.146128035678238	1.146128035678238	1.146128035678238
20.053860682058623	1.146128035678238	1.146128035678238	1.146128035678238
20.154118269810613	1.1139433523068367	1.1139433523068367	1.1139433523068367
20.254375857562607	1.1139433523068367	1.1139433523068367	1.1139433523068367
20.354633445314597	1.0791812460476249	1.0791812460476249	1.0791812460476249
20.454891033066588	1.0791812460476249	1.0791812460476249	1.0791812460476249
20.55514862081858	1.0791812460476249	1.0791812460476249	1.0791812460476249
20.65540620857057	1.0791812460476249	1.0791812460476249	1.0791812460476249
20.755663796322562	1.0791812460476249	1.0791812460476249	1.0791812460476249
20.855921384074556	1.0413926851582251	1.0413926851582251	1.0413926851582251
20.956178971826546	1.0413926851582251	1.0413926851582251	1.0413926851582251
21.056436559578536	1.0413926851582251	1.0413926851582251	1.0413926851582251
21.156694147330526	1.0413926851582251	1.0413926851582251	1.0413926851582251
21.25695173508252	1.0413926851582251	1.0413926851582251	1.0413926851582251
21.35720932283451	1.0413926851582251	1.0413926851582251	1.0413926851582251
21.4574669105865	1.0	1.0	1.0
21.557724498338494	1.0	1.0	1.0
21.657982086090485	0.9542425094393249	0.9542425094393249	0.9542425094393249
21.758239673842475	0.9542425094393249	0.9542425094393249	0.9542425094393249
21.85849726159447	0.9542425094393249	0.9542425094393249	0.9542425094393249
21.95875484934646	0.9030899869919435	0.9030899869919435	0.9030899869919435
22.05901243709845	0.9030899869919435	0.9030899869919435	0.9030899869919435
22.15927002485044	0.9030899869919435	0.9030899869919435	0.9030899869919435
22.259527612602433	0.9030899869919435	0.9030899869919435	0.9030899869919435
22.359785200354423	0.9030899869919435	0.9030899869919435	0.9030899869919435
22.460042788106414	0.9030899869919435	0.9030899869919435	0.9030899869919435
22.560300375858407	0.9030899869919435	0.9030899869919435	0.9030899869919435
22.660557963610398	0.9030899869919435	0.9030899869919435	0.9030899869919435
22.760815551362388	0.9030899869919435	0.9030899869919435	0.9030899869919435
22.86107313911438	0.7781512503836436	0.7781512503836436	0.7781512503836436
22.961330726866372	0.7781512503836436	0.7781512503836436	0.7781512503836436
23.061588314618362	0.7781512503836436	0.7781512503836436	0.7781512503836436
23.161845902370352	0.7781512503836436	0.7781512503836436	0.7781512503836436
23.262103490122346	0.6989700043360189	0.6989700043360189	0.6989700043360189
23.362361077874336	0.7781512503836436	0.7781512503836436	0.7781512503836436
23.462618665626326	0.9030899869919435	0.9030899869919435	0.9030899869919435
23.56287625337832	0.9542425094393249	0.9542425094393249	0.9542425094393249
23.66313384113031	0.9030899869919435	0.9030899869919435	0.9030899869919435
23.7633914288823	0.9030899869919435	0.9030899869919435	0.9030899869919435
23.863649016634294	0.9030899869919435	0.9030899869919435	0.9030899869919435
23.963906604386285	0.9030899869919435	0.9030899869919435	0.9030899869919435
24.064164192138275	0.9542425094393249	0.9542425094393249	0.9542425094393249
24.164421779890265	0.9542425094393249	0.9542425094393249	0.9542425094393249
24.26467936764226	1.0	1.0	1.0
24.36493695539425	1.0	1.0	1.0
24.46519454314624	1.0	1.0	1.0
24.565452130898233	1.0	1.0	1.0
24.665709718650223	1.0	1.0	1.0
24.765967306402214	1.0413926851582251	1.0413926851582251	1.0413926851582251
24.866224894154207	1.0413926851582251	1.0413926851582251	1.0413926851582251
24.966482481906198	1.0413926851582251	1.0413926851582251	1.0413926851582251
25.066740069658188	1.0413926851582251	1.0413926851582251	1.0413926851582251
25.166997657410178	1.0413926851582251	1.0413926851582251	1.0413926851582251
25.267255245162172	1.0413926851582251	1.0413926851582251	1.0413926851582251
25.367512832914162	1.0413926851582251	1.0413926851582251	1.0413926851582251
25.467770420666152	1.0413926851582251	1.0413926851582251	1.0413926851582251
25.568028008418146	1.0413926851582251	1.0413926851582251	1.0413926851582251
25.668285596170136	1.0413926851582251	1.0413926851582251	1.0413926851582251
25.768543183922127	1.0413926851582251	1.0413926851582251	1.0413926851582251
25.86880077167412	1.0413926851582251	1.0413926851582251	1.0413926851582251
25.96905835942611	1.0413926851582251	1.0413926851582251	1.0413926851582251
26.0693159471781	1.0	1.0	1.0
26.169573534930095	1.0	1.0	1.0
26.269831122682085	0.9542425094393249	0.9542425094393249	0.9542425094393249
26.370088710434075	0.9542425094393249	0.9542425094393249	0.9542425094393249
26.470346298186065	0.9542425094393249	0.9542425094393249	0.9542425094393249
26.57060388593806	0.9542425094393249	0.9542425094393249	0.9542425094393249
26.67086147369005	0.9542425094393249	0.9542425094393249	0.9542425094393249
26.77111906144204	0.9542425094393249	0.9542425094393249	0.9542425094393249
26.871376649194033	0.9542425094393249	0.9542425094393249	0.9542425094393249
26.971634236946024	0.9542425094393249	0.9542425094393249	0.9542425094393249
27.071891824698014	0.9542425094393249	0.9542425094393249	0.9542425094393249
27.172149412450008	0.9030899869919435	0.9030899869919435	0.9030899869919435
27.272407000201998	0.9030899869919435	0.9030899869919435	0.9030899869919435
27.372664587953988	0.9030899869919435	0.9030899869919435	0.9030899869919435
27.47292217570598	0.8450980400142568	0.8450980400142568	0.8450980400142568
27.573179763457972	0.6989700043360189	0.6989700043360189	0.6989700043360189
27.673437351209962	0.6020599913279624	0.6020599913279624	0.6020599913279624
27.773694938961953	0.6020599913279624	0.6020599913279624	0.6020599913279624
27.873952526713946	0.6020599913279624	0.6020599913279624	0.6020599913279624
27.974210114465937	0.3010299956639812	0.3010299956639812	0.3010299956639812
28.074467702217927	0.0	0.0	0.0
28.17472528996992	0.0	0.0	0.0
28.27498287772191	0.0	0.0	0.0
28.3752404654739	0.0	0.0	0.0
28.47549805322589	0.0	0.0	0.0
28.575755640977885	0.0	0.0	0.0
28.676013228729875	0.0	0.0	0.0
28.776270816481865	0.0	0.0	0.0
28.87652840423386	0.0	0.0	0.0
28.97678599198585	0.0	0.0	0.0
29.07704357973784	0.0	0.0	0.0
29.177301167489833	0.0	0.0	0.0
29.277558755241824	0.0	0.0	0.0
29.377816342993814	0.0	0.0	0.0
29.478073930745804	0.0	0.0	0.0
29.578331518497798	0.0	0.0	0.0
29.678589106249788	0.0	0.0	0.0
29.77884669400178	0.0	0.0	0.0
29.879104281753772	0.0	0.0	0.0
29.979361869505762	0.0	0.0	0.0
30.079619457257753	0.0	0.0	0.0
30.179877045009746	0.0	0.0	0.0
30.280134632761737	0.0	0.0	0.0
30.380392220513727	0.0	0.0	0.0
30.480649808265717	0.0	0.0	0.0
30.58090739601771	0.0	0.0	0.0
30.6811649837697	0.0	0.0	0.0
30.78142257152169	0.0	0.0	0.0
30.881680159273685	0.0	0.0	0.0
30.981937747025675	0.0	0.0	0.0
31.082195334777666	0.0	0.0	0.0
31.18245292252966	0.0	0.0	0.0
31.28271051028165	0.0	0.0	0.0
31.38296809803364	0.0	0.0	0.0
31.48322568578563	0.0	0.0	0.0
31.583483273537624	0.0	0.0	0.0
31.683740861289614	0.0	0.0	0.0
31.783998449041604	0.0	0.0	0.0
31.884256036793598	0.0	0.0	0.0
31.98451362454559	0.0	0.0	0.0
32.08477121229758	0.0	0.0	0.0
32.18502880004957	0.0	0.0	0.0
32.28528638780156	0.0	0.0	0.0
32.38554397555356	0.0	0.0	0.0
32.48580156330555	0.0	0.0	0.0
32.58605915105754	0.0	0.0	0.0
32.68631673880953	0.0	0.0	0.0
32.78657432656152	0.0	0.0	0.0
32.88683191431351	0.0	0.0	0.0
32.9870895020655	0.0	0.0	0.0
33.0873470898175	0.0	0.0	0.0
33.18760467756949	0.0	0.0	0.0
33.28786226532148	0.0	0.0	0.0
33.38811985307347	0.0	0.0	0.0
33.48837744082546	0.3010299956639812	0.3010299956639812	0.3010299956639812
33.58863502857745	0.3010299956639812	0.3010299956639812	0.3010299956639812
33.68889261632945	0.3010299956639812	0.3010299956639812	0.3010299956639812
33.78915020408144	0.47712125471966244	0.47712125471966244	0.47712125471966244
33.88940779183343	0.47712125471966244	0.47712125471966244	0.47712125471966244
33.98966537958542	0.6020599913279624	0.6020599913279624	0.6020599913279624
34.08992296733741	0.6020599913279624	0.6020599913279624	0.6020599913279624
34.1901805550894	0.6020599913279624	0.6020599913279624	0.6020599913279624
34.29043814284139	0.6020599913279624	0.6020599913279624	0.6020599913279624
34.390695730593386	0.6020599913279624	0.6020599913279624	0.6020599913279624
34.490953318345376	0.6989700043360189	0.6989700043360189	0.6989700043360189
34.591210906097366	0.6989700043360189	0.6989700043360189	0.6989700043360189
34.69146849384936	0.6989700043360189	0.6989700043360189	0.6989700043360189
34.79172608160135	0.6989700043360189	0.6989700043360189	0.6989700043360189
34.89198366935334	0.6989700043360189	0.6989700043360189	0.6989700043360189
34.99224125710533	0.6989700043360189	0.6989700043360189	0.6989700043360189
35.092498844857325	0.7781512503836436	0.7781512503836436	0.7781512503836436
35.192756432609315	0.8450980400142568	0.8450980400142568	0.8450980400142568
35.293014020361305	0.8450980400142568	0.8450980400142568	0.8450980400142568
35.393271608113295	0.8450980400142568	0.8450980400142568	0.8450980400142568
35.493529195865285	0.8450980400142568	0.8450980400142568	0.8450980400142568
35.593786783617276	0.8450980400142568	0.8450980400142568	0.8450980400142568
35.69404437136927	0.8450980400142568	0.8450980400142568	0.8450980400142568
35.79430195912126	0.8450980400142568	0.8450980400142568	0.8450980400142568
35.89455954687325	0.7781512503836436	0.7781512503836436	0.7781512503836436
35.994817134625244	0.7781512503836436	0.7781512503836436	0.7781512503836436
36.095074722377234	0.7781512503836436	0.7781512503836436	0.7781512503836436
36.195332310129224	0.7781512503836436	0.7781512503836436	0.7781512503836436
36.295589897881214	0.7781512503836436	0.7781512503836436	0.7781512503836436
36.39584748563321	0.7781512503836436	0.7781512503836436	0.7781512503836436
36.4961050733852	0.7781512503836436	0.7781512503836436	0.7781512503836436
36.59636266113719	0.7781512503836436	0.7781512503836436	0.7781512503836436
36.69662024888918	0.7781512503836436	0.7781512503836436	0.7781512503836436
36.79687783664117	0.7781512503836436	0.7781512503836436	0.7781512503836436
36.89713542439316	0.7781512503836436	0.7781512503836436	0.7781512503836436
36.99739301214515	0.7781512503836436	0.7781512503836436	0.7781512503836436
37.09765059989715	0.7781512503836436	0.7781512503836436	0.7781512503836436
37.19790818764914	0.8450980400142568	0.8450980400142568	0.8450980400142568
37.29816577540113	0.8450980400142568	0.8450980400142568	0.8450980400142568
37.39842336315312	0.9030899869919435	0.9030899869919435	0.9030899869919435
37.49868095090511	0.9030899869919435	0.9030899869919435	0.9030899869919435
37.5989385386571	0.9030899869919435	0.9030899869919435	0.9030899869919435
37.6991961264091	0.9030899869919435	0.9030899869919435	0.9030899869919435
37.79945371416109	0.9542425094393249	0.9542425094393249	0.9542425094393249
37.89971130191308	0.9030899869919435	0.9030899869919435	0.9030899869919435
37.99996888966507	0.9030899869919435	0.9030899869919435	0.9030899869919435
38.10022647741706	0.8450980400142568	0.8450980400142568	0.8450980400142568
38.20048406516905	0.8450980400142568	0.8450980400142568	0.8450980400142568
38.30074165292104	0.8450980400142568	0.8450980400142568	0.8450980400142568
38.40099924067304	0.8450980400142568	0.8450980400142568	0.8450980400142568
38.50125682842503	0.8450980400142568	0.8450980400142568	0.8450980400142568
38.60151441617702	0.9542425094393249	0.9542425094393249	0.9542425094393249
38.70177200392901	1.0	1.0	1.0
38.802029591681	1.0	1.0	1.0
38.90228717943299	1.0	1.0	1.0
39.002544767184986	1.0	1.0	1.0
39.102802354936976	1.0413926851582251	1.0413926851582251	1.0413926851582251
39.20305994268897	1.0413926851582251	1.0413926851582251	1.0413926851582251
39.30331753044096	1.0413926851582251	1.0413926851582251	1.0413926851582251
39.40357511819295	1.0413926851582251	1.0413926851582251	1.0413926851582251
39.50383270594494	1.0413926851582251	1.0413926851582251	1.0413926851582251
39.60409029369693	1.0791812460476249	1.0791812460476249	1.0791812460476249
39.704347881448925	1.0791812460476249	1.0791812460476249	1.0791812460476249
39.804605469200915	1.0791812460476249	1.0791812460476249	1.0791812460476249
39.904863056952905	1.0791812460476249	1.0791812460476249	1.0791812460476249
40.005120644704895	1.0413926851582251	1.0413926851582251	1.0413926851582251
40.105378232456886	1.0413926851582251	1.0413926851582251	1.0413926851582251
40.205635820208876	1.0413926851582251	1.0413926851582251	1.0413926851582251
40.305893407960866	1.0791812460476249	1.0791812460476249	1.0791812460476249
40.40615099571286	1.0791812460476249	1.0791812460476249	1.0791812460476249
40.506408583464854	1.0413926851582251	1.0413926851582251	1.0413926851582251
40.606666171216844	1.0413926851582251	1.0413926851582251	1.0413926851582251
40.706923758968834	1.0413926851582251	1.0413926851582251	1.0413926851582251
40.807181346720824	1.0413926851582251	1.0413926851582251	1.0413926851582251
40.907438934472815	1.0413926851582251	1.0413926851582251	1.0413926851582251
41.00769652222481	1.0791812460476249	1.0791812460476249	1.0791812460476249
41.1079541099768	1.0791812460476249	1.0791812460476249	1.0791812460476249
41.20821169772879	1.1139433523068367	1.1139433523068367	1.1139433523068367
41.30846928548078	1.1139433523068367	1.1139433523068367	1.1139433523068367
41.40872687323277	1.1139433523068367	1.1139433523068367	1.1139433523068367
41.50898446098476	1.1139433523068367	1.1139433523068367	1.1139433523068367
41.60924204873675	1.1139433523068367	1.1139433523068367	1.1139433523068367
41.70949963648875	1.1139433523068367	1.1139433523068367	1.1139433523068367
41.80975722424074	1.1139433523068367	1.1139433523068367	1.1139433523068367
41.91001481199273	1.0791812460476249	1.0791812460476249	1.0791812460476249
42.01027239974472	1.0791812460476249	1.0791812460476249	1.0791812460476249
42.11052998749671	1.0791812460476249	1.0791812460476249	1.0791812460476249
42.2107875752487	1.0791812460476249	1.0791812460476249	1.0791812460476249
42.31104516300069	1.0791812460476249	1.0791812460476249	1.0791812460476249
42.41130275075269	1.0413926851582251	1.0413926851582251	1.0413926851582251
42.51156033850468	1.0	1.0	1.0
42.61181792625667	1.0413926851582251	1.0413926851582251	1.0413926851582251
42.71207551400866	1.0413926851582251	1.0413926851582251	1.0413926851582251
42.81233310176065	1.0413926851582251	1.0413926851582251	1.0413926851582251
42.91259068951264	1.0413926851582251	1.0413926851582251	1.0413926851582251
43.01284827726464	1.0413926851582251	1.0413926851582251	1.0413926851582251
43.11310586501663	1.0413926851582251	1.0413926851582251	1.0413926851582251
43.21336345276862	1.0413926851582251	1.0413926851582251	1.0413926851582251
43.31362104052061	1.0413926851582251	1.0413926851582251	1.0413926851582251
43.4138786282726	1.0413926851582251	1.0413926851582251	1.0413926851582251
43.51413621602459	1.0791812460476249	1.0791812460476249	1.0791812460476249
43.61439380377658	1.0791812460476249	1.0791812460476249	1.0791812460476249
43.71465139152858	1.0791812460476249	1.0791812460476249	1.0791812460476249
43.81490897928057	1.0791812460476249	1.0791812460476249	1.0791812460476249
43.91516656703256	1.0	1.0	1.0
44.01542415478455	1.0	1.0	1.0
44.11568174253654	1.0	1.0	1.0
44.21593933028853	1.0	1.0	1.0
44.31619691804052	1.0	1.0	1.0
44.416454505792515	1.0	1.0	1.0
44.516712093544506	1.0	1.0	1.0
44.616969681296496	1.0	1.0	1.0
44.717227269048486	1.0	1.0	1.0
44.817484856800476	0.9542425094393249	0.9542425094393249	0.9542425094393249
44.91774244455247	0.9542425094393249	0.9542425094393249	0.9542425094393249
45.018000032304464	0.9030899869919435	0.9030899869919435	0.9030899869919435
45.118257620056454	0.9030899869919435	0.9030899869919435	0.9030899869919435
45.218515207808444	0.9030899869919435	0.9030899869919435	0.9030899869919435
45.318772795560434	0.9030899869919435	0.9030899869919435	0.9030899869919435
45.419030383312425	0.8450980400142568	0.8450980400142568	0.8450980400142568
45.519287971064415	0.8450980400142568	0.8450980400142568	0.8450980400142568
45.619545558816405	0.8450980400142568	0.8450980400142568	0.8450980400142568
45.7198031465684	0.8450980400142568	0.8450980400142568	0.8450980400142568
45.82006073432039	0.8450980400142568	0.8450980400142568	0.8450980400142568
45.92031832207238	0.8450980400142568	0.8450980400142568	0.8450980400142568
46.02057590982437	0.8450980400142568	0.8450980400142568	0.8450980400142568
46.12083349757636	0.8450980400142568	0.8450980400142568	0.8450980400142568
46.221091085328354	0.8450980400142568	0.8450980400142568	0.8450980400142568
46.321348673080344	0.8450980400142568	0.8450980400142568	0.8450980400142568
46.42160626083234	0.7781512503836436	0.7781512503836436	0.7781512503836436
46.52186384858433	0.8450980400142568	0.8450980400142568	0.8450980400142568
46.62212143633632	0.8450980400142568	0.8450980400142568	0.8450980400142568
46.72237902408831	0.8450980400142568	0.8450980400142568	0.8450980400142568
46.8226366118403	0.8450980400142568	0.8450980400142568	0.8450980400142568
46.92289419959229	0.9030899869919435	0.9030899869919435	0.9030899869919435
47.02315178734429	0.9030899869919435	0.9030899869919435	0.9030899869919435
47.12340937509628	0.9030899869919435	0.9030899869919435	0.9030899869919435
47.22366696284827	0.9030899869919435	0.9030899869919435	0.9030899869919435
47.32392455060026	0.9030899869919435	0.9030899869919435	0.9030899869919435
47.42418213835225	0.9030899869919435	0.9030899869919435	0.9030899869919435
47.52443972610424	0.9030899869919435	0.9030899869919435	0.9030899869919435
47.62469731385623	0.9030899869919435	0.9030899869919435	0.9030899869919435
47.72495490160823	0.9030899869919435	0.9030899869919435	0.9030899869919435
47.82521248936022	0.8450980400142568	0.8450980400142568	0.8450980400142568
47.92547007711221	0.7781512503836436	0.7781512503836436	0.7781512503836436
48.0257276648642	0.7781512503836436	0.7781512503836436	0.7781512503836436
48.12598525261619	0.7781512503836436	0.7781512503836436	0.7781512503836436
48.22624284036818	0.7781512503836436	0.7781512503836436	0.7781512503836436
48.32650042812017	0.6989700043360189	0.6989700043360189	0.6989700043360189
48.42675801587217	0.6989700043360189	0.6989700043360189	0.6989700043360189
48.52701560362416	0.6989700043360189	0.6989700043360189	0.6989700043360189
48.62727319137615	0.6989700043360189	0.6989700043360189	0.6989700043360189
48.72753077912814	0.6989700043360189	0.6989700043360189	0.6989700043360189
48.82778836688013	0.6989700043360189	0.6989700043360189	0.6989700043360189
48.92804595463212	0.6989700043360189	0.6989700043360189	0.6989700043360189
49.028303542384116	0.6989700043360189	0.6989700043360189	0.6989700043360189
49.128561130136106	0.6989700043360189	0.6989700043360189	0.6989700043360189
49.228818717888096	0.6989700043360189	0.6989700043360189	0.6989700043360189
49.329076305640086	0.6989700043360189	0.6989700043360189	0.6989700043360189
49.42933389339208	0.6989700043360189	0.6989700043360189	0.6989700043360189
49.52959148114407	0.6989700043360189	0.6989700043360189	0.6989700043360189
49.62984906889606	0.6989700043360189	0.6989700043360189	0.6989700043360189
49.730106656648054	0.6989700043360189	0.6989700043360189	0.6989700043360189
49.830364244400045	0.6989700043360189	0.6989700043360189	0.6989700043360189
49.930621832152035	0.6989700043360189	0.6989700043360189	0.6989700043360189
50.030879419904025	0.6989700043360189	0.6989700043360189	0.6989700043360189
50.131137007656015	0.6989700043360189	0.6989700043360189	0.6989700043360189
50.231394595408005	0.6989700043360189	0.6989700043360189	0.6989700043360189
50.331652183159996	0.6989700043360189	0.6989700043360189	0.6989700043360189
50.43190977091199	0.6989700043360189	0.6989700043360189	0.6989700043360189
50.53216735866398	0.6989700043360189	0.6989700043360189	0.6989700043360189
50.63242494641597	0.6989700043360189	0.6989700043360189	0.6989700043360189
50.732682534167964	0.6989700043360189	0.6989700043360189	0.6989700043360189
50.832940121919954	0.6989700043360189	0.6989700043360189	0.6989700043360189
50.933197709671944	0.6989700043360189	0.6989700043360189	0.6989700043360189
51.03345529742394	0.6989700043360189	0.6989700043360189	0.6989700043360189
51.13371288517593	0.7781512503836436	0.7781512503836436	0.7781512503836436
51.23397047292792	0.8450980400142568	0.8450980400142568	0.8450980400142568
51.33422806067991	0.8450980400142568	0.8450980400142568	0.8450980400142568
51.4344856484319	0.8450980400142568	0.8450980400142568	0.8450980400142568
51.53474323618389	0.8450980400142568	0.8450980400142568	0.8450980400142568
51.63500082393588	0.9542425094393249	0.9542425094393249	0.9542425094393249
51.73525841168788	0.9030899869919435	0.9030899869919435	0.9030899869919435
51.83551599943987	0.9030899869919435	0.9030899869919435	0.9030899869919435
51.93577358719186	0.9030899869919435	0.9030899869919435	0.9030899869919435
52.03603117494385	0.9030899869919435	0.9030899869919435	0.9030899869919435
52.13628876269584	0.9030899869919435	0.9030899869919435	0.9030899869919435
52.23654635044783	0.9542425094393249	0.9542425094393249	0.9542425094393249
52.33680393819983	0.9542425094393249	0.9542425094393249	0.9542425094393249
52.43706152595182	0.8450980400142568	0.8450980400142568	0.8450980400142568
52.53731911370381	0.9030899869919435	0.9030899869919435	0.9030899869919435
52.6375767014558	0.9030899869919435	0.9030899869919435	0.9030899869919435
52.73783428920779	0.8450980400142568	0.8450980400142568	0.8450980400142568
52.83809187695978	0.7781512503836436	0.7781512503836436	0.7781512503836436
52.93834946471177	0.7781512503836436	0.7781512503836436	0.7781512503836436
53.03860705246377	0.7781512503836436	0.7781512503836436	0.7781512503836436
53.13886464021576	0.7781512503836436	0.7781512503836436	0.7781512503836436
53.23912222796775	0.7781512503836436	0.7781512503836436	0.7781512503836436
53.33937981571974	0.7781512503836436	0.7781512503836436	0.7781512503836436
53.43963740347173	0.6989700043360189	0.6989700043360189	0.6989700043360189
53.53989499122372	0.6989700043360189	0.6989700043360189	0.6989700043360189
53.64015257897571	0.6020599913279624	0.6020599913279624	0.6020599913279624
53.740410166727706	0.6020599913279624	0.6020599913279624	0.6020599913279624
53.840667754479696	0.6020599913279624	0.6020599913279624	0.6020599913279624
53.94092534223169	0.6020599913279624	0.6020599913279624	0.6020599913279624
54.04118292998368	0.6020599913279624	0.6020599913279624	0.6020599913279624
54.14144051773567	0.47712125471966244	0.47712125471966244	0.47712125471966244
54.24169810548766	0.47712125471966244	0.47712125471966244	0.47712125471966244
54.341955693239655	0.47712125471966244	0.47712125471966244	0.47712125471966244
54.442213280991645	0.47712125471966244	0.47712125471966244	0.47712125471966244
54.542470868743635	0.47712125471966244	0.47712125471966244	0.47712125471966244
54.642728456495625	0.3010299956639812	0.3010299956639812	0.3010299956639812
54.742986044247615	0.3010299956639812	0.3010299956639812	0.3010299956639812
54.843243631999606	0.3010299956639812	0.3010299956639812	0.3010299956639812
54.943501219751596	0.0	0.0	0.0
55.04375880750359	0.0	0.0	0.0
55.14401639525558	0.0	0.0	0.0
55.244273983007574	0.0	0.0	0.0
55.344531570759564	-inf	-inf	-inf
55.444789158511554	-inf	-inf	-inf
55.545046746263544	-inf	-inf	-inf
55.645304334015535	-inf	-inf	-inf
55.74556192176753	-inf	-inf	-inf
55.84581950951952	-inf	-inf	-inf
55.94607709727151	-inf	-inf	-inf
56.0463346850235	-inf	-inf	-inf
56.14659227277549	-inf	-inf	-inf
56.24684986052748	-inf	-inf	-inf
56.34710744827948	-inf	-inf	-inf
56.44736503603147	-inf	-inf	-inf
56.54762262378346	-inf	-inf	-inf
56.64788021153545	-inf	-inf	-inf
56.74813779928744	-inf	-inf	-inf
56.84839538703943	-inf	-inf	-inf
56.94865297479142	-inf	-inf	-inf
57.04891056254342	-inf	-inf	-inf
57.14916815029541	-inf	-inf	-inf
57.2494257380474	-inf	-inf	-inf
57.34968332579939	-inf	-inf	-inf
57.44994091355138	-inf	-inf	-inf
57.55019850130337	-inf	-inf	-inf
57.65045608905536	-inf	-inf	-inf
57.75071367680736	-inf	-inf	-inf
57.85097126455935	-inf	-inf	-inf
57.95122885231134	-inf	-inf	-inf
58.05148644006333	-inf	-inf	-inf
58.15174402781532	-inf	-inf	-inf
58.25200161556731	-inf	-inf	-inf
58.352259203319306	-inf	-inf	-inf
58.4525167910713	-inf	-inf	-inf
58.55277437882329	-inf	-inf	-inf
58.65303196657528	-inf	-inf	-inf
58.75328955432727	-inf	-inf	-inf
58.85354714207926	-inf	-inf	-inf
58.95380472983125	-inf	-inf	-inf
59.054062317583245	-inf	-inf	-inf
59.154319905335235	-inf	-inf	-inf
59.254577493087226	-inf	-inf	-inf
59.354835080839216	-inf	-inf	-inf
59.455092668591206	-inf	-inf	-inf
59.555350256343196	-inf	-inf	-inf
59.65560784409519	-inf	-inf	-inf
59.755865431847184	-inf	-inf	-inf
59.856123019599174	-inf	-inf	-inf
59.956380607351164	-inf	-inf	-inf
60.056638195103154	-inf	-inf	-inf
60.156895782855145	-inf	-inf	-inf
60.257153370607135	-inf	-inf	-inf
60.35741095835913	-inf	-inf	-inf
60.45766854611112	-inf	-inf	-inf
60.55792613386311	-inf	-inf	-inf
60.6581837216151	-inf	-inf	-inf
60.75844130936709	-inf	-inf	-inf
60.85869889711908	-inf	-inf	-inf
60.958956484871074	-inf	-inf	-inf
61.05921407262307	-inf	-inf	-inf
61.15947166037506	-inf	-inf	-inf
61.25972924812705	-inf	-inf	-inf
61.35998683587904	-inf	-inf	-inf
61.46024442363103	0.0	0.0	0.0
61.56050201138302	0.0	0.0	0.0
61.66075959913501	0.0	0.0	0.0
61.76101718688701	0.0	0.0	0.0
61.861274774639	0.0	0.0	0.0
61.96153236239099	0.0	0.0	0.0
62.06178995014298	0.3010299956639812	0.3010299956639812	0.3010299956639812
62.16204753789497	0.3010299956639812	0.3010299956639812	0.3010299956639812
62.26230512564696	0.3010299956639812	0.3010299956639812	0.3010299956639812
62.36256271339896	0.3010299956639812	0.3010299956639812	0.3010299956639812
62.46282030115095	0.3010299956639812	0.3010299956639812	0.3010299956639812
62.56307788890294	0.3010299956639812	0.3010299956639812	0.3010299956639812
62.66333547665493	0.3010299956639812	0.3010299956639812	0.3010299956639812
62.76359306440692	0.3010299956639812	0.3010299956639812	0.3010299956639812
62.86385065215891	0.3010299956639812	0.3010299956639812	0.3010299956639812
62.9641082399109	0.3010299956639812	0.3010299956639812	0.3010299956639812
63.0643658276629	0.3010299956639812	0.3010299956639812	0.3010299956639812
63.16462341541489	0.47712125471966244	0.47712125471966244	0.47712125471966244
63.26488100316688	0.6020599913279624	0.6020599913279624	0.6020599913279624
63.36513859091887	0.6020599913279624	0.6020599913279624	0.6020599913279624
63.46539617867086	0.6020599913279624	0.6020599913279624	0.6020599913279624
63.56565376642285	0.6020599913279624	0.6020599913279624	0.6020599913279624
63.66591135417484	0.6020599913279624	0.6020599913279624	0.6020599913279624
63.766168941926836	0.6020599913279624	0.6020599913279624	0.6020599913279624
63.866426529678826	0.6989700043360189	0.6989700043360189	0.6989700043360189
63.966684117430816	0.6020599913279624	0.6020599913279624	0.6020599913279624
64.06694170518281	0.47712125471966244	0.47712125471966244	0.47712125471966244
64.1671992929348	0.47712125471966244	0.47712125471966244	0.47712125471966244
64.2674568806868	0.47712125471966244	0.47712125471966244	0.47712125471966244
64.36771446843878	0.47712125471966244	0.47712125471966244	0.47712125471966244
64.46797205619077	0.47712125471966244	0.47712125471966244	0.47712125471966244
64.56822964394276	0.47712125471966244	0.47712125471966244	0.47712125471966244
64.66848723169475	0.3010299956639812	0.3010299956639812	0.3010299956639812
