time	diversity	m_div	M_div
0.01966927260226882	0.0	0.0	0.0
0.11986289746069649	0.3010299956639812	0.3010299956639812	0.3010299956639812
0.22005652231912415	0.3010299956639812	0.3010299956639812	0.3010299956639812
0.32025014717755185	0.3010299956639812	0.3010299956639812	0.3010299956639812
0.4204437720359795	0.47712125471966244	0.47712125471966244	0.47712125471966244
0.5206373968944071	0.6020599913279624	0.6020599913279624	0.6020599913279624
0.6208310217528349	0.6020599913279624	0.6020599913279624	0.6020599913279624
0.7210246466112625	0.6989700043360189	0.6989700043360189	0.6989700043360189
0.8212182714696902	0.6989700043360189	0.6989700043360189	0.6989700043360189
0.9214118963281178	0.7781512503836436	0.7781512503836436	0.7781512503836436
1.0216055211865456	0.8450980400142568	0.8450980400142568	0.8450980400142568
1.1217991460449732	0.8450980400142568	0.8450980400142568	0.8450980400142568
1.221992770903401	0.8450980400142568	0.8450980400142568	0.8450980400142568
1.3221863957618287	0.9030899869919435	0.9030899869919435	0.9030899869919435
1.4223800206202564	0.8450980400142568	0.8450980400142568	0.8450980400142568
1.522573645478684	0.8450980400142568	0.8450980400142568	0.8450980400142568
1.6227672703371117	0.8450980400142568	0.8450980400142568	0.8450980400142568
1.7229608951955393	0.8450980400142568	0.8450980400142568	0.8450980400142568
1.823154520053967	0.8450980400142568	0.8450980400142568	0.8450980400142568
1.9233481449123946	0.9030899869919435	0.9030899869919435	0.9030899869919435
2.023541769770822	0.9030899869919435	0.9030899869919435	0.9030899869919435
2.1237353946292497	0.9030899869919435	0.9030899869919435	0.9030899869919435
2.2239290194876773	0.9030899869919435	0.9030899869919435	0.9030899869919435
2.324122644346105	0.9030899869919435	0.9030899869919435	0.9030899869919435
2.424316269204533	0.9030899869919435	0.9030899869919435	0.9030899869919435
2.5245098940629607	0.9542425094393249	0.9542425094393249	0.9542425094393249
2.6247035189213883	1.0	1.0	1.0
2.724897143779816	1.0	1.0	1.0
2.8250907686382436	0.9542425094393249	0.9542425094393249	0.9542425094393249
2.9252843934966712	0.9542425094393249	0.9542425094393249	0.9542425094393249
3.025478018355099	0.9542425094393249	0.9542425094393249	0.9542425094393249
3.1256716432135265	1.0	1.0	1.0
3.225865268071954	1.0	1.0	1.0
3.326058892930382	1.0	1.0	1.0
3.4262525177888095	0.9542425094393249	0.9542425094393249	0.9542425094393249
3.526446142647237	1.0413926851582251	1.0413926851582251	1.0413926851582251
3.6266397675056647	1.0791812460476249	1.0791812460476249	1.0791812460476249
3.7268333923640924	1.1760912590556813	1.1760912590556813	1.1760912590556813
3.82702701722252	1.1760912590556813	1.1760912590556813	1.1760912590556813
3.9272206420809477	1.1760912590556813	1.1760912590556813	1.1760912590556813
4.027414266939376	1.1760912590556813	1.1760912590556813	1.1760912590556813
4.127607891797804	1.1760912590556813	1.1760912590556813	1.1760912590556813
4.227801516656231	1.1760912590556813	1.1760912590556813	1.1760912590556813
4.327995141514659	1.2041199826559248	1.2041199826559248	1.2041199826559248
4.428188766373086	1.2041199826559248	1.2041199826559248	1.2041199826559248
4.528382391231514	1.2304489213782739	1.2304489213782739	1.2304489213782739
4.628576016089942	1.2304489213782739	1.2304489213782739	1.2304489213782739
4.72876964094837	1.2304489213782739	1.2304489213782739	1.2304489213782739
4.828963265806798	1.2304489213782739	1.2304489213782739	1.2304489213782739
4.929156890665225	1.2304489213782739	1.2304489213782739	1.2304489213782739
5.029350515523653	1.2041199826559248	1.2041199826559248	1.2041199826559248
5.12954414038208	1.2041199826559248	1.2041199826559248	1.2041199826559248
5.229737765240508	1.1760912590556813	1.1760912590556813	1.1760912590556813
5.329931390098936	1.1760912590556813	1.1760912590556813	1.1760912590556813
5.430125014957364	1.1760912590556813	1.1760912590556813	1.1760912590556813
5.530318639815791	1.1760912590556813	1.1760912590556813	1.1760912590556813
5.630512264674219	1.1760912590556813	1.1760912590556813	1.1760912590556813
5.730705889532646	1.146128035678238	1.146128035678238	1.146128035678238
5.830899514391074	1.146128035678238	1.146128035678238	1.146128035678238
5.931093139249501	1.2041199826559248	1.2041199826559248	1.2041199826559248
6.0312867641079295	1.2041199826559248	1.2041199826559248	1.2041199826559248
6.131480388966357	1.2041199826559248	1.2041199826559248	1.2041199826559248
6.231674013824785	1.2041199826559248	1.2041199826559248	1.2041199826559248
6.331867638683212	1.2304489213782739	1.2304489213782739	1.2304489213782739
6.43206126354164	1.2304489213782739	1.2304489213782739	1.2304489213782739
6.532254888400068	1.2304489213782739	1.2304489213782739	1.2304489213782739
6.632448513258495	1.2304489213782739	1.2304489213782739	1.2304489213782739
6.7326421381169235	1.3010299956639813	1.3010299956639813	1.3010299956639813
6.832835762975351	1.3010299956639813	1.3010299956639813	1.3010299956639813
6.933029387833779	1.3424226808222062	1.3424226808222062	1.3424226808222062
7.033223012692206	1.3424226808222062	1.3424226808222062	1.3424226808222062
7.133416637550634	1.3424226808222062	1.3424226808222062	1.3424226808222062
7.233610262409061	1.3617278360175928	1.3617278360175928	1.3617278360175928
7.333803887267489	1.3424226808222062	1.3424226808222062	1.3424226808222062
7.4339975121259165	1.3802112417116061	1.3802112417116061	1.3802112417116061
7.534191136984345	1.3802112417116061	1.3802112417116061	1.3802112417116061
7.634384761842772	1.3802112417116061	1.3802112417116061	1.3802112417116061
7.7345783867012	1.3802112417116061	1.3802112417116061	1.3802112417116061
7.834772011559627	1.3979400086720377	1.3979400086720377	1.3979400086720377
7.934965636418055	1.3979400086720377	1.3979400086720377	1.3979400086720377
8.035159261276482	1.462397997898956	1.462397997898956	1.462397997898956
8.13535288613491	1.462397997898956	1.462397997898956	1.462397997898956
8.235546510993338	1.462397997898956	1.462397997898956	1.462397997898956
8.335740135851765	1.5185139398778875	1.5185139398778875	1.5185139398778875
8.435933760710192	1.5185139398778875	1.5185139398778875	1.5185139398778875
8.536127385568621	1.505149978319906	1.505149978319906	1.505149978319906
8.636321010427048	1.5185139398778875	1.5185139398778875	1.5185139398778875
8.736514635285475	1.4913616938342726	1.4913616938342726	1.4913616938342726
8.836708260143903	1.505149978319906	1.505149978319906	1.505149978319906
8.936901885002332	1.5314789170422551	1.5314789170422551	1.5314789170422551
9.037095509860759	1.5314789170422551	1.5314789170422551	1.5314789170422551
9.137289134719186	1.5314789170422551	1.5314789170422551	1.5314789170422551
9.237482759577613	1.5314789170422551	1.5314789170422551	1.5314789170422551
9.337676384436042	1.505149978319906	1.505149978319906	1.505149978319906
9.43787000929447	1.5185139398778875	1.5185139398778875	1.5185139398778875
9.538063634152897	1.4913616938342726	1.4913616938342726	1.4913616938342726
9.638257259011326	1.462397997898956	1.462397997898956	1.462397997898956
9.738450883869753	1.4313637641589874	1.4313637641589874	1.4313637641589874
9.83864450872818	1.3979400086720377	1.3979400086720377	1.3979400086720377
9.938838133586607	1.3979400086720377	1.3979400086720377	1.3979400086720377
10.039031758445036	1.3979400086720377	1.3979400086720377	1.3979400086720377
10.139225383303463	1.3802112417116061	1.3802112417116061	1.3802112417116061
10.23941900816189	1.3802112417116061	1.3802112417116061	1.3802112417116061
10.339612633020318	1.3617278360175928	1.3617278360175928	1.3617278360175928
10.439806257878747	1.3424226808222062	1.3424226808222062	1.3424226808222062
10.539999882737174	1.3222192947339193	1.3222192947339193	1.3222192947339193
10.640193507595601	1.3010299956639813	1.3010299956639813	1.3010299956639813
10.740387132454028	1.3010299956639813	1.3010299956639813	1.3010299956639813
10.840580757312457	1.3010299956639813	1.3010299956639813	1.3010299956639813
10.940774382170884	1.3010299956639813	1.3010299956639813	1.3010299956639813
11.040968007029312	1.255272505103306	1.255272505103306	1.255272505103306
11.141161631887739	1.2304489213782739	1.2304489213782739	1.2304489213782739
11.241355256746168	1.2041199826559248	1.2041199826559248	1.2041199826559248
11.341548881604595	1.2041199826559248	1.2041199826559248	1.2041199826559248
11.441742506463022	1.2041199826559248	1.2041199826559248	1.2041199826559248
11.541936131321451	1.2041199826559248	1.2041199826559248	1.2041199826559248
11.642129756179878	1.2041199826559248	1.2041199826559248	1.2041199826559248
11.742323381038306	1.2304489213782739	1.2304489213782739	1.2304489213782739
11.842517005896733	1.1760912590556813	1.1760912590556813	1.1760912590556813
11.942710630755162	1.1760912590556813	1.1760912590556813	1.1760912590556813
12.042904255613589	1.1760912590556813	1.1760912590556813	1.1760912590556813
12.143097880472016	1.2041199826559248	1.2041199826559248	1.2041199826559248
12.243291505330443	1.2041199826559248	1.2041199826559248	1.2041199826559248
12.343485130188872	1.2041199826559248	1.2041199826559248	1.2041199826559248
12.4436787550473	1.2041199826559248	1.2041199826559248	1.2041199826559248
12.543872379905727	1.2041199826559248	1.2041199826559248	1.2041199826559248
12.644066004764154	1.2041199826559248	1.2041199826559248	1.2041199826559248
12.744259629622583	1.2304489213782739	1.2304489213782739	1.2304489213782739
12.84445325448101	1.2304489213782739	1.2304489213782739	1.2304489213782739
12.944646879339437	1.2304489213782739	1.2304489213782739	1.2304489213782739
13.044840504197866	1.2304489213782739	1.2304489213782739	1.2304489213782739
13.145034129056294	1.255272505103306	1.255272505103306	1.255272505103306
13.24522775391472	1.255272505103306	1.255272505103306	1.255272505103306
13.345421378773148	1.255272505103306	1.255272505103306	1.255272505103306
13.445615003631577	1.255272505103306	1.255272505103306	1.255272505103306
13.545808628490004	1.255272505103306	1.255272505103306	1.255272505103306
13.646002253348431	1.255272505103306	1.255272505103306	1.255272505103306
13.746195878206859	1.255272505103306	1.255272505103306	1.255272505103306
13.846389503065287	1.255272505103306	1.255272505103306	1.255272505103306
13.946583127923715	1.2787536009528289	1.2787536009528289	1.2787536009528289
14.046776752782142	1.3010299956639813	1.3010299956639813	1.3010299956639813
14.146970377640569	1.3222192947339193	1.3222192947339193	1.3222192947339193
14.247164002498998	1.3222192947339193	1.3222192947339193	1.3222192947339193
14.347357627357425	1.3222192947339193	1.3222192947339193	1.3222192947339193
14.447551252215852	1.3222192947339193	1.3222192947339193	1.3222192947339193
14.547744877074281	1.3222192947339193	1.3222192947339193	1.3222192947339193
14.647938501932709	1.3222192947339193	1.3222192947339193	1.3222192947339193
14.748132126791136	1.3222192947339193	1.3222192947339193	1.3222192947339193
14.848325751649563	1.3010299956639813	1.3010299956639813	1.3010299956639813
14.948519376507992	1.3010299956639813	1.3010299956639813	1.3010299956639813
15.04871300136642	1.2787536009528289	1.2787536009528289	1.2787536009528289
15.148906626224846	1.2787536009528289	1.2787536009528289	1.2787536009528289
15.249100251083274	1.2787536009528289	1.2787536009528289	1.2787536009528289
15.349293875941703	1.2787536009528289	1.2787536009528289	1.2787536009528289
15.44948750080013	1.2787536009528289	1.2787536009528289	1.2787536009528289
15.549681125658557	1.255272505103306	1.255272505103306	1.255272505103306
15.649874750516984	1.255272505103306	1.255272505103306	1.255272505103306
15.750068375375413	1.255272505103306	1.255272505103306	1.255272505103306
15.85026200023384	1.255272505103306	1.255272505103306	1.255272505103306
15.950455625092268	1.2787536009528289	1.2787536009528289	1.2787536009528289
16.050649249950695	1.2787536009528289	1.2787536009528289	1.2787536009528289
16.150842874809122	1.3010299956639813	1.3010299956639813	1.3010299956639813
16.251036499667553	1.2787536009528289	1.2787536009528289	1.2787536009528289
16.35123012452598	1.3010299956639813	1.3010299956639813	1.3010299956639813
16.451423749384407	1.3222192947339193	1.3222192947339193	1.3222192947339193
16.551617374242834	1.3010299956639813	1.3010299956639813	1.3010299956639813
16.65181099910126	1.3010299956639813	1.3010299956639813	1.3010299956639813
16.75200462395969	1.3010299956639813	1.3010299956639813	1.3010299956639813
16.852198248818116	1.2787536009528289	1.2787536009528289	1.2787536009528289
16.952391873676543	1.2787536009528289	1.2787536009528289	1.2787536009528289
17.052585498534974	1.2787536009528289	1.2787536009528289	1.2787536009528289
17.1527791233934	1.2787536009528289	1.2787536009528289	1.2787536009528289
17.25297274825183	1.2787536009528289	1.2787536009528289	1.2787536009528289
17.353166373110255	1.3010299956639813	1.3010299956639813	1.3010299956639813
17.453359997968683	1.3010299956639813	1.3010299956639813	1.3010299956639813
17.55355362282711	1.3010299956639813	1.3010299956639813	1.3010299956639813
17.653747247685537	1.3222192947339193	1.3222192947339193	1.3222192947339193
17.753940872543968	1.3010299956639813	1.3010299956639813	1.3010299956639813
17.854134497402395	1.3010299956639813	1.3010299956639813	1.3010299956639813
17.954328122260822	1.3222192947339193	1.3222192947339193	1.3222192947339193
18.05452174711925	1.3222192947339193	1.3222192947339193	1.3222192947339193
18.154715371977677	1.3222192947339193	1.3222192947339193	1.3222192947339193
18.254908996836104	1.3424226808222062	1.3424226808222062	1.3424226808222062
18.35510262169453	1.3424226808222062	1.3424226808222062	1.3424226808222062
18.455296246552958	1.3222192947339193	1.3222192947339193	1.3222192947339193
18.55548987141139	1.3222192947339193	1.3222192947339193	1.3222192947339193
18.655683496269816	1.3424226808222062	1.3424226808222062	1.3424226808222062
18.755877121128243	1.3424226808222062	1.3424226808222062	1.3424226808222062
18.85607074598667	1.3424226808222062	1.3424226808222062	1.3424226808222062
18.956264370845098	1.3424226808222062	1.3424226808222062	1.3424226808222062
19.056457995703525	1.3424226808222062	1.3424226808222062	1.3424226808222062
19.156651620561952	1.3424226808222062	1.3424226808222062	1.3424226808222062
19.256845245420383	1.3222192947339193	1.3222192947339193	1.3222192947339193
19.35703887027881	1.3424226808222062	1.3424226808222062	1.3424226808222062
19.457232495137237	1.3424226808222062	1.3424226808222062	1.3424226808222062
19.557426119995664	1.3424226808222062	1.3424226808222062	1.3424226808222062
19.65761974485409	1.3424226808222062	1.3424226808222062	1.3424226808222062
19.75781336971252	1.3222192947339193	1.3222192947339193	1.3222192947339193
19.858006994570946	1.3010299956639813	1.3010299956639813	1.3010299956639813
19.958200619429373	1.3010299956639813	1.3010299956639813	1.3010299956639813
20.058394244287804	1.3010299956639813	1.3010299956639813	1.3010299956639813
20.15858786914623	1.2787536009528289	1.2787536009528289	1.2787536009528289
20.25878149400466	1.2787536009528289	1.2787536009528289	1.2787536009528289
20.358975118863086	1.2787536009528289	1.2787536009528289	1.2787536009528289
20.459168743721513	1.2787536009528289	1.2787536009528289	1.2787536009528289
20.55936236857994	1.2787536009528289	1.2787536009528289	1.2787536009528289
20.659555993438367	1.2787536009528289	1.2787536009528289	1.2787536009528289
20.759749618296794	1.2787536009528289	1.2787536009528289	1.2787536009528289
20.859943243155225	1.2787536009528289	1.2787536009528289	1.2787536009528289
20.960136868013652	1.2787536009528289	1.2787536009528289	1.2787536009528289
21.06033049287208	1.2787536009528289	1.2787536009528289	1.2787536009528289
21.160524117730507	1.2787536009528289	1.2787536009528289	1.2787536009528289
21.260717742588934	1.2787536009528289	1.2787536009528289	1.2787536009528289
21.36091136744736	1.2787536009528289	1.2787536009528289	1.2787536009528289
21.46110499230579	1.2787536009528289	1.2787536009528289	1.2787536009528289
21.56129861716422	1.2787536009528289	1.2787536009528289	1.2787536009528289
21.661492242022646	1.255272505103306	1.255272505103306	1.255272505103306
21.761685866881074	1.255272505103306	1.255272505103306	1.255272505103306
21.8618794917395	1.255272505103306	1.255272505103306	1.255272505103306
21.962073116597928	1.255272505103306	1.255272505103306	1.255272505103306
22.062266741456355	1.255272505103306	1.255272505103306	1.255272505103306
22.162460366314782	1.255272505103306	1.255272505103306	1.255272505103306
22.26265399117321	1.255272505103306	1.255272505103306	1.255272505103306
22.36284761603164	1.255272505103306	1.255272505103306	1.255272505103306
22.463041240890067	1.2304489213782739	1.2304489213782739	1.2304489213782739
22.563234865748495	1.2304489213782739	1.2304489213782739	1.2304489213782739
22.663428490606922	1.2304489213782739	1.2304489213782739	1.2304489213782739
22.76362211546535	1.2041199826559248	1.2041199826559248	1.2041199826559248
22.863815740323776	1.2041199826559248	1.2041199826559248	1.2041199826559248
22.964009365182203	1.2041199826559248	1.2041199826559248	1.2041199826559248
23.064202990040634	1.2787536009528289	1.2787536009528289	1.2787536009528289
23.16439661489906	1.3222192947339193	1.3222192947339193	1.3222192947339193
23.26459023975749	1.3424226808222062	1.3424226808222062	1.3424226808222062
23.364783864615916	1.3617278360175928	1.3617278360175928	1.3617278360175928
23.464977489474343	1.414973347970818	1.414973347970818	1.414973347970818
23.56517111433277	1.4313637641589874	1.4313637641589874	1.4313637641589874
23.665364739191197	1.4471580313422192	1.4471580313422192	1.4471580313422192
23.765558364049625	1.4471580313422192	1.4471580313422192	1.4471580313422192
23.865751988908055	1.462397997898956	1.462397997898956	1.462397997898956
23.965945613766483	1.4771212547196624	1.4771212547196624	1.4771212547196624
24.06613923862491	1.4913616938342726	1.4913616938342726	1.4913616938342726
24.166332863483337	1.505149978319906	1.505149978319906	1.505149978319906
24.266526488341764	1.5185139398778875	1.5185139398778875	1.5185139398778875
24.36672011320019	1.5314789170422551	1.5314789170422551	1.5314789170422551
24.46691373805862	1.5314789170422551	1.5314789170422551	1.5314789170422551
24.56710736291705	1.5314789170422551	1.5314789170422551	1.5314789170422551
24.667300987775477	1.5563025007672873	1.5563025007672873	1.5563025007672873
24.767494612633904	1.5563025007672873	1.5563025007672873	1.5563025007672873
24.86768823749233	1.5563025007672873	1.5563025007672873	1.5563025007672873
24.967881862350758	1.568201724066995	1.568201724066995	1.568201724066995
25.068075487209185	1.5797835966168101	1.5797835966168101	1.5797835966168101
25.168269112067613	1.6020599913279625	1.6020599913279625	1.6020599913279625
25.26846273692604	1.6127838567197355	1.6127838567197355	1.6127838567197355
25.36865636178447	1.6127838567197355	1.6127838567197355	1.6127838567197355
25.468849986642898	1.6232492903979006	1.6232492903979006	1.6232492903979006
25.569043611501325	1.6232492903979006	1.6232492903979006	1.6232492903979006
25.669237236359752	1.6232492903979006	1.6232492903979006	1.6232492903979006
25.76943086121818	1.6232492903979006	1.6232492903979006	1.6232492903979006
25.869624486076606	1.6020599913279625	1.6020599913279625	1.6020599913279625
25.969818110935034	1.6020599913279625	1.6020599913279625	1.6020599913279625
26.070011735793464	1.5910646070264993	1.5910646070264993	1.5910646070264993
26.17020536065189	1.5910646070264993	1.5910646070264993	1.5910646070264993
26.27039898551032	1.5563025007672873	1.5563025007672873	1.5563025007672873
26.370592610368746	1.5563025007672873	1.5563025007672873	1.5563025007672873
26.470786235227173	1.5440680443502757	1.5440680443502757	1.5440680443502757
26.5709798600856	1.5440680443502757	1.5440680443502757	1.5440680443502757
26.671173484944028	1.5440680443502757	1.5440680443502757	1.5440680443502757
26.771367109802455	1.5440680443502757	1.5440680443502757	1.5440680443502757
26.871560734660886	1.5314789170422551	1.5314789170422551	1.5314789170422551
26.971754359519313	1.5314789170422551	1.5314789170422551	1.5314789170422551
27.07194798437774	1.5314789170422551	1.5314789170422551	1.5314789170422551
27.172141609236167	1.5185139398778875	1.5185139398778875	1.5185139398778875
27.272335234094594	1.5185139398778875	1.5185139398778875	1.5185139398778875
27.37252885895302	1.4913616938342726	1.4913616938342726	1.4913616938342726
27.47272248381145	1.4471580313422192	1.4471580313422192	1.4471580313422192
27.57291610866988	1.3979400086720377	1.3979400086720377	1.3979400086720377
27.673109733528307	1.3802112417116061	1.3802112417116061	1.3802112417116061
27.773303358386734	1.3802112417116061	1.3802112417116061	1.3802112417116061
27.87349698324516	1.3802112417116061	1.3802112417116061	1.3802112417116061
27.97369060810359	1.3617278360175928	1.3617278360175928	1.3617278360175928
28.073884232962016	1.3010299956639813	1.3010299956639813	1.3010299956639813
28.174077857820443	1.2304489213782739	1.2304489213782739	1.2304489213782739
28.27427148267887	1.2304489213782739	1.2304489213782739	1.2304489213782739
28.3744651075373	1.2787536009528289	1.2787536009528289	1.2787536009528289
28.474658732395728	1.2787536009528289	1.2787536009528289	1.2787536009528289
28.574852357254155	1.2787536009528289	1.2787536009528289	1.2787536009528289
28.675045982112582	1.3010299956639813	1.3010299956639813	1.3010299956639813
28.77523960697101	1.3010299956639813	1.3010299956639813	1.3010299956639813
28.875433231829437	1.3010299956639813	1.3010299956639813	1.3010299956639813
28.975626856687864	1.3222192947339193	1.3222192947339193	1.3222192947339193
29.075820481546295	1.3222192947339193	1.3222192947339193	1.3222192947339193
29.176014106404722	1.3424226808222062	1.3424226808222062	1.3424226808222062
29.27620773126315	1.3424226808222062	1.3424226808222062	1.3424226808222062
29.376401356121576	1.3424226808222062	1.3424226808222062	1.3424226808222062
29.476594980980003	1.3802112417116061	1.3802112417116061	1.3802112417116061
29.57678860583843	1.3802112417116061	1.3802112417116061	1.3802112417116061
29.676982230696858	1.3802112417116061	1.3802112417116061	1.3802112417116061
29.777175855555285	1.3802112417116061	1.3802112417116061	1.3802112417116061
29.877369480413716	1.3979400086720377	1.3979400086720377	1.3979400086720377
29.977563105272143	1.414973347970818	1.414973347970818	1.414973347970818
30.07775673013057	1.4313637641589874	1.4313637641589874	1.4313637641589874
30.177950354988997	1.4471580313422192	1.4471580313422192	1.4471580313422192
30.278143979847425	1.4471580313422192	1.4471580313422192	1.4471580313422192
30.37833760470585	1.4471580313422192	1.4471580313422192	1.4471580313422192
30.47853122956428	1.4471580313422192	1.4471580313422192	1.4471580313422192
30.57872485442271	1.462397997898956	1.462397997898956	1.462397997898956
30.678918479281137	1.462397997898956	1.462397997898956	1.462397997898956
30.779112104139564	1.4913616938342726	1.4913616938342726	1.4913616938342726
30.87930572899799	1.4913616938342726	1.4913616938342726	1.4913616938342726
30.97949935385642	1.4913616938342726	1.4913616938342726	1.4913616938342726
31.079692978714846	1.4771212547196624	1.4771212547196624	1.4771212547196624
31.179886603573273	1.4471580313422192	1.4471580313422192	1.4471580313422192
31.2800802284317	1.4313637641589874	1.4313637641589874	1.4313637641589874
31.38027385329013	1.4313637641589874	1.4313637641589874	1.4313637641589874
31.480467478148558	1.414973347970818	1.414973347970818	1.414973347970818
31.580661103006985	1.414973347970818	1.414973347970818	1.414973347970818
31.680854727865412	1.3979400086720377	1.3979400086720377	1.3979400086720377
31.78104835272384	1.3979400086720377	1.3979400086720377	1.3979400086720377
31.881241977582267	1.3617278360175928	1.3617278360175928	1.3617278360175928
31.981435602440694	1.3617278360175928	1.3617278360175928	1.3617278360175928
32.081629227299125	1.3424226808222062	1.3424226808222062	1.3424226808222062
32.18182285215755	1.3222192947339193	1.3222192947339193	1.3222192947339193
32.28201647701598	1.3222192947339193	1.3222192947339193	1.3222192947339193
32.382210101874406	1.3010299956639813	1.3010299956639813	1.3010299956639813
32.48240372673284	1.3010299956639813	1.3010299956639813	1.3010299956639813
32.58259735159127	1.3010299956639813	1.3010299956639813	1.3010299956639813
32.682790976449695	1.3010299956639813	1.3010299956639813	1.3010299956639813
32.78298460130812	1.3010299956639813	1.3010299956639813	1.3010299956639813
32.88317822616655	1.3010299956639813	1.3010299956639813	1.3010299956639813
32.98337185102498	1.3010299956639813	1.3010299956639813	1.3010299956639813
33.083565475883404	1.3010299956639813	1.3010299956639813	1.3010299956639813
33.18375910074183	1.3010299956639813	1.3010299956639813	1.3010299956639813
33.28395272560026	1.3010299956639813	1.3010299956639813	1.3010299956639813
33.384146350458686	1.3010299956639813	1.3010299956639813	1.3010299956639813
33.48433997531711	1.3222192947339193	1.3222192947339193	1.3222192947339193
33.58453360017554	1.3222192947339193	1.3222192947339193	1.3222192947339193
33.68472722503397	1.3010299956639813	1.3010299956639813	1.3010299956639813
33.784920849892394	1.2787536009528289	1.2787536009528289	1.2787536009528289
33.88511447475082	1.3010299956639813	1.3010299956639813	1.3010299956639813
33.985308099609256	1.255272505103306	1.255272505103306	1.255272505103306
34.08550172446768	1.3424226808222062	1.3424226808222062	1.3424226808222062
34.18569534932611	1.3222192947339193	1.3222192947339193	1.3222192947339193
34.28588897418454	1.3617278360175928	1.3617278360175928	1.3617278360175928
34.386082599042965	1.3802112417116061	1.3802112417116061	1.3802112417116061
34.48627622390139	1.3802112417116061	1.3802112417116061	1.3802112417116061
34.58646984875982	1.414973347970818	1.414973347970818	1.414973347970818
34.686663473618246	1.4471580313422192	1.4471580313422192	1.4471580313422192
34.78685709847667	1.4471580313422192	1.4471580313422192	1.4471580313422192
34.8870507233351	1.4471580313422192	1.4471580313422192	1.4471580313422192
34.98724434819353	1.4471580313422192	1.4471580313422192	1.4471580313422192
35.087437973051955	1.4471580313422192	1.4471580313422192	1.4471580313422192
35.18763159791038	1.4471580313422192	1.4471580313422192	1.4471580313422192
35.28782522276881	1.4771212547196624	1.4771212547196624	1.4771212547196624
35.38801884762724	1.505149978319906	1.505149978319906	1.505149978319906
35.48821247248567	1.5314789170422551	1.5314789170422551	1.5314789170422551
35.5884060973441	1.5314789170422551	1.5314789170422551	1.5314789170422551
35.688599722202525	1.5314789170422551	1.5314789170422551	1.5314789170422551
35.78879334706095	1.5440680443502757	1.5440680443502757	1.5440680443502757
35.88898697191938	1.5314789170422551	1.5314789170422551	1.5314789170422551
35.98918059677781	1.5314789170422551	1.5314789170422551	1.5314789170422551
36.089374221636234	1.5440680443502757	1.5440680443502757	1.5440680443502757
36.18956784649466	1.5314789170422551	1.5314789170422551	1.5314789170422551
36.28976147135309	1.4913616938342726	1.4913616938342726	1.4913616938342726
36.389955096211516	1.462397997898956	1.462397997898956	1.462397997898956
36.49014872106994	1.462397997898956	1.462397997898956	1.462397997898956
36.59034234592837	1.462397997898956	1.462397997898956	1.462397997898956
36.6905359707868	1.4313637641589874	1.4313637641589874	1.4313637641589874
36.790729595645224	1.4313637641589874	1.4313637641589874	1.4313637641589874
36.89092322050365	1.4313637641589874	1.4313637641589874	1.4313637641589874
36.991116845362086	1.414973347970818	1.414973347970818	1.414973347970818
37.09131047022051	1.414973347970818	1.414973347970818	1.414973347970818
37.19150409507894	1.3979400086720377	1.3979400086720377	1.3979400086720377
37.29169771993737	1.3802112417116061	1.3802112417116061	1.3802112417116061
37.391891344795795	1.3802112417116061	1.3802112417116061	1.3802112417116061
37.49208496965422	1.3979400086720377	1.3979400086720377	1.3979400086720377
37.59227859451265	1.3979400086720377	1.3979400086720377	1.3979400086720377
37.692472219371076	1.4771212547196624	1.4771212547196624	1.4771212547196624
37.792665844229504	1.505149978319906	1.505149978319906	1.505149978319906
37.89285946908793	1.5185139398778875	1.5185139398778875	1.5185139398778875
37.99305309394636	1.505149978319906	1.505149978319906	1.505149978319906
38.093246718804785	1.505149978319906	1.505149978319906	1.505149978319906
38.19344034366321	1.4913616938342726	1.4913616938342726	1.4913616938342726
38.29363396852164	1.4913616938342726	1.4913616938342726	1.4913616938342726
38.39382759338007	1.4771212547196624	1.4771212547196624	1.4771212547196624
38.4940212182385	1.4771212547196624	1.4771212547196624	1.4771212547196624
38.59421484309693	1.4913616938342726	1.4913616938342726	1.4913616938342726
38.694408467955355	1.4913616938342726	1.4913616938342726	1.4913616938342726
38.79460209281378	1.4913616938342726	1.4913616938342726	1.4913616938342726
38.89479571767221	1.4913616938342726	1.4913616938342726	1.4913616938342726
38.99498934253064	1.4771212547196624	1.4771212547196624	1.4771212547196624
39.095182967389064	1.505149978319906	1.505149978319906	1.505149978319906
39.19537659224749	1.505149978319906	1.505149978319906	1.505149978319906
39.29557021710592	1.505149978319906	1.505149978319906	1.505149978319906
39.395763841964346	1.505149978319906	1.505149978319906	1.505149978319906
39.49595746682277	1.505149978319906	1.505149978319906	1.505149978319906
39.5961510916812	1.5185139398778875	1.5185139398778875	1.5185139398778875
39.69634471653963	1.5185139398778875	1.5185139398778875	1.5185139398778875
39.796538341398055	1.505149978319906	1.505149978319906	1.505149978319906
39.89673196625648	1.505149978319906	1.505149978319906	1.505149978319906
39.99692559111491	1.505149978319906	1.505149978319906	1.505149978319906
40.09711921597334	1.505149978319906	1.505149978319906	1.505149978319906
40.19731284083177	1.505149978319906	1.505149978319906	1.505149978319906
40.2975064656902	1.505149978319906	1.505149978319906	1.505149978319906
40.397700090548625	1.5185139398778875	1.5185139398778875	1.5185139398778875
40.49789371540705	1.5185139398778875	1.5185139398778875	1.5185139398778875
40.59808734026548	1.5185139398778875	1.5185139398778875	1.5185139398778875
40.69828096512391	1.5185139398778875	1.5185139398778875	1.5185139398778875
40.798474589982334	1.5185139398778875	1.5185139398778875	1.5185139398778875
40.89866821484076	1.5314789170422551	1.5314789170422551	1.5314789170422551
40.99886183969919	1.5185139398778875	1.5185139398778875	1.5185139398778875
41.099055464557615	1.5314789170422551	1.5314789170422551	1.5314789170422551
41.19924908941604	1.5314789170422551	1.5314789170422551	1.5314789170422551
41.29944271427447	1.5314789170422551	1.5314789170422551	1.5314789170422551
41.3996363391329	1.5314789170422551	1.5314789170422551	1.5314789170422551
41.499829963991324	1.5185139398778875	1.5185139398778875	1.5185139398778875
41.60002358884976	1.5185139398778875	1.5185139398778875	1.5185139398778875
41.700217213708186	1.5185139398778875	1.5185139398778875	1.5185139398778875
41.80041083856661	1.5185139398778875	1.5185139398778875	1.5185139398778875
41.90060446342504	1.5185139398778875	1.5185139398778875	1.5185139398778875
42.00079808828347	1.5185139398778875	1.5185139398778875	1.5185139398778875
42.100991713141894	1.5185139398778875	1.5185139398778875	1.5185139398778875
42.20118533800032	1.5185139398778875	1.5185139398778875	1.5185139398778875
42.30137896285875	1.5185139398778875	1.5185139398778875	1.5185139398778875
42.401572587717176	1.5185139398778875	1.5185139398778875	1.5185139398778875
42.5017662125756	1.5314789170422551	1.5314789170422551	1.5314789170422551
42.60195983743403	1.5440680443502757	1.5440680443502757	1.5440680443502757
42.70215346229246	1.5440680443502757	1.5440680443502757	1.5440680443502757
42.802347087150885	1.5440680443502757	1.5440680443502757	1.5440680443502757
42.90254071200931	1.5314789170422551	1.5314789170422551	1.5314789170422551
43.00273433686774	1.5314789170422551	1.5314789170422551	1.5314789170422551
43.102927961726174	1.5314789170422551	1.5314789170422551	1.5314789170422551
43.2031215865846	1.505149978319906	1.505149978319906	1.505149978319906
43.30331521144303	1.505149978319906	1.505149978319906	1.505149978319906
43.403508836301455	1.505149978319906	1.505149978319906	1.505149978319906
43.50370246115988	1.5185139398778875	1.5185139398778875	1.5185139398778875
43.60389608601831	1.4771212547196624	1.4771212547196624	1.4771212547196624
43.70408971087674	1.4771212547196624	1.4771212547196624	1.4771212547196624
43.804283335735164	1.4771212547196624	1.4771212547196624	1.4771212547196624
43.90447696059359	1.4771212547196624	1.4771212547196624	1.4771212547196624
44.00467058545202	1.4771212547196624	1.4771212547196624	1.4771212547196624
44.104864210310446	1.4771212547196624	1.4771212547196624	1.4771212547196624
44.20505783516887	1.4771212547196624	1.4771212547196624	1.4771212547196624
44.3052514600273	1.4771212547196624	1.4771212547196624	1.4771212547196624
44.40544508488573	1.4913616938342726	1.4913616938342726	1.4913616938342726
44.505638709744154	1.4771212547196624	1.4771212547196624	1.4771212547196624
44.60583233460259	1.4771212547196624	1.4771212547196624	1.4771212547196624
44.706025959461016	1.4771212547196624	1.4771212547196624	1.4771212547196624
44.80621958431944	1.4771212547196624	1.4771212547196624	1.4771212547196624
44.90641320917787	1.4771212547196624	1.4771212547196624	1.4771212547196624
45.0066068340363	1.4771212547196624	1.4771212547196624	1.4771212547196624
45.106800458894725	1.4771212547196624	1.4771212547196624	1.4771212547196624
45.20699408375315	1.4771212547196624	1.4771212547196624	1.4771212547196624
45.30718770861158	1.462397997898956	1.462397997898956	1.462397997898956
45.407381333470006	1.4471580313422192	1.4471580313422192	1.4471580313422192
45.50757495832843	1.4471580313422192	1.4471580313422192	1.4471580313422192
45.60776858318686	1.4471580313422192	1.4471580313422192	1.4471580313422192
45.70796220804529	1.4471580313422192	1.4471580313422192	1.4471580313422192
45.808155832903715	1.462397997898956	1.462397997898956	1.462397997898956
45.90834945776214	1.462397997898956	1.462397997898956	1.462397997898956
46.00854308262057	1.4471580313422192	1.4471580313422192	1.4471580313422192
46.108736707479004	1.4313637641589874	1.4313637641589874	1.4313637641589874
46.20893033233743	1.4313637641589874	1.4313637641589874	1.4313637641589874
46.30912395719586	1.414973347970818	1.414973347970818	1.414973347970818
46.409317582054285	1.414973347970818	1.414973347970818	1.414973347970818
46.50951120691271	1.3979400086720377	1.3979400086720377	1.3979400086720377
46.60970483177114	1.3979400086720377	1.3979400086720377	1.3979400086720377
46.70989845662957	1.3979400086720377	1.3979400086720377	1.3979400086720377
46.810092081487994	1.3979400086720377	1.3979400086720377	1.3979400086720377
46.91028570634642	1.3979400086720377	1.3979400086720377	1.3979400086720377
47.01047933120485	1.3979400086720377	1.3979400086720377	1.3979400086720377
47.110672956063276	1.3979400086720377	1.3979400086720377	1.3979400086720377
47.2108665809217	1.3617278360175928	1.3617278360175928	1.3617278360175928
47.31106020578013	1.3617278360175928	1.3617278360175928	1.3617278360175928
47.41125383063856	1.3617278360175928	1.3617278360175928	1.3617278360175928
47.511447455496985	1.3617278360175928	1.3617278360175928	1.3617278360175928
47.61164108035542	1.3617278360175928	1.3617278360175928	1.3617278360175928
47.711834705213846	1.3617278360175928	1.3617278360175928	1.3617278360175928
47.81202833007227	1.3617278360175928	1.3617278360175928	1.3617278360175928
47.9122219549307	1.3222192947339193	1.3222192947339193	1.3222192947339193
48.01241557978913	1.3010299956639813	1.3010299956639813	1.3010299956639813
48.112609204647555	1.3010299956639813	1.3010299956639813	1.3010299956639813
48.21280282950598	1.3010299956639813	1.3010299956639813	1.3010299956639813
48.31299645436441	1.2787536009528289	1.2787536009528289	1.2787536009528289
48.41319007922284	1.255272505103306	1.255272505103306	1.255272505103306
48.513383704081264	1.255272505103306	1.255272505103306	1.255272505103306
48.61357732893969	1.2787536009528289	1.2787536009528289	1.2787536009528289
48.71377095379812	1.2787536009528289	1.2787536009528289	1.2787536009528289
48.813964578656545	1.255272505103306	1.255272505103306	1.255272505103306
48.91415820351497	1.2304489213782739	1.2304489213782739	1.2304489213782739
49.0143518283734	1.2304489213782739	1.2304489213782739	1.2304489213782739
49.114545453231834	1.2304489213782739	1.2304489213782739	1.2304489213782739
49.21473907809026	1.2304489213782739	1.2304489213782739	1.2304489213782739
49.31493270294869	1.2304489213782739	1.2304489213782739	1.2304489213782739
49.415126327807116	1.2304489213782739	1.2304489213782739	1.2304489213782739
49.51531995266554	1.2304489213782739	1.2304489213782739	1.2304489213782739
49.61551357752397	1.2304489213782739	1.2304489213782739	1.2304489213782739
49.7157072023824	1.2304489213782739	1.2304489213782739	1.2304489213782739
49.815900827240824	1.2304489213782739	1.2304489213782739	1.2304489213782739
49.91609445209925	1.255272505103306	1.255272505103306	1.255272505103306
50.01628807695768	1.255272505103306	1.255272505103306	1.255272505103306
50.116481701816106	1.255272505103306	1.255272505103306	1.255272505103306
50.21667532667453	1.255272505103306	1.255272505103306	1.255272505103306
50.31686895153296	1.255272505103306	1.255272505103306	1.255272505103306
50.41706257639139	1.255272505103306	1.255272505103306	1.255272505103306
50.517256201249815	1.255272505103306	1.255272505103306	1.255272505103306
50.61744982610825	1.2787536009528289	1.2787536009528289	1.2787536009528289
50.717643450966676	1.2787536009528289	1.2787536009528289	1.2787536009528289
50.8178370758251	1.2787536009528289	1.2787536009528289	1.2787536009528289
50.91803070068353	1.255272505103306	1.255272505103306	1.255272505103306
51.01822432554196	1.255272505103306	1.255272505103306	1.255272505103306
51.118417950400385	1.255272505103306	1.255272505103306	1.255272505103306
51.21861157525881	1.255272505103306	1.255272505103306	1.255272505103306
51.31880520011724	1.255272505103306	1.255272505103306	1.255272505103306
51.41899882497567	1.255272505103306	1.255272505103306	1.255272505103306
51.519192449834094	1.255272505103306	1.255272505103306	1.255272505103306
51.61938607469252	1.255272505103306	1.255272505103306	1.255272505103306
51.71957969955095	1.2041199826559248	1.2041199826559248	1.2041199826559248
51.819773324409375	1.255272505103306	1.255272505103306	1.255272505103306
51.9199669492678	1.255272505103306	1.255272505103306	1.255272505103306
52.02016057412623	1.255272505103306	1.255272505103306	1.255272505103306
52.120354198984664	1.2041199826559248	1.2041199826559248	1.2041199826559248
52.22054782384309	1.2041199826559248	1.2041199826559248	1.2041199826559248
52.32074144870152	1.2041199826559248	1.2041199826559248	1.2041199826559248
52.420935073559946	1.1760912590556813	1.1760912590556813	1.1760912590556813
52.52112869841837	1.1760912590556813	1.1760912590556813	1.1760912590556813
52.6213223232768	1.1760912590556813	1.1760912590556813	1.1760912590556813
52.72151594813523	1.1760912590556813	1.1760912590556813	1.1760912590556813
52.821709572993655	1.1760912590556813	1.1760912590556813	1.1760912590556813
52.92190319785208	1.146128035678238	1.146128035678238	1.146128035678238
53.02209682271051	1.1139433523068367	1.1139433523068367	1.1139433523068367
53.122290447568936	1.0791812460476249	1.0791812460476249	1.0791812460476249
53.22248407242736	1.0791812460476249	1.0791812460476249	1.0791812460476249
53.32267769728579	1.0791812460476249	1.0791812460476249	1.0791812460476249
53.42287132214422	1.0413926851582251	1.0413926851582251	1.0413926851582251
53.523064947002645	1.0413926851582251	1.0413926851582251	1.0413926851582251
53.62325857186108	1.0413926851582251	1.0413926851582251	1.0413926851582251
53.723452196719506	1.0413926851582251	1.0413926851582251	1.0413926851582251
53.823645821577934	1.0413926851582251	1.0413926851582251	1.0413926851582251
53.92383944643636	1.0413926851582251	1.0413926851582251	1.0413926851582251
54.02403307129479	1.0413926851582251	1.0413926851582251	1.0413926851582251
54.124226696153215	1.0413926851582251	1.0413926851582251	1.0413926851582251
54.22442032101164	1.0	1.0	1.0
54.32461394587007	0.9542425094393249	0.9542425094393249	0.9542425094393249
54.4248075707285	0.9542425094393249	0.9542425094393249	0.9542425094393249
54.525001195586924	0.9030899869919435	0.9030899869919435	0.9030899869919435
54.62519482044535	0.9030899869919435	0.9030899869919435	0.9030899869919435
54.72538844530378	0.9030899869919435	0.9030899869919435	0.9030899869919435
54.825582070162206	0.9030899869919435	0.9030899869919435	0.9030899869919435
54.92577569502063	0.9030899869919435	0.9030899869919435	0.9030899869919435
55.02596931987906	0.9030899869919435	0.9030899869919435	0.9030899869919435
55.126162944737494	0.9030899869919435	0.9030899869919435	0.9030899869919435
55.22635656959592	0.8450980400142568	0.8450980400142568	0.8450980400142568
55.32655019445435	0.8450980400142568	0.8450980400142568	0.8450980400142568
55.426743819312776	0.8450980400142568	0.8450980400142568	0.8450980400142568
55.5269374441712	0.8450980400142568	0.8450980400142568	0.8450980400142568
55.62713106902963	0.8450980400142568	0.8450980400142568	0.8450980400142568
55.72732469388806	0.8450980400142568	0.8450980400142568	0.8450980400142568
55.827518318746485	0.7781512503836436	0.7781512503836436	0.7781512503836436
55.92771194360491	0.7781512503836436	0.7781512503836436	0.7781512503836436
56.02790556846334	0.6989700043360189	0.6989700043360189	0.6989700043360189
56.128099193321766	0.6020599913279624	0.6020599913279624	0.6020599913279624
56.22829281818019	0.6020599913279624	0.6020599913279624	0.6020599913279624
56.32848644303862	0.6020599913279624	0.6020599913279624	0.6020599913279624
56.42868006789705	0.6020599913279624	0.6020599913279624	0.6020599913279624
56.528873692755475	0.6020599913279624	0.6020599913279624	0.6020599913279624
56.62906731761391	0.6020599913279624	0.6020599913279624	0.6020599913279624
56.72926094247234	0.6020599913279624	0.6020599913279624	0.6020599913279624
56.829454567330764	0.6020599913279624	0.6020599913279624	0.6020599913279624
56.92964819218919	0.6020599913279624	0.6020599913279624	0.6020599913279624
57.02984181704762	0.6020599913279624	0.6020599913279624	0.6020599913279624
57.130035441906045	0.47712125471966244	0.47712125471966244	0.47712125471966244
57.23022906676447	0.3010299956639812	0.3010299956639812	0.3010299956639812
57.3304226916229	0.3010299956639812	0.3010299956639812	0.3010299956639812
57.43061631648133	0.3010299956639812	0.3010299956639812	0.3010299956639812
57.530809941339754	0.3010299956639812	0.3010299956639812	0.3010299956639812
57.63100356619818	0.3010299956639812	0.3010299956639812	0.3010299956639812
57.73119719105661	0.0	0.0	0.0
57.831390815915036	0.0	0.0	0.0
57.93158444077346	0.0	0.0	0.0
58.03177806563189	0.0	0.0	0.0
58.131971690490325	0.0	0.0	0.0
58.23216531534875	0.3010299956639812	0.3010299956639812	0.3010299956639812
58.33235894020718	0.3010299956639812	0.3010299956639812	0.3010299956639812
58.432552565065606	0.3010299956639812	0.3010299956639812	0.3010299956639812
58.53274618992403	0.3010299956639812	0.3010299956639812	0.3010299956639812
58.63293981478246	0.47712125471966244	0.47712125471966244	0.47712125471966244
58.73313343964089	0.47712125471966244	0.47712125471966244	0.47712125471966244
58.833327064499315	0.47712125471966244	0.47712125471966244	0.47712125471966244
58.93352068935774	0.3010299956639812	0.3010299956639812	0.3010299956639812
59.03371431421617	0.3010299956639812	0.3010299956639812	0.3010299956639812
59.1339079390746	0.3010299956639812	0.3010299956639812	0.3010299956639812
59.234101563933024	0.3010299956639812	0.3010299956639812	0.3010299956639812
59.33429518879145	0.3010299956639812	0.3010299956639812	0.3010299956639812
59.43448881364988	0.3010299956639812	0.3010299956639812	0.3010299956639812
59.534682438508305	0.3010299956639812	0.3010299956639812	0.3010299956639812
59.63487606336674	0.3010299956639812	0.3010299956639812	0.3010299956639812
59.73506968822517	0.0	0.0	0.0
59.835263313083594	0.0	0.0	0.0
59.93545693794202	0.0	0.0	0.0
60.03565056280045	0.0	0.0	0.0
60.135844187658876	0.0	0.0	0.0
60.2360378125173	0.0	0.0	0.0
60.33623143737573	0.0	0.0	0.0
60.43642506223416	0.0	0.0	0.0
60.536618687092584	0.0	0.0	0.0
60.63681231195101	0.0	0.0	0.0
60.73700593680944	0.0	0.0	0.0
60.837199561667866	0.0	0.0	0.0
60.93739318652629	0.0	0.0	0.0
61.03758681138472	0.0	0.0	0.0
61.137780436243155	0.0	0.0	0.0
61.23797406110158	0.0	0.0	0.0
61.33816768596001	0.0	0.0	0.0
61.438361310818436	0.0	0.0	0.0
61.53855493567686	0.0	0.0	0.0
61.63874856053529	0.0	0.0	0.0
61.73894218539372	0.0	0.0	0.0
61.839135810252145	0.0	0.0	0.0
61.93932943511057	0.0	0.0	0.0
62.039523059969	0.0	0.0	0.0
62.13971668482743	0.0	0.0	0.0
62.239910309685854	0.0	0.0	0.0
62.34010393454428	-inf	-inf	-inf
62.44029755940271	-inf	-inf	-inf
62.540491184261136	-inf	-inf	-inf
62.64068480911957	-inf	-inf	-inf
62.740878433978	-inf	-inf	-inf
62.841072058836424	-inf	-inf	-inf
62.94126568369485	-inf	-inf	-inf
63.04145930855328	-inf	-inf	-inf
63.141652933411706	0.0	0.0	0.0
63.24184655827013	0.0	0.0	0.0
63.34204018312856	0.0	0.0	0.0
63.44223380798699	0.0	0.0	0.0
63.542427432845415	0.0	0.0	0.0
63.64262105770384	0.0	0.0	0.0
63.74281468256227	0.0	0.0	0.0
63.843008307420696	0.0	0.0	0.0
63.94320193227912	0.0	0.0	0.0
