time	diversity	m_div	M_div
0.8378886490202818	0.0	0.0	0.0
0.9380853629141715	0.0	0.0	0.0
1.0382820768080612	0.3010299956639812	0.3010299956639812	0.3010299956639812
1.138478790701951	0.3010299956639812	0.3010299956639812	0.3010299956639812
1.2386755045958406	0.3010299956639812	0.3010299956639812	0.3010299956639812
1.3388722184897304	0.3010299956639812	0.3010299956639812	0.3010299956639812
1.43906893238362	0.3010299956639812	0.3010299956639812	0.3010299956639812
1.5392656462775098	0.3010299956639812	0.3010299956639812	0.3010299956639812
1.6394623601713996	0.3010299956639812	0.3010299956639812	0.3010299956639812
1.7396590740652893	0.3010299956639812	0.3010299956639812	0.3010299956639812
1.8398557879591788	0.3010299956639812	0.3010299956639812	0.3010299956639812
1.9400525018530685	0.3010299956639812	0.3010299956639812	0.3010299956639812
2.0402492157469583	0.3010299956639812	0.3010299956639812	0.3010299956639812
2.140445929640848	0.3010299956639812	0.3010299956639812	0.3010299956639812
2.2406426435347377	0.3010299956639812	0.3010299956639812	0.3010299956639812
2.3408393574286275	0.3010299956639812	0.3010299956639812	0.3010299956639812
2.441036071322517	0.3010299956639812	0.3010299956639812	0.3010299956639812
2.541232785216407	0.3010299956639812	0.3010299956639812	0.3010299956639812
2.6414294991102967	0.3010299956639812	0.3010299956639812	0.3010299956639812
2.7416262130041864	0.3010299956639812	0.3010299956639812	0.3010299956639812
2.841822926898076	0.3010299956639812	0.3010299956639812	0.3010299956639812
2.942019640791966	0.3010299956639812	0.3010299956639812	0.3010299956639812
3.0422163546858556	0.3010299956639812	0.3010299956639812	0.3010299956639812
3.1424130685797453	0.3010299956639812	0.3010299956639812	0.3010299956639812
3.242609782473635	0.3010299956639812	0.3010299956639812	0.3010299956639812
3.342806496367525	0.3010299956639812	0.3010299956639812	0.3010299956639812
3.4430032102614145	0.3010299956639812	0.3010299956639812	0.3010299956639812
3.5431999241553043	0.3010299956639812	0.3010299956639812	0.3010299956639812
3.643396638049194	0.3010299956639812	0.3010299956639812	0.3010299956639812
3.7435933519430837	0.3010299956639812	0.3010299956639812	0.3010299956639812
3.8437900658369735	0.3010299956639812	0.3010299956639812	0.3010299956639812
3.943986779730863	0.3010299956639812	0.3010299956639812	0.3010299956639812
4.044183493624753	0.3010299956639812	0.3010299956639812	0.3010299956639812
4.144380207518642	0.3010299956639812	0.3010299956639812	0.3010299956639812
4.244576921412532	0.3010299956639812	0.3010299956639812	0.3010299956639812
4.344773635306422	0.3010299956639812	0.3010299956639812	0.3010299956639812
4.444970349200312	0.3010299956639812	0.3010299956639812	0.3010299956639812
4.545167063094201	0.3010299956639812	0.3010299956639812	0.3010299956639812
4.645363776988091	0.3010299956639812	0.3010299956639812	0.3010299956639812
4.745560490881981	0.3010299956639812	0.3010299956639812	0.3010299956639812
4.84575720477587	0.3010299956639812	0.3010299956639812	0.3010299956639812
4.94595391866976	0.3010299956639812	0.3010299956639812	0.3010299956639812
5.046150632563649	0.3010299956639812	0.3010299956639812	0.3010299956639812
5.1463473464575396	0.3010299956639812	0.3010299956639812	0.3010299956639812
5.246544060351429	0.3010299956639812	0.3010299956639812	0.3010299956639812
5.346740774245319	0.3010299956639812	0.3010299956639812	0.3010299956639812
5.446937488139208	0.3010299956639812	0.3010299956639812	0.3010299956639812
5.5471342020330985	0.3010299956639812	0.3010299956639812	0.3010299956639812
5.647330915926988	0.3010299956639812	0.3010299956639812	0.3010299956639812
5.747527629820878	0.3010299956639812	0.3010299956639812	0.3010299956639812
5.847724343714767	0.3010299956639812	0.3010299956639812	0.3010299956639812
5.947921057608657	0.3010299956639812	0.3010299956639812	0.3010299956639812
6.048117771502547	0.3010299956639812	0.3010299956639812	0.3010299956639812
6.148314485396437	0.3010299956639812	0.3010299956639812	0.3010299956639812
6.248511199290326	0.3010299956639812	0.3010299956639812	0.3010299956639812
6.348707913184216	0.3010299956639812	0.3010299956639812	0.3010299956639812
6.448904627078106	0.3010299956639812	0.3010299956639812	0.3010299956639812
6.549101340971996	0.3010299956639812	0.3010299956639812	0.3010299956639812
6.649298054865885	0.3010299956639812	0.3010299956639812	0.3010299956639812
6.749494768759775	0.3010299956639812	0.3010299956639812	0.3010299956639812
6.849691482653665	0.3010299956639812	0.3010299956639812	0.3010299956639812
6.949888196547555	0.3010299956639812	0.3010299956639812	0.3010299956639812
7.050084910441444	0.3010299956639812	0.3010299956639812	0.3010299956639812
7.150281624335334	0.3010299956639812	0.3010299956639812	0.3010299956639812
7.2504783382292235	0.3010299956639812	0.3010299956639812	0.3010299956639812
7.350675052123113	0.3010299956639812	0.3010299956639812	0.3010299956639812
7.450871766017003	0.3010299956639812	0.3010299956639812	0.3010299956639812
7.551068479910892	0.3010299956639812	0.3010299956639812	0.3010299956639812
7.651265193804782	0.3010299956639812	0.3010299956639812	0.3010299956639812
7.751461907698672	0.3010299956639812	0.3010299956639812	0.3010299956639812
7.851658621592562	0.3010299956639812	0.3010299956639812	0.3010299956639812
7.951855335486451	0.3010299956639812	0.3010299956639812	0.3010299956639812
8.052052049380341	0.3010299956639812	0.3010299956639812	0.3010299956639812
8.152248763274232	0.3010299956639812	0.3010299956639812	0.3010299956639812
8.252445477168122	0.3010299956639812	0.3010299956639812	0.3010299956639812
8.35264219106201	0.3010299956639812	0.3010299956639812	0.3010299956639812
8.4528389049559	0.3010299956639812	0.3010299956639812	0.3010299956639812
8.55303561884979	0.3010299956639812	0.3010299956639812	0.3010299956639812
8.65323233274368	0.3010299956639812	0.3010299956639812	0.3010299956639812
8.753429046637569	0.3010299956639812	0.3010299956639812	0.3010299956639812
8.85362576053146	0.3010299956639812	0.3010299956639812	0.3010299956639812
8.95382247442535	0.3010299956639812	0.3010299956639812	0.3010299956639812
9.05401918831924	0.3010299956639812	0.3010299956639812	0.3010299956639812
9.15421590221313	0.3010299956639812	0.3010299956639812	0.3010299956639812
9.254412616107018	0.3010299956639812	0.3010299956639812	0.3010299956639812
9.354609330000908	0.3010299956639812	0.3010299956639812	0.3010299956639812
9.454806043894799	0.3010299956639812	0.3010299956639812	0.3010299956639812
9.555002757788689	0.3010299956639812	0.3010299956639812	0.3010299956639812
9.655199471682577	0.3010299956639812	0.3010299956639812	0.3010299956639812
9.755396185576467	0.3010299956639812	0.3010299956639812	0.3010299956639812
9.855592899470357	0.3010299956639812	0.3010299956639812	0.3010299956639812
9.955789613364248	0.3010299956639812	0.3010299956639812	0.3010299956639812
10.055986327258136	0.3010299956639812	0.3010299956639812	0.3010299956639812
10.156183041152026	0.3010299956639812	0.3010299956639812	0.3010299956639812
10.256379755045916	0.3010299956639812	0.3010299956639812	0.3010299956639812
10.356576468939807	0.3010299956639812	0.3010299956639812	0.3010299956639812
10.456773182833695	0.0	0.0	0.0
10.556969896727585	0.0	0.0	0.0
10.657166610621475	0.0	0.0	0.0
10.757363324515364	0.0	0.0	0.0
10.857560038409254	0.3010299956639812	0.3010299956639812	0.3010299956639812
10.957756752303144	0.3010299956639812	0.3010299956639812	0.3010299956639812
11.057953466197034	0.3010299956639812	0.3010299956639812	0.3010299956639812
11.158150180090923	0.3010299956639812	0.3010299956639812	0.3010299956639812
11.258346893984813	0.3010299956639812	0.3010299956639812	0.3010299956639812
11.358543607878703	0.3010299956639812	0.3010299956639812	0.3010299956639812
11.458740321772593	0.3010299956639812	0.3010299956639812	0.3010299956639812
11.558937035666482	0.3010299956639812	0.3010299956639812	0.3010299956639812
11.659133749560372	0.3010299956639812	0.3010299956639812	0.3010299956639812
11.759330463454262	0.3010299956639812	0.3010299956639812	0.3010299956639812
11.859527177348152	0.3010299956639812	0.3010299956639812	0.3010299956639812
11.95972389124204	0.3010299956639812	0.3010299956639812	0.3010299956639812
12.05992060513593	0.0	0.0	0.0
12.16011731902982	0.0	0.0	0.0
12.260314032923711	0.0	0.0	0.0
12.3605107468176	0.0	0.0	0.0
12.46070746071149	0.0	0.0	0.0
12.56090417460538	0.0	0.0	0.0
12.66110088849927	0.0	0.0	0.0
12.761297602393158	0.0	0.0	0.0
12.861494316287049	0.0	0.0	0.0
12.961691030180939	0.0	0.0	0.0
13.061887744074829	0.0	0.0	0.0
13.162084457968717	0.0	0.0	0.0
13.262281171862607	0.0	0.0	0.0
13.362477885756498	0.0	0.0	0.0
13.462674599650388	0.0	0.0	0.0
13.562871313544276	0.0	0.0	0.0
13.663068027438166	0.0	0.0	0.0
13.763264741332057	0.0	0.0	0.0
13.863461455225945	0.0	0.0	0.0
13.963658169119835	0.0	0.0	0.0
14.063854883013725	0.0	0.0	0.0
14.164051596907616	0.0	0.0	0.0
14.264248310801504	0.0	0.0	0.0
14.364445024695394	0.0	0.0	0.0
14.464641738589284	0.0	0.0	0.0
14.564838452483174	0.0	0.0	0.0
14.665035166377063	0.0	0.0	0.0
14.765231880270953	0.0	0.0	0.0
14.865428594164843	0.0	0.0	0.0
14.965625308058733	0.0	0.0	0.0
15.065822021952622	0.0	0.0	0.0
15.166018735846512	0.0	0.0	0.0
15.266215449740402	0.0	0.0	0.0
15.366412163634292	0.0	0.0	0.0
15.46660887752818	0.0	0.0	0.0
15.56680559142207	0.0	0.0	0.0
15.667002305315961	0.0	0.0	0.0
15.767199019209851	0.0	0.0	0.0
15.86739573310374	0.0	0.0	0.0
15.96759244699763	0.0	0.0	0.0
16.067789160891518	0.0	0.0	0.0
16.16798587478541	0.0	0.0	0.0
16.2681825886793	0.0	0.0	0.0
16.36837930257319	0.0	0.0	0.0
16.46857601646708	0.0	0.0	0.0
16.56877273036097	-inf	-inf	-inf
16.668969444254856	-inf	-inf	-inf
16.769166158148746	-inf	-inf	-inf
16.869362872042636	-inf	-inf	-inf
16.969559585936526	-inf	-inf	-inf
17.069756299830416	-inf	-inf	-inf
17.169953013724307	0.0	0.0	0.0
17.270149727618197	0.0	0.0	0.0
17.370346441512087	0.0	0.0	0.0
17.470543155405977	0.0	0.0	0.0
17.570739869299864	0.0	0.0	0.0
17.670936583193754	0.0	0.0	0.0
17.771133297087644	0.0	0.0	0.0
17.871330010981534	0.0	0.0	0.0
17.971526724875424	0.0	0.0	0.0
18.071723438769315	0.0	0.0	0.0
18.171920152663205	0.0	0.0	0.0
18.272116866557095	0.0	0.0	0.0
18.37231358045098	0.0	0.0	0.0
18.472510294344872	0.3010299956639812	0.3010299956639812	0.3010299956639812
18.572707008238762	0.3010299956639812	0.3010299956639812	0.3010299956639812
18.672903722132652	0.3010299956639812	0.3010299956639812	0.3010299956639812
18.773100436026542	0.3010299956639812	0.3010299956639812	0.3010299956639812
18.873297149920433	0.3010299956639812	0.3010299956639812	0.3010299956639812
18.973493863814323	0.3010299956639812	0.3010299956639812	0.3010299956639812
19.073690577708213	0.3010299956639812	0.3010299956639812	0.3010299956639812
19.1738872916021	0.3010299956639812	0.3010299956639812	0.3010299956639812
19.27408400549599	0.3010299956639812	0.3010299956639812	0.3010299956639812
19.37428071938988	0.3010299956639812	0.3010299956639812	0.3010299956639812
19.47447743328377	0.3010299956639812	0.3010299956639812	0.3010299956639812
19.57467414717766	0.3010299956639812	0.3010299956639812	0.3010299956639812
19.67487086107155	0.3010299956639812	0.3010299956639812	0.3010299956639812
19.77506757496544	0.3010299956639812	0.3010299956639812	0.3010299956639812
19.87526428885933	0.0	0.0	0.0
19.975461002753217	0.0	0.0	0.0
20.075657716647108	0.0	0.0	0.0
20.175854430540998	0.0	0.0	0.0
20.276051144434888	0.0	0.0	0.0
20.376247858328778	0.0	0.0	0.0
20.47644457222267	0.0	0.0	0.0
20.57664128611656	0.0	0.0	0.0
20.676838000010445	0.0	0.0	0.0
20.777034713904335	0.0	0.0	0.0
20.877231427798225	0.0	0.0	0.0
20.977428141692116	0.0	0.0	0.0
21.077624855586006	0.0	0.0	0.0
21.177821569479896	0.0	0.0	0.0
21.278018283373786	0.0	0.0	0.0
21.378214997267676	0.0	0.0	0.0
21.478411711161563	0.0	0.0	0.0
21.578608425055453	0.0	0.0	0.0
21.678805138949343	0.0	0.0	0.0
21.779001852843233	0.0	0.0	0.0
21.879198566737124	0.0	0.0	0.0
21.979395280631014	0.0	0.0	0.0
22.079591994524904	0.0	0.0	0.0
22.179788708418794	0.0	0.0	0.0
22.27998542231268	0.0	0.0	0.0
22.38018213620657	0.0	0.0	0.0
22.48037885010046	0.0	0.0	0.0
22.58057556399435	0.0	0.0	0.0
22.68077227788824	0.0	0.0	0.0
22.78096899178213	0.0	0.0	0.0
22.881165705676022	0.0	0.0	0.0
22.981362419569912	0.0	0.0	0.0
23.0815591334638	0.0	0.0	0.0
23.18175584735769	0.0	0.0	0.0
23.28195256125158	0.0	0.0	0.0
23.38214927514547	0.0	0.0	0.0
23.48234598903936	0.0	0.0	0.0
23.58254270293325	0.0	0.0	0.0
23.68273941682714	0.0	0.0	0.0
23.782936130721026	0.0	0.0	0.0
23.883132844614916	0.0	0.0	0.0
23.983329558508807	0.0	0.0	0.0
24.083526272402697	0.0	0.0	0.0
24.183722986296587	0.0	0.0	0.0
24.283919700190477	0.0	0.0	0.0
24.384116414084367	0.3010299956639812	0.3010299956639812	0.3010299956639812
24.484313127978258	0.3010299956639812	0.3010299956639812	0.3010299956639812
24.584509841872144	0.3010299956639812	0.3010299956639812	0.3010299956639812
24.684706555766034	0.3010299956639812	0.3010299956639812	0.3010299956639812
24.784903269659925	0.3010299956639812	0.3010299956639812	0.3010299956639812
24.885099983553815	0.3010299956639812	0.3010299956639812	0.3010299956639812
24.985296697447705	0.3010299956639812	0.3010299956639812	0.3010299956639812
25.085493411341595	0.3010299956639812	0.3010299956639812	0.3010299956639812
25.185690125235485	0.3010299956639812	0.3010299956639812	0.3010299956639812
25.285886839129375	0.3010299956639812	0.3010299956639812	0.3010299956639812
25.386083553023262	0.3010299956639812	0.3010299956639812	0.3010299956639812
25.486280266917152	0.3010299956639812	0.3010299956639812	0.3010299956639812
25.586476980811042	0.3010299956639812	0.3010299956639812	0.3010299956639812
25.686673694704933	0.3010299956639812	0.3010299956639812	0.3010299956639812
25.786870408598823	0.3010299956639812	0.3010299956639812	0.3010299956639812
25.887067122492713	0.3010299956639812	0.3010299956639812	0.3010299956639812
25.987263836386603	0.3010299956639812	0.3010299956639812	0.3010299956639812
26.087460550280493	0.3010299956639812	0.3010299956639812	0.3010299956639812
26.18765726417438	0.3010299956639812	0.3010299956639812	0.3010299956639812
26.28785397806827	0.3010299956639812	0.3010299956639812	0.3010299956639812
26.38805069196216	0.3010299956639812	0.3010299956639812	0.3010299956639812
26.48824740585605	0.3010299956639812	0.3010299956639812	0.3010299956639812
26.58844411974994	0.3010299956639812	0.3010299956639812	0.3010299956639812
26.68864083364383	0.3010299956639812	0.3010299956639812	0.3010299956639812
26.78883754753772	0.3010299956639812	0.3010299956639812	0.3010299956639812
26.889034261431608	0.3010299956639812	0.3010299956639812	0.3010299956639812
26.989230975325498	0.3010299956639812	0.3010299956639812	0.3010299956639812
27.089427689219388	0.47712125471966244	0.47712125471966244	0.47712125471966244
27.189624403113278	0.47712125471966244	0.47712125471966244	0.47712125471966244
27.28982111700717	0.6020599913279624	0.6020599913279624	0.6020599913279624
27.39001783090106	0.6020599913279624	0.6020599913279624	0.6020599913279624
27.49021454479495	0.6020599913279624	0.6020599913279624	0.6020599913279624
27.59041125868884	0.6020599913279624	0.6020599913279624	0.6020599913279624
27.690607972582725	0.6020599913279624	0.6020599913279624	0.6020599913279624
27.790804686476616	0.6020599913279624	0.6020599913279624	0.6020599913279624
27.891001400370506	0.6020599913279624	0.6020599913279624	0.6020599913279624
27.991198114264396	0.6020599913279624	0.6020599913279624	0.6020599913279624
28.091394828158286	0.6020599913279624	0.6020599913279624	0.6020599913279624
28.191591542052176	0.6020599913279624	0.6020599913279624	0.6020599913279624
28.291788255946066	0.6020599913279624	0.6020599913279624	0.6020599913279624
28.391984969839957	0.6020599913279624	0.6020599913279624	0.6020599913279624
28.492181683733843	0.6020599913279624	0.6020599913279624	0.6020599913279624
28.592378397627733	0.6020599913279624	0.6020599913279624	0.6020599913279624
28.692575111521624	0.6020599913279624	0.6020599913279624	0.6020599913279624
28.792771825415514	0.6020599913279624	0.6020599913279624	0.6020599913279624
28.892968539309404	0.6020599913279624	0.6020599913279624	0.6020599913279624
28.993165253203294	0.6020599913279624	0.6020599913279624	0.6020599913279624
29.093361967097184	0.6020599913279624	0.6020599913279624	0.6020599913279624
29.193558680991075	0.6020599913279624	0.6020599913279624	0.6020599913279624
29.29375539488496	0.6020599913279624	0.6020599913279624	0.6020599913279624
29.39395210877885	0.6020599913279624	0.6020599913279624	0.6020599913279624
29.49414882267274	0.6020599913279624	0.6020599913279624	0.6020599913279624
29.59434553656663	0.6020599913279624	0.6020599913279624	0.6020599913279624
29.694542250460522	0.6020599913279624	0.6020599913279624	0.6020599913279624
29.794738964354412	0.6020599913279624	0.6020599913279624	0.6020599913279624
29.894935678248302	0.6020599913279624	0.6020599913279624	0.6020599913279624
29.99513239214219	0.6020599913279624	0.6020599913279624	0.6020599913279624
30.09532910603608	0.6020599913279624	0.6020599913279624	0.6020599913279624
30.19552581992997	0.6020599913279624	0.6020599913279624	0.6020599913279624
30.29572253382386	0.6020599913279624	0.6020599913279624	0.6020599913279624
30.39591924771775	0.6020599913279624	0.6020599913279624	0.6020599913279624
30.49611596161164	0.6020599913279624	0.6020599913279624	0.6020599913279624
30.59631267550553	0.6020599913279624	0.6020599913279624	0.6020599913279624
30.69650938939942	0.6020599913279624	0.6020599913279624	0.6020599913279624
30.796706103293307	0.6020599913279624	0.6020599913279624	0.6020599913279624
30.896902817187197	0.6020599913279624	0.6020599913279624	0.6020599913279624
30.997099531081087	0.6020599913279624	0.6020599913279624	0.6020599913279624
31.097296244974977	0.6020599913279624	0.6020599913279624	0.6020599913279624
31.197492958868867	0.6020599913279624	0.6020599913279624	0.6020599913279624
31.297689672762758	0.6020599913279624	0.6020599913279624	0.6020599913279624
31.397886386656648	0.6989700043360189	0.6989700043360189	0.6989700043360189
31.498083100550538	0.6989700043360189	0.6989700043360189	0.6989700043360189
31.598279814444425	0.6989700043360189	0.6989700043360189	0.6989700043360189
31.698476528338315	0.6989700043360189	0.6989700043360189	0.6989700043360189
31.798673242232205	0.6989700043360189	0.6989700043360189	0.6989700043360189
31.898869956126095	0.7781512503836436	0.7781512503836436	0.7781512503836436
31.999066670019985	0.8450980400142568	0.8450980400142568	0.8450980400142568
32.09926338391387	0.8450980400142568	0.8450980400142568	0.8450980400142568
32.199460097807766	0.8450980400142568	0.8450980400142568	0.8450980400142568
32.29965681170165	0.8450980400142568	0.8450980400142568	0.8450980400142568
32.39985352559554	0.8450980400142568	0.8450980400142568	0.8450980400142568
32.50005023948943	0.9030899869919435	0.9030899869919435	0.9030899869919435
32.60024695338332	0.9030899869919435	0.9030899869919435	0.9030899869919435
32.70044366727721	0.9030899869919435	0.9030899869919435	0.9030899869919435
32.8006403811711	0.9030899869919435	0.9030899869919435	0.9030899869919435
32.900837095064986	0.9030899869919435	0.9030899869919435	0.9030899869919435
33.00103380895888	0.9030899869919435	0.9030899869919435	0.9030899869919435
33.10123052285277	0.9030899869919435	0.9030899869919435	0.9030899869919435
33.20142723674666	0.9030899869919435	0.9030899869919435	0.9030899869919435
33.30162395064055	0.9030899869919435	0.9030899869919435	0.9030899869919435
33.40182066453444	0.9030899869919435	0.9030899869919435	0.9030899869919435
33.50201737842833	0.9030899869919435	0.9030899869919435	0.9030899869919435
33.602214092322214	0.9030899869919435	0.9030899869919435	0.9030899869919435
33.70241080621611	0.8450980400142568	0.8450980400142568	0.8450980400142568
33.802607520109994	0.7781512503836436	0.7781512503836436	0.7781512503836436
33.90280423400389	0.7781512503836436	0.7781512503836436	0.7781512503836436
34.003000947897775	0.7781512503836436	0.7781512503836436	0.7781512503836436
34.10319766179167	0.7781512503836436	0.7781512503836436	0.7781512503836436
34.203394375685555	0.7781512503836436	0.7781512503836436	0.7781512503836436
34.30359108957944	0.7781512503836436	0.7781512503836436	0.7781512503836436
34.403787803473335	0.7781512503836436	0.7781512503836436	0.7781512503836436
34.50398451736722	0.7781512503836436	0.7781512503836436	0.7781512503836436
34.604181231261116	0.7781512503836436	0.7781512503836436	0.7781512503836436
34.704377945155	0.7781512503836436	0.7781512503836436	0.7781512503836436
34.804574659048896	0.7781512503836436	0.7781512503836436	0.7781512503836436
34.90477137294278	0.7781512503836436	0.7781512503836436	0.7781512503836436
35.004968086836676	0.7781512503836436	0.7781512503836436	0.7781512503836436
35.10516480073056	0.7781512503836436	0.7781512503836436	0.7781512503836436
35.20536151462445	0.7781512503836436	0.7781512503836436	0.7781512503836436
35.30555822851834	0.7781512503836436	0.7781512503836436	0.7781512503836436
35.40575494241223	0.7781512503836436	0.7781512503836436	0.7781512503836436
35.505951656306124	0.7781512503836436	0.7781512503836436	0.7781512503836436
35.60614837020001	0.7781512503836436	0.7781512503836436	0.7781512503836436
35.706345084093904	0.7781512503836436	0.7781512503836436	0.7781512503836436
35.80654179798779	0.7781512503836436	0.7781512503836436	0.7781512503836436
35.90673851188168	0.7781512503836436	0.7781512503836436	0.7781512503836436
36.00693522577557	0.7781512503836436	0.7781512503836436	0.7781512503836436
36.10713193966946	0.7781512503836436	0.7781512503836436	0.7781512503836436
36.20732865356335	0.7781512503836436	0.7781512503836436	0.7781512503836436
36.30752536745724	0.7781512503836436	0.7781512503836436	0.7781512503836436
36.40772208135113	0.7781512503836436	0.7781512503836436	0.7781512503836436
36.50791879524502	0.7781512503836436	0.7781512503836436	0.7781512503836436
36.608115509138905	0.7781512503836436	0.7781512503836436	0.7781512503836436
36.7083122230328	0.8450980400142568	0.8450980400142568	0.8450980400142568
36.808508936926685	0.8450980400142568	0.8450980400142568	0.8450980400142568
36.90870565082058	0.8450980400142568	0.8450980400142568	0.8450980400142568
37.008902364714466	0.8450980400142568	0.8450980400142568	0.8450980400142568
37.10909907860836	0.8450980400142568	0.8450980400142568	0.8450980400142568
37.209295792502246	0.8450980400142568	0.8450980400142568	0.8450980400142568
37.30949250639614	0.9030899869919435	0.9030899869919435	0.9030899869919435
37.409689220290026	0.9030899869919435	0.9030899869919435	0.9030899869919435
37.50988593418391	0.9030899869919435	0.9030899869919435	0.9030899869919435
37.61008264807781	0.9030899869919435	0.9030899869919435	0.9030899869919435
37.71027936197169	0.9030899869919435	0.9030899869919435	0.9030899869919435
37.81047607586559	0.9030899869919435	0.9030899869919435	0.9030899869919435
37.910672789759474	0.9030899869919435	0.9030899869919435	0.9030899869919435
38.01086950365337	0.9030899869919435	0.9030899869919435	0.9030899869919435
38.111066217547254	0.8450980400142568	0.8450980400142568	0.8450980400142568
38.21126293144114	0.8450980400142568	0.8450980400142568	0.8450980400142568
38.311459645335034	0.8450980400142568	0.8450980400142568	0.8450980400142568
38.41165635922892	0.8450980400142568	0.8450980400142568	0.8450980400142568
38.511853073122815	0.8450980400142568	0.8450980400142568	0.8450980400142568
38.6120497870167	0.8450980400142568	0.8450980400142568	0.8450980400142568
38.712246500910595	0.9030899869919435	0.9030899869919435	0.9030899869919435
38.81244321480448	0.9030899869919435	0.9030899869919435	0.9030899869919435
38.912639928698376	0.9030899869919435	0.9030899869919435	0.9030899869919435
39.01283664259226	0.9030899869919435	0.9030899869919435	0.9030899869919435
39.11303335648615	0.9030899869919435	0.9030899869919435	0.9030899869919435
39.21323007038004	0.9030899869919435	0.9030899869919435	0.9030899869919435
39.31342678427393	0.9030899869919435	0.9030899869919435	0.9030899869919435
39.41362349816782	0.9030899869919435	0.9030899869919435	0.9030899869919435
39.51382021206171	0.9030899869919435	0.9030899869919435	0.9030899869919435
39.6140169259556	0.9030899869919435	0.9030899869919435	0.9030899869919435
39.71421363984949	0.9030899869919435	0.9030899869919435	0.9030899869919435
39.814410353743376	0.9030899869919435	0.9030899869919435	0.9030899869919435
39.91460706763727	0.9030899869919435	0.9030899869919435	0.9030899869919435
40.01480378153116	0.9030899869919435	0.9030899869919435	0.9030899869919435
40.11500049542505	0.9030899869919435	0.9030899869919435	0.9030899869919435
40.21519720931894	0.9030899869919435	0.9030899869919435	0.9030899869919435
40.31539392321283	0.9030899869919435	0.9030899869919435	0.9030899869919435
40.41559063710672	0.9030899869919435	0.9030899869919435	0.9030899869919435
40.515787351000604	0.8450980400142568	0.8450980400142568	0.8450980400142568
40.6159840648945	0.8450980400142568	0.8450980400142568	0.8450980400142568
40.716180778788384	0.8450980400142568	0.8450980400142568	0.8450980400142568
40.81637749268228	0.8450980400142568	0.8450980400142568	0.8450980400142568
40.916574206576165	0.9030899869919435	0.9030899869919435	0.9030899869919435
41.01677092047006	0.9030899869919435	0.9030899869919435	0.9030899869919435
41.116967634363945	0.9030899869919435	0.9030899869919435	0.9030899869919435
41.21716434825784	0.9542425094393249	0.9542425094393249	0.9542425094393249
41.317361062151726	0.9542425094393249	0.9542425094393249	0.9542425094393249
41.41755777604561	0.9542425094393249	0.9542425094393249	0.9542425094393249
41.517754489939506	0.9542425094393249	0.9542425094393249	0.9542425094393249
41.61795120383339	0.9542425094393249	0.9542425094393249	0.9542425094393249
41.718147917727286	0.9542425094393249	0.9542425094393249	0.9542425094393249
41.81834463162117	0.9542425094393249	0.9542425094393249	0.9542425094393249
41.91854134551507	0.9542425094393249	0.9542425094393249	0.9542425094393249
42.01873805940895	0.9542425094393249	0.9542425094393249	0.9542425094393249
42.11893477330284	0.9542425094393249	0.9542425094393249	0.9542425094393249
42.219131487196734	0.9542425094393249	0.9542425094393249	0.9542425094393249
42.31932820109062	0.9542425094393249	0.9542425094393249	0.9542425094393249
42.419524914984514	0.9542425094393249	0.9542425094393249	0.9542425094393249
42.5197216288784	0.9542425094393249	0.9542425094393249	0.9542425094393249
42.619918342772294	0.9542425094393249	0.9542425094393249	0.9542425094393249
42.72011505666618	0.9542425094393249	0.9542425094393249	0.9542425094393249
42.82031177056007	0.9542425094393249	0.9542425094393249	0.9542425094393249
42.92050848445396	0.9542425094393249	0.9542425094393249	0.9542425094393249
43.02070519834785	0.9542425094393249	0.9542425094393249	0.9542425094393249
43.12090191224174	0.9542425094393249	0.9542425094393249	0.9542425094393249
43.22109862613563	0.9542425094393249	0.9542425094393249	0.9542425094393249
43.32129534002952	0.9542425094393249	0.9542425094393249	0.9542425094393249
43.42149205392341	0.9542425094393249	0.9542425094393249	0.9542425094393249
43.5216887678173	0.9542425094393249	0.9542425094393249	0.9542425094393249
43.62188548171119	0.9542425094393249	0.9542425094393249	0.9542425094393249
43.722082195605076	0.9542425094393249	0.9542425094393249	0.9542425094393249
43.82227890949897	0.9542425094393249	0.9542425094393249	0.9542425094393249
43.922475623392856	0.9542425094393249	0.9542425094393249	0.9542425094393249
44.02267233728675	0.9542425094393249	0.9542425094393249	0.9542425094393249
44.122869051180636	0.9542425094393249	0.9542425094393249	0.9542425094393249
44.22306576507453	0.9542425094393249	0.9542425094393249	0.9542425094393249
44.32326247896842	1.0	1.0	1.0
44.4234591928623	1.0	1.0	1.0
44.5236559067562	1.0	1.0	1.0
44.623852620650084	1.0	1.0	1.0
44.72404933454398	1.0	1.0	1.0
44.824246048437864	1.0	1.0	1.0
44.92444276233176	1.0	1.0	1.0
45.024639476225644	1.0	1.0	1.0
45.12483619011954	0.9542425094393249	0.9542425094393249	0.9542425094393249
45.225032904013425	0.9542425094393249	0.9542425094393249	0.9542425094393249
45.32522961790731	0.9542425094393249	0.9542425094393249	0.9542425094393249
45.425426331801205	0.9542425094393249	0.9542425094393249	0.9542425094393249
45.52562304569509	0.9542425094393249	0.9542425094393249	0.9542425094393249
45.625819759588985	0.9542425094393249	0.9542425094393249	0.9542425094393249
45.72601647348287	0.9542425094393249	0.9542425094393249	0.9542425094393249
45.826213187376766	0.9542425094393249	0.9542425094393249	0.9542425094393249
45.92640990127065	0.9542425094393249	0.9542425094393249	0.9542425094393249
46.02660661516454	0.9542425094393249	0.9542425094393249	0.9542425094393249
46.12680332905843	0.9030899869919435	0.9030899869919435	0.9030899869919435
46.22700004295232	0.9030899869919435	0.9030899869919435	0.9030899869919435
46.32719675684621	0.9030899869919435	0.9030899869919435	0.9030899869919435
46.4273934707401	0.9030899869919435	0.9030899869919435	0.9030899869919435
46.52759018463399	0.9030899869919435	0.9030899869919435	0.9030899869919435
46.62778689852788	0.9030899869919435	0.9030899869919435	0.9030899869919435
46.72798361242177	0.8450980400142568	0.8450980400142568	0.8450980400142568
46.82818032631566	0.8450980400142568	0.8450980400142568	0.8450980400142568
46.92837704020955	0.8450980400142568	0.8450980400142568	0.8450980400142568
47.02857375410344	0.8450980400142568	0.8450980400142568	0.8450980400142568
47.12877046799733	0.8450980400142568	0.8450980400142568	0.8450980400142568
47.22896718189122	0.8450980400142568	0.8450980400142568	0.8450980400142568
47.32916389578511	0.8450980400142568	0.8450980400142568	0.8450980400142568
47.429360609679	0.7781512503836436	0.7781512503836436	0.7781512503836436
47.52955732357289	0.7781512503836436	0.7781512503836436	0.7781512503836436
47.629754037466775	0.7781512503836436	0.7781512503836436	0.7781512503836436
47.72995075136067	0.7781512503836436	0.7781512503836436	0.7781512503836436
47.830147465254555	0.7781512503836436	0.7781512503836436	0.7781512503836436
47.93034417914845	0.7781512503836436	0.7781512503836436	0.7781512503836436
48.030540893042335	0.7781512503836436	0.7781512503836436	0.7781512503836436
48.13073760693623	0.7781512503836436	0.7781512503836436	0.7781512503836436
48.230934320830116	0.7781512503836436	0.7781512503836436	0.7781512503836436
48.331131034724	0.7781512503836436	0.7781512503836436	0.7781512503836436
48.431327748617896	0.7781512503836436	0.7781512503836436	0.7781512503836436
48.53152446251178	0.7781512503836436	0.7781512503836436	0.7781512503836436
48.63172117640568	0.7781512503836436	0.7781512503836436	0.7781512503836436
48.73191789029956	0.8450980400142568	0.8450980400142568	0.8450980400142568
48.83211460419346	0.8450980400142568	0.8450980400142568	0.8450980400142568
48.93231131808734	0.7781512503836436	0.7781512503836436	0.7781512503836436
49.03250803198123	0.7781512503836436	0.7781512503836436	0.7781512503836436
49.132704745875124	0.7781512503836436	0.7781512503836436	0.7781512503836436
49.23290145976901	0.7781512503836436	0.7781512503836436	0.7781512503836436
49.333098173662904	0.7781512503836436	0.7781512503836436	0.7781512503836436
49.43329488755679	0.7781512503836436	0.7781512503836436	0.7781512503836436
49.533491601450685	0.7781512503836436	0.7781512503836436	0.7781512503836436
49.63368831534457	0.7781512503836436	0.7781512503836436	0.7781512503836436
49.733885029238465	0.7781512503836436	0.7781512503836436	0.7781512503836436
49.83408174313235	0.7781512503836436	0.7781512503836436	0.7781512503836436
49.93427845702624	0.7781512503836436	0.7781512503836436	0.7781512503836436
50.03447517092013	0.7781512503836436	0.7781512503836436	0.7781512503836436
50.13467188481402	0.7781512503836436	0.7781512503836436	0.7781512503836436
50.23486859870791	0.7781512503836436	0.7781512503836436	0.7781512503836436
50.3350653126018	0.7781512503836436	0.7781512503836436	0.7781512503836436
50.43526202649569	0.7781512503836436	0.7781512503836436	0.7781512503836436
50.53545874038958	0.7781512503836436	0.7781512503836436	0.7781512503836436
50.635655454283466	0.7781512503836436	0.7781512503836436	0.7781512503836436
50.73585216817736	0.7781512503836436	0.7781512503836436	0.7781512503836436
50.836048882071246	0.7781512503836436	0.7781512503836436	0.7781512503836436
50.93624559596514	0.7781512503836436	0.7781512503836436	0.7781512503836436
51.03644230985903	0.7781512503836436	0.7781512503836436	0.7781512503836436
51.13663902375292	0.7781512503836436	0.7781512503836436	0.7781512503836436
51.23683573764681	0.7781512503836436	0.7781512503836436	0.7781512503836436
51.3370324515407	0.7781512503836436	0.7781512503836436	0.7781512503836436
51.43722916543459	0.7781512503836436	0.7781512503836436	0.7781512503836436
51.537425879328474	0.7781512503836436	0.7781512503836436	0.7781512503836436
51.63762259322237	0.7781512503836436	0.7781512503836436	0.7781512503836436
51.737819307116254	0.7781512503836436	0.7781512503836436	0.7781512503836436
51.83801602101015	0.7781512503836436	0.7781512503836436	0.7781512503836436
51.938212734904035	0.7781512503836436	0.7781512503836436	0.7781512503836436
52.03840944879793	0.7781512503836436	0.7781512503836436	0.7781512503836436
52.138606162691815	0.7781512503836436	0.7781512503836436	0.7781512503836436
52.2388028765857	0.7781512503836436	0.7781512503836436	0.7781512503836436
52.338999590479595	0.7781512503836436	0.7781512503836436	0.7781512503836436
52.43919630437348	0.7781512503836436	0.7781512503836436	0.7781512503836436
52.539393018267376	0.7781512503836436	0.7781512503836436	0.7781512503836436
52.63958973216126	0.7781512503836436	0.7781512503836436	0.7781512503836436
52.739786446055156	0.7781512503836436	0.7781512503836436	0.7781512503836436
52.83998315994904	0.7781512503836436	0.7781512503836436	0.7781512503836436
52.94017987384293	0.7781512503836436	0.7781512503836436	0.7781512503836436
53.04037658773682	0.7781512503836436	0.7781512503836436	0.7781512503836436
53.14057330163071	0.7781512503836436	0.7781512503836436	0.7781512503836436
53.2407700155246	0.7781512503836436	0.7781512503836436	0.7781512503836436
53.34096672941849	0.7781512503836436	0.7781512503836436	0.7781512503836436
53.441163443312384	0.7781512503836436	0.7781512503836436	0.7781512503836436
53.54136015720627	0.7781512503836436	0.7781512503836436	0.7781512503836436
53.641556871100164	0.7781512503836436	0.7781512503836436	0.7781512503836436
53.74175358499405	0.7781512503836436	0.7781512503836436	0.7781512503836436
53.84195029888794	0.7781512503836436	0.7781512503836436	0.7781512503836436
53.94214701278183	0.7781512503836436	0.7781512503836436	0.7781512503836436
54.04234372667572	0.7781512503836436	0.7781512503836436	0.7781512503836436
54.14254044056961	0.7781512503836436	0.7781512503836436	0.7781512503836436
54.2427371544635	0.7781512503836436	0.7781512503836436	0.7781512503836436
54.34293386835739	0.7781512503836436	0.7781512503836436	0.7781512503836436
54.44313058225128	0.7781512503836436	0.7781512503836436	0.7781512503836436
54.543327296145165	0.7781512503836436	0.7781512503836436	0.7781512503836436
54.64352401003906	0.7781512503836436	0.7781512503836436	0.7781512503836436
54.743720723932945	0.7781512503836436	0.7781512503836436	0.7781512503836436
54.84391743782684	0.7781512503836436	0.7781512503836436	0.7781512503836436
54.944114151720726	0.7781512503836436	0.7781512503836436	0.7781512503836436
55.04431086561462	0.7781512503836436	0.7781512503836436	0.7781512503836436
55.144507579508506	0.7781512503836436	0.7781512503836436	0.7781512503836436
55.2447042934024	0.7781512503836436	0.7781512503836436	0.7781512503836436
55.344901007296286	0.7781512503836436	0.7781512503836436	0.7781512503836436
55.44509772119017	0.7781512503836436	0.7781512503836436	0.7781512503836436
55.54529443508407	0.7781512503836436	0.7781512503836436	0.7781512503836436
55.64549114897795	0.7781512503836436	0.7781512503836436	0.7781512503836436
55.74568786287185	0.7781512503836436	0.7781512503836436	0.7781512503836436
55.845884576765734	0.7781512503836436	0.7781512503836436	0.7781512503836436
55.94608129065963	0.7781512503836436	0.7781512503836436	0.7781512503836436
56.046278004553514	0.7781512503836436	0.7781512503836436	0.7781512503836436
56.1464747184474	0.7781512503836436	0.7781512503836436	0.7781512503836436
56.246671432341294	0.7781512503836436	0.7781512503836436	0.7781512503836436
56.34686814623518	0.6989700043360189	0.6989700043360189	0.6989700043360189
56.447064860129075	0.6989700043360189	0.6989700043360189	0.6989700043360189
56.54726157402296	0.6989700043360189	0.6989700043360189	0.6989700043360189
56.647458287916855	0.6989700043360189	0.6989700043360189	0.6989700043360189
56.74765500181074	0.6989700043360189	0.6989700043360189	0.6989700043360189
56.84785171570463	0.6989700043360189	0.6989700043360189	0.6989700043360189
56.94804842959852	0.6989700043360189	0.6989700043360189	0.6989700043360189
57.04824514349241	0.6989700043360189	0.6989700043360189	0.6989700043360189
57.1484418573863	0.6989700043360189	0.6989700043360189	0.6989700043360189
57.24863857128019	0.6989700043360189	0.6989700043360189	0.6989700043360189
57.34883528517408	0.6020599913279624	0.6020599913279624	0.6020599913279624
57.44903199906797	0.6020599913279624	0.6020599913279624	0.6020599913279624
57.54922871296186	0.47712125471966244	0.47712125471966244	0.47712125471966244
57.64942542685575	0.47712125471966244	0.47712125471966244	0.47712125471966244
57.749622140749636	0.47712125471966244	0.47712125471966244	0.47712125471966244
57.84981885464353	0.47712125471966244	0.47712125471966244	0.47712125471966244
57.95001556853742	0.47712125471966244	0.47712125471966244	0.47712125471966244
58.05021228243131	0.47712125471966244	0.47712125471966244	0.47712125471966244
58.1504089963252	0.3010299956639812	0.3010299956639812	0.3010299956639812
58.25060571021909	0.3010299956639812	0.3010299956639812	0.3010299956639812
58.35080242411298	0.3010299956639812	0.3010299956639812	0.3010299956639812
58.450999138006864	0.3010299956639812	0.3010299956639812	0.3010299956639812
58.55119585190076	0.0	0.0	0.0
58.651392565794644	0.0	0.0	0.0
58.75158927968854	0.0	0.0	0.0
58.851785993582425	0.0	0.0	0.0
58.95198270747632	0.0	0.0	0.0
59.052179421370205	0.0	0.0	0.0
59.15237613526409	0.0	0.0	0.0
59.252572849157986	0.0	0.0	0.0
59.35276956305187	0.0	0.0	0.0
59.452966276945766	0.0	0.0	0.0
59.55316299083965	0.0	0.0	0.0
59.653359704733546	0.0	0.0	0.0
59.75355641862743	0.0	0.0	0.0
59.85375313252133	0.0	0.0	0.0
59.95394984641521	0.0	0.0	0.0
60.0541465603091	0.0	0.0	0.0
60.15434327420299	0.0	0.0	0.0
60.25453998809688	0.0	0.0	0.0
60.354736701990774	0.0	0.0	0.0
60.45493341588466	0.0	0.0	0.0
60.555130129778554	0.0	0.0	0.0
60.65532684367244	0.0	0.0	0.0
60.75552355756633	0.0	0.0	0.0
60.85572027146022	0.0	0.0	0.0
60.95591698535411	0.0	0.0	0.0
61.056113699248	0.0	0.0	0.0
61.15631041314189	0.0	0.0	0.0
61.25650712703578	0.0	0.0	0.0
61.35670384092967	0.0	0.0	0.0
61.45690055482356	0.0	0.0	0.0
61.55709726871745	0.0	0.0	0.0
61.657293982611336	0.0	0.0	0.0
61.75749069650523	0.0	0.0	0.0
61.857687410399116	0.0	0.0	0.0
61.95788412429301	0.0	0.0	0.0
62.058080838186896	0.0	0.0	0.0
62.15827755208079	0.0	0.0	0.0
62.25847426597468	0.0	0.0	0.0
62.35867097986856	0.0	0.0	0.0
62.45886769376246	0.0	0.0	0.0
62.559064407656344	0.0	0.0	0.0
62.65926112155024	0.0	0.0	0.0
62.759457835444124	0.0	0.0	0.0
62.85965454933802	0.0	0.0	0.0
62.959851263231904	0.0	0.0	0.0
63.06004797712579	0.3010299956639812	0.3010299956639812	0.3010299956639812
63.160244691019685	0.3010299956639812	0.3010299956639812	0.3010299956639812
63.26044140491357	0.3010299956639812	0.3010299956639812	0.3010299956639812
63.360638118807465	0.3010299956639812	0.3010299956639812	0.3010299956639812
63.46083483270135	0.3010299956639812	0.3010299956639812	0.3010299956639812
63.561031546595245	0.3010299956639812	0.3010299956639812	0.3010299956639812
63.66122826048913	0.3010299956639812	0.3010299956639812	0.3010299956639812
63.761424974383026	0.3010299956639812	0.3010299956639812	0.3010299956639812
63.86162168827691	0.3010299956639812	0.3010299956639812	0.3010299956639812
63.9618184021708	0.3010299956639812	0.3010299956639812	0.3010299956639812
64.0620151160647	0.3010299956639812	0.3010299956639812	0.3010299956639812
64.16221182995858	0.3010299956639812	0.3010299956639812	0.3010299956639812
64.26240854385247	0.3010299956639812	0.3010299956639812	0.3010299956639812
64.36260525774637	0.3010299956639812	0.3010299956639812	0.3010299956639812
64.46280197164026	0.3010299956639812	0.3010299956639812	0.3010299956639812
64.56299868553414	0.3010299956639812	0.3010299956639812	0.3010299956639812
64.66319539942803	0.3010299956639812	0.3010299956639812	0.3010299956639812
64.76339211332193	0.3010299956639812	0.3010299956639812	0.3010299956639812
64.86358882721582	0.3010299956639812	0.3010299956639812	0.3010299956639812
64.9637855411097	0.3010299956639812	0.3010299956639812	0.3010299956639812
65.0639822550036	0.3010299956639812	0.3010299956639812	0.3010299956639812
65.16417896889749	0.3010299956639812	0.3010299956639812	0.3010299956639812
65.26437568279138	0.3010299956639812	0.3010299956639812	0.3010299956639812
65.36457239668526	0.3010299956639812	0.3010299956639812	0.3010299956639812
65.46476911057916	0.3010299956639812	0.3010299956639812	0.3010299956639812
65.56496582447305	0.3010299956639812	0.3010299956639812	0.3010299956639812
65.66516253836693	0.3010299956639812	0.3010299956639812	0.3010299956639812
65.76535925226082	0.3010299956639812	0.3010299956639812	0.3010299956639812
65.86555596615472	0.3010299956639812	0.3010299956639812	0.3010299956639812
65.96575268004861	0.3010299956639812	0.3010299956639812	0.3010299956639812
66.06594939394249	0.3010299956639812	0.3010299956639812	0.3010299956639812
66.16614610783638	0.3010299956639812	0.3010299956639812	0.3010299956639812
66.26634282173028	0.0	0.0	0.0
66.36653953562416	0.0	0.0	0.0
66.46673624951805	0.0	0.0	0.0
66.56693296341194	0.0	0.0	0.0
66.66712967730584	0.0	0.0	0.0
66.76732639119972	0.0	0.0	0.0
