time	diversity	m_div	M_div
0.0	2.1367205671564067	2.1367205671564067	2.1367205671564067
0.10048801057085503	2.1522883443830567	2.1522883443830567	2.1522883443830567
0.20097602114171007	2.1522883443830567	2.1522883443830567	2.1522883443830567
0.3014640317125651	1.806179973983887	1.806179973983887	1.806179973983887
0.40195204228342013	1.7781512503836436	1.7781512503836436	1.7781512503836436
0.5024400528542752	1.7853298350107671	1.7853298350107671	1.7853298350107671
0.6029280634251302	1.7853298350107671	1.7853298350107671	1.7853298350107671
0.7034160739959853	1.792391689498254	1.792391689498254	1.792391689498254
0.8039040845668403	1.7993405494535817	1.7993405494535817	1.7993405494535817
0.9043920951376953	1.806179973983887	1.806179973983887	1.806179973983887
1.0048801057085504	1.8129133566428557	1.8129133566428557	1.8129133566428557
1.1053681162794053	1.8129133566428557	1.8129133566428557	1.8129133566428557
1.2058561268502603	1.8129133566428557	1.8129133566428557	1.8129133566428557
1.3063441374211153	1.8260748027008264	1.8260748027008264	1.8260748027008264
1.4068321479919705	1.845098040014257	1.845098040014257	1.845098040014257
1.5073201585628255	1.8388490907372552	1.8388490907372552	1.8388490907372552
1.6078081691336805	1.8388490907372552	1.8388490907372552	1.8388490907372552
1.7082961797045355	1.8260748027008264	1.8260748027008264	1.8260748027008264
1.8087841902753905	1.7993405494535817	1.7993405494535817	1.7993405494535817
1.9092722008462457	1.7634279935629373	1.7634279935629373	1.7634279935629373
2.0097602114171007	1.7634279935629373	1.7634279935629373	1.7634279935629373
2.1102482219879555	1.7634279935629373	1.7634279935629373	1.7634279935629373
2.2107362325588107	1.7481880270062005	1.7481880270062005	1.7481880270062005
2.311224243129666	1.7403626894942439	1.7403626894942439	1.7403626894942439
2.4117122537005207	1.7242758696007892	1.7242758696007892	1.7242758696007892
2.512200264271376	1.6720978579357175	1.6720978579357175	1.6720978579357175
2.6126882748422307	1.662757831681574	1.662757831681574	1.662757831681574
2.713176285413086	1.6232492903979006	1.6232492903979006	1.6232492903979006
2.813664295983941	1.6434526764861874	1.6434526764861874	1.6434526764861874
2.914152306554796	1.6532125137753437	1.6532125137753437	1.6532125137753437
3.014640317125651	1.662757831681574	1.662757831681574	1.662757831681574
3.115128327696506	1.6901960800285136	1.6901960800285136	1.6901960800285136
3.215616338267361	1.6989700043360187	1.6989700043360187	1.6989700043360187
3.3161043488382163	1.6989700043360187	1.6989700043360187	1.6989700043360187
3.416592359409071	1.662757831681574	1.662757831681574	1.662757831681574
3.5170803699799262	1.6532125137753437	1.6532125137753437	1.6532125137753437
3.617568380550781	1.6720978579357175	1.6720978579357175	1.6720978579357175
3.718056391121636	1.6989700043360187	1.6989700043360187	1.6989700043360187
3.8185444016924914	1.6812412373755872	1.6812412373755872	1.6812412373755872
3.919032412263346	1.6812412373755872	1.6812412373755872	1.6812412373755872
4.019520422834201	1.6901960800285136	1.6901960800285136	1.6901960800285136
4.120008433405056	1.6989700043360187	1.6989700043360187	1.6989700043360187
4.220496443975911	1.6901960800285136	1.6901960800285136	1.6901960800285136
4.320984454546767	1.6720978579357175	1.6720978579357175	1.6720978579357175
4.421472465117621	1.6720978579357175	1.6720978579357175	1.6720978579357175
4.521960475688476	1.6812412373755872	1.6812412373755872	1.6812412373755872
4.622448486259332	1.6812412373755872	1.6812412373755872	1.6812412373755872
4.722936496830187	1.6812412373755872	1.6812412373755872	1.6812412373755872
4.823424507401041	1.6901960800285136	1.6901960800285136	1.6901960800285136
4.923912517971897	1.6720978579357175	1.6720978579357175	1.6720978579357175
5.024400528542752	1.662757831681574	1.662757831681574	1.662757831681574
5.1248885391136065	1.662757831681574	1.662757831681574	1.662757831681574
5.225376549684461	1.662757831681574	1.662757831681574	1.662757831681574
5.325864560255317	1.6434526764861874	1.6434526764861874	1.6434526764861874
5.426352570826172	1.6127838567197355	1.6127838567197355	1.6127838567197355
5.5268405813970265	1.6127838567197355	1.6127838567197355	1.6127838567197355
5.627328591967882	1.6127838567197355	1.6127838567197355	1.6127838567197355
5.727816602538737	1.6532125137753437	1.6532125137753437	1.6532125137753437
5.828304613109592	1.6232492903979006	1.6232492903979006	1.6232492903979006
5.928792623680447	1.6127838567197355	1.6127838567197355	1.6127838567197355
6.029280634251302	1.6334684555795866	1.6334684555795866	1.6334684555795866
6.129768644822157	1.6434526764861874	1.6434526764861874	1.6434526764861874
6.230256655393012	1.6434526764861874	1.6434526764861874	1.6434526764861874
6.330744665963867	1.6532125137753437	1.6532125137753437	1.6532125137753437
6.431232676534722	1.662757831681574	1.662757831681574	1.662757831681574
6.531720687105577	1.6989700043360187	1.6989700043360187	1.6989700043360187
6.6322086976764325	1.7075701760979363	1.7075701760979363	1.7075701760979363
6.732696708247287	1.7160033436347992	1.7160033436347992	1.7160033436347992
6.833184718818142	1.7323937598229686	1.7323937598229686	1.7323937598229686
6.933672729388997	1.7634279935629373	1.7634279935629373	1.7634279935629373
7.0341607399598525	1.7634279935629373	1.7634279935629373	1.7634279935629373
7.134648750530707	1.7708520116421442	1.7708520116421442	1.7708520116421442
7.235136761101562	1.7781512503836436	1.7781512503836436	1.7781512503836436
7.335624771672418	1.7781512503836436	1.7781512503836436	1.7781512503836436
7.436112782243272	1.792391689498254	1.792391689498254	1.792391689498254
7.536600792814127	1.792391689498254	1.792391689498254	1.792391689498254
7.637088803384983	1.792391689498254	1.792391689498254	1.792391689498254
7.737576813955838	1.7853298350107671	1.7853298350107671	1.7853298350107671
7.838064824526692	1.7993405494535817	1.7993405494535817	1.7993405494535817
7.938552835097547	1.806179973983887	1.806179973983887	1.806179973983887
8.039040845668403	1.8129133566428557	1.8129133566428557	1.8129133566428557
8.139528856239258	1.8260748027008264	1.8260748027008264	1.8260748027008264
8.240016866810112	1.8325089127062364	1.8325089127062364	1.8325089127062364
8.340504877380967	1.845098040014257	1.845098040014257	1.845098040014257
8.440992887951822	1.8512583487190752	1.8512583487190752	1.8512583487190752
8.541480898522678	1.8573324964312685	1.8573324964312685	1.8573324964312685
8.641968909093533	1.8573324964312685	1.8573324964312685	1.8573324964312685
8.742456919664388	1.845098040014257	1.845098040014257	1.845098040014257
8.842944930235243	1.845098040014257	1.845098040014257	1.845098040014257
8.943432940806098	1.8388490907372552	1.8388490907372552	1.8388490907372552
9.043920951376952	1.8260748027008264	1.8260748027008264	1.8260748027008264
9.144408961947809	1.8195439355418688	1.8195439355418688	1.8195439355418688
9.244896972518664	1.8129133566428557	1.8129133566428557	1.8129133566428557
9.345384983089518	1.8195439355418688	1.8195439355418688	1.8195439355418688
9.445872993660373	1.806179973983887	1.806179973983887	1.806179973983887
9.546361004231228	1.806179973983887	1.806179973983887	1.806179973983887
9.646849014802083	1.806179973983887	1.806179973983887	1.806179973983887
9.747337025372937	1.7853298350107671	1.7853298350107671	1.7853298350107671
9.847825035943794	1.7853298350107671	1.7853298350107671	1.7853298350107671
9.948313046514649	1.7853298350107671	1.7853298350107671	1.7853298350107671
10.048801057085504	1.7634279935629373	1.7634279935629373	1.7634279935629373
10.149289067656358	1.7558748556724915	1.7558748556724915	1.7558748556724915
10.249777078227213	1.7403626894942439	1.7403626894942439	1.7403626894942439
10.350265088798068	1.7403626894942439	1.7403626894942439	1.7403626894942439
10.450753099368923	1.7242758696007892	1.7242758696007892	1.7242758696007892
10.55124110993978	1.7242758696007892	1.7242758696007892	1.7242758696007892
10.651729120510634	1.7160033436347992	1.7160033436347992	1.7160033436347992
10.752217131081489	1.6989700043360187	1.6989700043360187	1.6989700043360187
10.852705141652343	1.6812412373755872	1.6812412373755872	1.6812412373755872
10.953193152223198	1.6532125137753437	1.6532125137753437	1.6532125137753437
11.053681162794053	1.6334684555795866	1.6334684555795866	1.6334684555795866
11.154169173364908	1.6127838567197355	1.6127838567197355	1.6127838567197355
11.254657183935764	1.5910646070264993	1.5910646070264993	1.5910646070264993
11.355145194506619	1.5440680443502757	1.5440680443502757	1.5440680443502757
11.455633205077474	1.505149978319906	1.505149978319906	1.505149978319906
11.556121215648329	1.4471580313422192	1.4471580313422192	1.4471580313422192
11.656609226219183	1.3802112417116061	1.3802112417116061	1.3802112417116061
11.757097236790038	1.3617278360175928	1.3617278360175928	1.3617278360175928
11.857585247360895	1.3222192947339193	1.3222192947339193	1.3222192947339193
11.95807325793175	1.3802112417116061	1.3802112417116061	1.3802112417116061
12.058561268502604	1.4471580313422192	1.4471580313422192	1.4471580313422192
12.159049279073459	1.4771212547196624	1.4771212547196624	1.4771212547196624
12.259537289644314	1.4771212547196624	1.4771212547196624	1.4771212547196624
12.360025300215169	1.4771212547196624	1.4771212547196624	1.4771212547196624
12.460513310786023	1.4913616938342726	1.4913616938342726	1.4913616938342726
12.56100132135688	1.5185139398778875	1.5185139398778875	1.5185139398778875
12.661489331927735	1.5314789170422551	1.5314789170422551	1.5314789170422551
12.76197734249859	1.5314789170422551	1.5314789170422551	1.5314789170422551
12.862465353069444	1.5314789170422551	1.5314789170422551	1.5314789170422551
12.962953363640299	1.5314789170422551	1.5314789170422551	1.5314789170422551
13.063441374211154	1.5314789170422551	1.5314789170422551	1.5314789170422551
13.163929384782008	1.5314789170422551	1.5314789170422551	1.5314789170422551
13.264417395352865	1.5314789170422551	1.5314789170422551	1.5314789170422551
13.36490540592372	1.5314789170422551	1.5314789170422551	1.5314789170422551
13.465393416494575	1.5440680443502757	1.5440680443502757	1.5440680443502757
13.56588142706543	1.5563025007672873	1.5563025007672873	1.5563025007672873
13.666369437636284	1.568201724066995	1.568201724066995	1.568201724066995
13.766857448207139	1.568201724066995	1.568201724066995	1.568201724066995
13.867345458777994	1.5797835966168101	1.5797835966168101	1.5797835966168101
13.96783346934885	1.5797835966168101	1.5797835966168101	1.5797835966168101
14.068321479919705	1.5797835966168101	1.5797835966168101	1.5797835966168101
14.16880949049056	1.568201724066995	1.568201724066995	1.568201724066995
14.269297501061414	1.5797835966168101	1.5797835966168101	1.5797835966168101
14.36978551163227	1.5440680443502757	1.5440680443502757	1.5440680443502757
14.470273522203124	1.5440680443502757	1.5440680443502757	1.5440680443502757
14.57076153277398	1.5314789170422551	1.5314789170422551	1.5314789170422551
14.671249543344835	1.5185139398778875	1.5185139398778875	1.5185139398778875
14.77173755391569	1.5185139398778875	1.5185139398778875	1.5185139398778875
14.872225564486545	1.5185139398778875	1.5185139398778875	1.5185139398778875
14.9727135750574	1.5185139398778875	1.5185139398778875	1.5185139398778875
15.073201585628254	1.5185139398778875	1.5185139398778875	1.5185139398778875
15.17368959619911	1.5185139398778875	1.5185139398778875	1.5185139398778875
15.274177606769966	1.505149978319906	1.505149978319906	1.505149978319906
15.37466561734082	1.505149978319906	1.505149978319906	1.505149978319906
15.475153627911675	1.505149978319906	1.505149978319906	1.505149978319906
15.57564163848253	1.505149978319906	1.505149978319906	1.505149978319906
15.676129649053385	1.505149978319906	1.505149978319906	1.505149978319906
15.77661765962424	1.505149978319906	1.505149978319906	1.505149978319906
15.877105670195094	1.5185139398778875	1.5185139398778875	1.5185139398778875
15.97759368076595	1.5440680443502757	1.5440680443502757	1.5440680443502757
16.078081691336806	1.568201724066995	1.568201724066995	1.568201724066995
16.17856970190766	1.6334684555795866	1.6334684555795866	1.6334684555795866
16.279057712478515	1.6127838567197355	1.6127838567197355	1.6127838567197355
16.37954572304937	1.6020599913279625	1.6020599913279625	1.6020599913279625
16.480033733620225	1.6020599913279625	1.6020599913279625	1.6020599913279625
16.58052174419108	1.6232492903979006	1.6232492903979006	1.6232492903979006
16.681009754761934	1.6334684555795866	1.6334684555795866	1.6334684555795866
16.78149776533279	1.6434526764861874	1.6434526764861874	1.6434526764861874
16.881985775903644	1.6532125137753437	1.6532125137753437	1.6532125137753437
16.9824737864745	1.6434526764861874	1.6434526764861874	1.6434526764861874
17.082961797045357	1.6532125137753437	1.6532125137753437	1.6532125137753437
17.18344980761621	1.662757831681574	1.662757831681574	1.662757831681574
17.283937818187066	1.662757831681574	1.662757831681574	1.662757831681574
17.38442582875792	1.662757831681574	1.662757831681574	1.662757831681574
17.484913839328776	1.662757831681574	1.662757831681574	1.662757831681574
17.58540184989963	1.662757831681574	1.662757831681574	1.662757831681574
17.685889860470486	1.662757831681574	1.662757831681574	1.662757831681574
17.786377871041342	1.662757831681574	1.662757831681574	1.662757831681574
17.886865881612195	1.6720978579357175	1.6720978579357175	1.6720978579357175
17.98735389218305	1.6720978579357175	1.6720978579357175	1.6720978579357175
18.087841902753905	1.6720978579357175	1.6720978579357175	1.6720978579357175
18.18832991332476	1.6720978579357175	1.6720978579357175	1.6720978579357175
18.288817923895618	1.6720978579357175	1.6720978579357175	1.6720978579357175
18.38930593446647	1.6720978579357175	1.6720978579357175	1.6720978579357175
18.489793945037327	1.6532125137753437	1.6532125137753437	1.6532125137753437
18.59028195560818	1.662757831681574	1.662757831681574	1.662757831681574
18.690769966179037	1.6532125137753437	1.6532125137753437	1.6532125137753437
18.79125797674989	1.6532125137753437	1.6532125137753437	1.6532125137753437
18.891745987320746	1.6434526764861874	1.6434526764861874	1.6434526764861874
18.992233997891603	1.6434526764861874	1.6434526764861874	1.6434526764861874
19.092722008462456	1.6434526764861874	1.6434526764861874	1.6434526764861874
19.193210019033312	1.6434526764861874	1.6434526764861874	1.6434526764861874
19.293698029604165	1.6434526764861874	1.6434526764861874	1.6434526764861874
19.394186040175022	1.6434526764861874	1.6434526764861874	1.6434526764861874
19.494674050745875	1.6434526764861874	1.6434526764861874	1.6434526764861874
19.59516206131673	1.6434526764861874	1.6434526764861874	1.6434526764861874
19.695650071887588	1.6434526764861874	1.6434526764861874	1.6434526764861874
19.79613808245844	1.6434526764861874	1.6434526764861874	1.6434526764861874
19.896626093029298	1.6434526764861874	1.6434526764861874	1.6434526764861874
19.99711410360015	1.6334684555795866	1.6334684555795866	1.6334684555795866
20.097602114171007	1.6334684555795866	1.6334684555795866	1.6334684555795866
20.19809012474186	1.6334684555795866	1.6334684555795866	1.6334684555795866
20.298578135312717	1.6232492903979006	1.6232492903979006	1.6232492903979006
20.399066145883573	1.6232492903979006	1.6232492903979006	1.6232492903979006
20.499554156454426	1.6232492903979006	1.6232492903979006	1.6232492903979006
20.600042167025283	1.6232492903979006	1.6232492903979006	1.6232492903979006
20.700530177596136	1.6127838567197355	1.6127838567197355	1.6127838567197355
20.801018188166992	1.6127838567197355	1.6127838567197355	1.6127838567197355
20.901506198737845	1.6127838567197355	1.6127838567197355	1.6127838567197355
21.0019942093087	1.6127838567197355	1.6127838567197355	1.6127838567197355
21.10248221987956	1.6127838567197355	1.6127838567197355	1.6127838567197355
21.20297023045041	1.6127838567197355	1.6127838567197355	1.6127838567197355
21.303458241021268	1.6127838567197355	1.6127838567197355	1.6127838567197355
21.40394625159212	1.6127838567197355	1.6127838567197355	1.6127838567197355
21.504434262162977	1.6127838567197355	1.6127838567197355	1.6127838567197355
21.60492227273383	1.6127838567197355	1.6127838567197355	1.6127838567197355
21.705410283304687	1.6127838567197355	1.6127838567197355	1.6127838567197355
21.805898293875543	1.6020599913279625	1.6020599913279625	1.6020599913279625
21.906386304446396	1.5910646070264993	1.5910646070264993	1.5910646070264993
22.006874315017253	1.5910646070264993	1.5910646070264993	1.5910646070264993
22.107362325588106	1.5910646070264993	1.5910646070264993	1.5910646070264993
22.207850336158963	1.5910646070264993	1.5910646070264993	1.5910646070264993
22.308338346729816	1.5563025007672873	1.5563025007672873	1.5563025007672873
22.408826357300672	1.5563025007672873	1.5563025007672873	1.5563025007672873
22.50931436787153	1.5185139398778875	1.5185139398778875	1.5185139398778875
22.60980237844238	1.5185139398778875	1.5185139398778875	1.5185139398778875
22.710290389013238	1.505149978319906	1.505149978319906	1.505149978319906
22.81077839958409	1.505149978319906	1.505149978319906	1.505149978319906
22.911266410154948	1.462397997898956	1.462397997898956	1.462397997898956
23.0117544207258	1.4313637641589874	1.4313637641589874	1.4313637641589874
23.112242431296657	1.3424226808222062	1.3424226808222062	1.3424226808222062
23.212730441867514	1.3010299956639813	1.3010299956639813	1.3010299956639813
23.313218452438367	1.2304489213782739	1.2304489213782739	1.2304489213782739
23.413706463009223	1.146128035678238	1.146128035678238	1.146128035678238
23.514194473580076	1.1139433523068367	1.1139433523068367	1.1139433523068367
23.614682484150933	1.146128035678238	1.146128035678238	1.146128035678238
23.71517049472179	1.1760912590556813	1.1760912590556813	1.1760912590556813
23.815658505292642	1.2041199826559248	1.2041199826559248	1.2041199826559248
23.9161465158635	1.255272505103306	1.255272505103306	1.255272505103306
24.016634526434352	1.255272505103306	1.255272505103306	1.255272505103306
24.11712253700521	1.255272505103306	1.255272505103306	1.255272505103306
24.21761054757606	1.255272505103306	1.255272505103306	1.255272505103306
24.318098558146918	1.255272505103306	1.255272505103306	1.255272505103306
24.418586568717775	1.2787536009528289	1.2787536009528289	1.2787536009528289
24.519074579288628	1.3222192947339193	1.3222192947339193	1.3222192947339193
24.619562589859484	1.3617278360175928	1.3617278360175928	1.3617278360175928
24.720050600430337	1.3617278360175928	1.3617278360175928	1.3617278360175928
24.820538611001194	1.4313637641589874	1.4313637641589874	1.4313637641589874
24.921026621572047	1.4471580313422192	1.4471580313422192	1.4471580313422192
25.021514632142903	1.462397997898956	1.462397997898956	1.462397997898956
25.12200264271376	1.4913616938342726	1.4913616938342726	1.4913616938342726
25.222490653284613	1.5314789170422551	1.5314789170422551	1.5314789170422551
25.32297866385547	1.5314789170422551	1.5314789170422551	1.5314789170422551
25.423466674426322	1.5185139398778875	1.5185139398778875	1.5185139398778875
25.52395468499718	1.4913616938342726	1.4913616938342726	1.4913616938342726
25.624442695568032	1.462397997898956	1.462397997898956	1.462397997898956
25.72493070613889	1.4471580313422192	1.4471580313422192	1.4471580313422192
25.825418716709745	1.414973347970818	1.414973347970818	1.414973347970818
25.925906727280598	1.3979400086720377	1.3979400086720377	1.3979400086720377
26.026394737851454	1.3617278360175928	1.3617278360175928	1.3617278360175928
26.126882748422307	1.3222192947339193	1.3222192947339193	1.3222192947339193
26.227370758993164	1.3222192947339193	1.3222192947339193	1.3222192947339193
26.327858769564017	1.2787536009528289	1.2787536009528289	1.2787536009528289
26.428346780134873	1.2787536009528289	1.2787536009528289	1.2787536009528289
26.52883479070573	1.255272505103306	1.255272505103306	1.255272505103306
26.629322801276583	1.255272505103306	1.255272505103306	1.255272505103306
26.72981081184744	1.2304489213782739	1.2304489213782739	1.2304489213782739
26.830298822418293	1.146128035678238	1.146128035678238	1.146128035678238
26.93078683298915	1.146128035678238	1.146128035678238	1.146128035678238
27.031274843560002	1.1139433523068367	1.1139433523068367	1.1139433523068367
27.13176285413086	1.0413926851582251	1.0413926851582251	1.0413926851582251
27.232250864701715	1.0413926851582251	1.0413926851582251	1.0413926851582251
27.332738875272568	0.9542425094393249	0.9542425094393249	0.9542425094393249
27.433226885843425	0.9542425094393249	0.9542425094393249	0.9542425094393249
27.533714896414278	0.9030899869919435	0.9030899869919435	0.9030899869919435
27.634202906985134	0.9030899869919435	0.9030899869919435	0.9030899869919435
27.734690917555987	0.8450980400142568	0.8450980400142568	0.8450980400142568
27.835178928126844	0.7781512503836436	0.7781512503836436	0.7781512503836436
27.9356669386977	0.9030899869919435	0.9030899869919435	0.9030899869919435
28.036154949268553	0.9542425094393249	0.9542425094393249	0.9542425094393249
28.13664295983941	1.0	1.0	1.0
28.237130970410263	1.0	1.0	1.0
28.33761898098112	0.9542425094393249	0.9542425094393249	0.9542425094393249
28.438106991551976	1.0	1.0	1.0
28.53859500212283	1.0413926851582251	1.0413926851582251	1.0413926851582251
28.639083012693686	1.0413926851582251	1.0413926851582251	1.0413926851582251
28.73957102326454	1.0791812460476249	1.0791812460476249	1.0791812460476249
28.840059033835395	1.1139433523068367	1.1139433523068367	1.1139433523068367
28.940547044406248	1.146128035678238	1.146128035678238	1.146128035678238
29.041035054977105	1.1760912590556813	1.1760912590556813	1.1760912590556813
29.14152306554796	1.1760912590556813	1.1760912590556813	1.1760912590556813
29.242011076118814	1.2304489213782739	1.2304489213782739	1.2304489213782739
29.34249908668967	1.2304489213782739	1.2304489213782739	1.2304489213782739
29.442987097260524	1.2304489213782739	1.2304489213782739	1.2304489213782739
29.54347510783138	1.2304489213782739	1.2304489213782739	1.2304489213782739
29.643963118402233	1.2304489213782739	1.2304489213782739	1.2304489213782739
29.74445112897309	1.255272505103306	1.255272505103306	1.255272505103306
29.844939139543946	1.255272505103306	1.255272505103306	1.255272505103306
29.9454271501148	1.2304489213782739	1.2304489213782739	1.2304489213782739
30.045915160685656	1.2041199826559248	1.2041199826559248	1.2041199826559248
30.14640317125651	1.2304489213782739	1.2304489213782739	1.2304489213782739
30.246891181827365	1.2041199826559248	1.2041199826559248	1.2041199826559248
30.34737919239822	1.2041199826559248	1.2041199826559248	1.2041199826559248
30.447867202969075	1.2041199826559248	1.2041199826559248	1.2041199826559248
30.54835521353993	1.255272505103306	1.255272505103306	1.255272505103306
30.648843224110784	1.2787536009528289	1.2787536009528289	1.2787536009528289
30.74933123468164	1.2787536009528289	1.2787536009528289	1.2787536009528289
30.849819245252494	1.2304489213782739	1.2304489213782739	1.2304489213782739
30.95030725582335	1.2304489213782739	1.2304489213782739	1.2304489213782739
31.050795266394204	1.2304489213782739	1.2304489213782739	1.2304489213782739
31.15128327696506	1.2304489213782739	1.2304489213782739	1.2304489213782739
31.251771287535917	1.2041199826559248	1.2041199826559248	1.2041199826559248
31.35225929810677	1.2041199826559248	1.2041199826559248	1.2041199826559248
31.452747308677626	1.1760912590556813	1.1760912590556813	1.1760912590556813
31.55323531924848	1.1760912590556813	1.1760912590556813	1.1760912590556813
31.653723329819336	1.1760912590556813	1.1760912590556813	1.1760912590556813
31.75421134039019	1.1760912590556813	1.1760912590556813	1.1760912590556813
31.854699350961045	1.1139433523068367	1.1139433523068367	1.1139433523068367
31.9551873615319	1.1139433523068367	1.1139433523068367	1.1139433523068367
32.055675372102755	1.1139433523068367	1.1139433523068367	1.1139433523068367
32.15616338267361	1.1139433523068367	1.1139433523068367	1.1139433523068367
32.25665139324447	1.1139433523068367	1.1139433523068367	1.1139433523068367
32.35713940381532	1.1139433523068367	1.1139433523068367	1.1139433523068367
32.457627414386174	1.1139433523068367	1.1139433523068367	1.1139433523068367
32.55811542495703	1.0791812460476249	1.0791812460476249	1.0791812460476249
32.65860343552789	1.0791812460476249	1.0791812460476249	1.0791812460476249
32.75909144609874	1.0413926851582251	1.0413926851582251	1.0413926851582251
32.85957945666959	1.0413926851582251	1.0413926851582251	1.0413926851582251
32.96006746724045	1.0	1.0	1.0
33.060555477811306	1.0	1.0	1.0
33.16104348838216	1.0	1.0	1.0
33.26153149895302	1.0	1.0	1.0
33.36201950952387	0.9542425094393249	0.9542425094393249	0.9542425094393249
33.462507520094725	0.9542425094393249	0.9542425094393249	0.9542425094393249
33.56299553066558	0.9542425094393249	0.9542425094393249	0.9542425094393249
33.66348354123644	0.9542425094393249	0.9542425094393249	0.9542425094393249
33.76397155180729	0.9542425094393249	0.9542425094393249	0.9542425094393249
33.864459562378144	0.9542425094393249	0.9542425094393249	0.9542425094393249
33.964947572949	0.9542425094393249	0.9542425094393249	0.9542425094393249
34.06543558351986	1.0	1.0	1.0
34.165923594090714	1.0413926851582251	1.0413926851582251	1.0413926851582251
34.26641160466156	1.0413926851582251	1.0413926851582251	1.0413926851582251
34.36689961523242	1.0413926851582251	1.0413926851582251	1.0413926851582251
34.467387625803276	1.0413926851582251	1.0413926851582251	1.0413926851582251
34.56787563637413	1.0413926851582251	1.0413926851582251	1.0413926851582251
34.66836364694499	1.0791812460476249	1.0791812460476249	1.0791812460476249
34.76885165751584	1.0791812460476249	1.0791812460476249	1.0791812460476249
34.869339668086695	1.0791812460476249	1.0791812460476249	1.0791812460476249
34.96982767865755	1.0791812460476249	1.0791812460476249	1.0791812460476249
35.07031568922841	1.0791812460476249	1.0791812460476249	1.0791812460476249
35.17080369979926	1.1139433523068367	1.1139433523068367	1.1139433523068367
35.271291710370114	1.1139433523068367	1.1139433523068367	1.1139433523068367
35.37177972094097	1.1139433523068367	1.1139433523068367	1.1139433523068367
35.47226773151183	1.1139433523068367	1.1139433523068367	1.1139433523068367
35.572755742082684	1.1139433523068367	1.1139433523068367	1.1139433523068367
35.67324375265353	1.1139433523068367	1.1139433523068367	1.1139433523068367
35.77373176322439	1.1139433523068367	1.1139433523068367	1.1139433523068367
35.87421977379525	1.1139433523068367	1.1139433523068367	1.1139433523068367
35.9747077843661	1.1139433523068367	1.1139433523068367	1.1139433523068367
36.07519579493696	1.1139433523068367	1.1139433523068367	1.1139433523068367
36.17568380550781	1.1139433523068367	1.1139433523068367	1.1139433523068367
36.276171816078666	1.1139433523068367	1.1139433523068367	1.1139433523068367
36.37665982664952	1.1139433523068367	1.1139433523068367	1.1139433523068367
36.47714783722038	1.1139433523068367	1.1139433523068367	1.1139433523068367
36.577635847791235	1.0791812460476249	1.0791812460476249	1.0791812460476249
36.678123858362085	1.0791812460476249	1.0791812460476249	1.0791812460476249
36.77861186893294	1.0791812460476249	1.0791812460476249	1.0791812460476249
36.8790998795038	1.0791812460476249	1.0791812460476249	1.0791812460476249
36.979587890074654	1.0791812460476249	1.0791812460476249	1.0791812460476249
37.080075900645504	1.0413926851582251	1.0413926851582251	1.0413926851582251
37.18056391121636	1.0413926851582251	1.0413926851582251	1.0413926851582251
37.28105192178722	1.0413926851582251	1.0413926851582251	1.0413926851582251
37.38153993235807	1.0413926851582251	1.0413926851582251	1.0413926851582251
37.48202794292893	1.0	1.0	1.0
37.58251595349978	1.0	1.0	1.0
37.683003964070636	0.9542425094393249	0.9542425094393249	0.9542425094393249
37.78349197464149	0.9542425094393249	0.9542425094393249	0.9542425094393249
37.88397998521235	0.8450980400142568	0.8450980400142568	0.8450980400142568
37.984467995783206	0.7781512503836436	0.7781512503836436	0.7781512503836436
38.084956006354055	0.7781512503836436	0.7781512503836436	0.7781512503836436
38.18544401692491	0.7781512503836436	0.7781512503836436	0.7781512503836436
38.28593202749577	0.7781512503836436	0.7781512503836436	0.7781512503836436
38.386420038066625	0.7781512503836436	0.7781512503836436	0.7781512503836436
38.486908048637474	0.7781512503836436	0.7781512503836436	0.7781512503836436
38.58739605920833	0.6989700043360189	0.6989700043360189	0.6989700043360189
38.68788406977919	0.6020599913279624	0.6020599913279624	0.6020599913279624
38.788372080350044	0.47712125471966244	0.47712125471966244	0.47712125471966244
38.8888600909209	0.3010299956639812	0.3010299956639812	0.3010299956639812
38.98934810149175	0.3010299956639812	0.3010299956639812	0.3010299956639812
39.089836112062606	0.3010299956639812	0.3010299956639812	0.3010299956639812
39.19032412263346	0.0	0.0	0.0
39.29081213320432	0.0	0.0	0.0
39.391300143775176	0.0	0.0	0.0
39.491788154346025	0.0	0.0	0.0
39.59227616491688	0.0	0.0	0.0
39.69276417548774	0.0	0.0	0.0
39.793252186058595	0.0	0.0	0.0
39.893740196629444	0.0	0.0	0.0
39.9942282072003	0.0	0.0	0.0
40.09471621777116	0.0	0.0	0.0
40.195204228342014	0.0	0.0	0.0
40.29569223891287	0.0	0.0	0.0
40.39618024948372	0.0	0.0	0.0
40.49666826005458	0.0	0.0	0.0
40.59715627062543	0.0	0.0	0.0
40.69764428119629	0.0	0.0	0.0
