time	diversity	m_div	M_div
2.6025129477483673	0.0	0.0	0.0
2.7027507527172845	0.0	0.0	0.0
2.8029885576862017	0.0	0.0	0.0
2.903226362655119	0.0	0.0	0.0
3.003464167624036	0.0	0.0	0.0
3.1037019725929533	0.0	0.0	0.0
3.2039397775618705	0.0	0.0	0.0
3.3041775825307877	0.0	0.0	0.0
3.404415387499705	0.0	0.0	0.0
3.504653192468622	0.0	0.0	0.0
3.6048909974375394	0.3010299956639812	0.3010299956639812	0.3010299956639812
3.7051288024064566	0.3010299956639812	0.3010299956639812	0.3010299956639812
3.805366607375374	0.3010299956639812	0.3010299956639812	0.3010299956639812
3.905604412344291	0.47712125471966244	0.47712125471966244	0.47712125471966244
4.005842217313209	0.47712125471966244	0.47712125471966244	0.47712125471966244
4.106080022282125	0.47712125471966244	0.47712125471966244	0.47712125471966244
4.206317827251043	0.47712125471966244	0.47712125471966244	0.47712125471966244
4.306555632219959	0.47712125471966244	0.47712125471966244	0.47712125471966244
4.4067934371888775	0.47712125471966244	0.47712125471966244	0.47712125471966244
4.507031242157794	0.47712125471966244	0.47712125471966244	0.47712125471966244
4.607269047126712	0.47712125471966244	0.47712125471966244	0.47712125471966244
4.707506852095628	0.47712125471966244	0.47712125471966244	0.47712125471966244
4.807744657064546	0.47712125471966244	0.47712125471966244	0.47712125471966244
4.907982462033463	0.47712125471966244	0.47712125471966244	0.47712125471966244
5.008220267002381	0.47712125471966244	0.47712125471966244	0.47712125471966244
5.108458071971297	0.47712125471966244	0.47712125471966244	0.47712125471966244
5.208695876940215	0.47712125471966244	0.47712125471966244	0.47712125471966244
5.3089336819091315	0.47712125471966244	0.47712125471966244	0.47712125471966244
5.40917148687805	0.47712125471966244	0.47712125471966244	0.47712125471966244
5.509409291846966	0.47712125471966244	0.47712125471966244	0.47712125471966244
5.609647096815884	0.47712125471966244	0.47712125471966244	0.47712125471966244
5.7098849017848	0.47712125471966244	0.47712125471966244	0.47712125471966244
5.8101227067537184	0.47712125471966244	0.47712125471966244	0.47712125471966244
5.910360511722635	0.47712125471966244	0.47712125471966244	0.47712125471966244
6.010598316691553	0.47712125471966244	0.47712125471966244	0.47712125471966244
6.110836121660469	0.47712125471966244	0.47712125471966244	0.47712125471966244
6.211073926629387	0.47712125471966244	0.47712125471966244	0.47712125471966244
6.311311731598304	0.47712125471966244	0.47712125471966244	0.47712125471966244
6.411549536567222	0.47712125471966244	0.47712125471966244	0.47712125471966244
6.511787341536138	0.47712125471966244	0.47712125471966244	0.47712125471966244
6.612025146505056	0.47712125471966244	0.47712125471966244	0.47712125471966244
6.7122629514739724	0.6020599913279624	0.6020599913279624	0.6020599913279624
6.8125007564428905	0.6020599913279624	0.6020599913279624	0.6020599913279624
6.912738561411807	0.47712125471966244	0.47712125471966244	0.47712125471966244
7.012976366380725	0.47712125471966244	0.47712125471966244	0.47712125471966244
7.113214171349641	0.47712125471966244	0.47712125471966244	0.47712125471966244
7.213451976318559	0.6020599913279624	0.6020599913279624	0.6020599913279624
7.313689781287476	0.6989700043360189	0.6989700043360189	0.6989700043360189
7.413927586256394	0.6989700043360189	0.6989700043360189	0.6989700043360189
7.51416539122531	0.6989700043360189	0.6989700043360189	0.6989700043360189
7.614403196194228	0.6989700043360189	0.6989700043360189	0.6989700043360189
7.7146410011631446	0.6989700043360189	0.6989700043360189	0.6989700043360189
7.814878806132063	0.6989700043360189	0.6989700043360189	0.6989700043360189
7.915116611100979	0.7781512503836436	0.7781512503836436	0.7781512503836436
8.015354416069897	0.7781512503836436	0.7781512503836436	0.7781512503836436
8.115592221038813	0.7781512503836436	0.7781512503836436	0.7781512503836436
8.215830026007731	0.7781512503836436	0.7781512503836436	0.7781512503836436
8.316067830976648	0.7781512503836436	0.7781512503836436	0.7781512503836436
8.416305635945566	0.7781512503836436	0.7781512503836436	0.7781512503836436
8.516543440914482	0.6989700043360189	0.6989700043360189	0.6989700043360189
8.6167812458834	0.7781512503836436	0.7781512503836436	0.7781512503836436
8.717019050852317	0.7781512503836436	0.7781512503836436	0.7781512503836436
8.817256855821235	0.7781512503836436	0.7781512503836436	0.7781512503836436
8.917494660790151	0.7781512503836436	0.7781512503836436	0.7781512503836436
9.01773246575907	0.7781512503836436	0.7781512503836436	0.7781512503836436
9.117970270727985	0.7781512503836436	0.7781512503836436	0.7781512503836436
9.218208075696904	0.6989700043360189	0.6989700043360189	0.6989700043360189
9.31844588066582	0.6989700043360189	0.6989700043360189	0.6989700043360189
9.418683685634738	0.6989700043360189	0.6989700043360189	0.6989700043360189
9.518921490603654	0.6989700043360189	0.6989700043360189	0.6989700043360189
9.619159295572572	0.6989700043360189	0.6989700043360189	0.6989700043360189
9.719397100541489	0.6020599913279624	0.6020599913279624	0.6020599913279624
9.819634905510407	0.47712125471966244	0.47712125471966244	0.47712125471966244
9.919872710479323	0.47712125471966244	0.47712125471966244	0.47712125471966244
10.020110515448241	0.47712125471966244	0.47712125471966244	0.47712125471966244
10.120348320417158	0.47712125471966244	0.47712125471966244	0.47712125471966244
10.220586125386076	0.47712125471966244	0.47712125471966244	0.47712125471966244
10.320823930354992	0.47712125471966244	0.47712125471966244	0.47712125471966244
10.42106173532391	0.3010299956639812	0.3010299956639812	0.3010299956639812
10.521299540292826	0.3010299956639812	0.3010299956639812	0.3010299956639812
10.621537345261745	0.3010299956639812	0.3010299956639812	0.3010299956639812
10.72177515023066	0.3010299956639812	0.3010299956639812	0.3010299956639812
10.822012955199579	0.0	0.0	0.0
10.922250760168497	0.0	0.0	0.0
11.022488565137413	0.0	0.0	0.0
11.12272637010633	0.0	0.0	0.0
11.222964175075248	0.0	0.0	0.0
11.323201980044166	0.0	0.0	0.0
11.423439785013082	0.0	0.0	0.0
11.523677589981999	0.0	0.0	0.0
11.623915394950917	0.0	0.0	0.0
11.724153199919835	0.0	0.0	0.0
11.824391004888751	0.0	0.0	0.0
11.924628809857667	0.0	0.0	0.0
12.024866614826585	0.3010299956639812	0.3010299956639812	0.3010299956639812
12.125104419795504	0.3010299956639812	0.3010299956639812	0.3010299956639812
12.22534222476442	0.3010299956639812	0.3010299956639812	0.3010299956639812
12.325580029733336	0.3010299956639812	0.3010299956639812	0.3010299956639812
12.425817834702254	0.3010299956639812	0.3010299956639812	0.3010299956639812
12.526055639671172	0.3010299956639812	0.3010299956639812	0.3010299956639812
12.626293444640089	0.47712125471966244	0.47712125471966244	0.47712125471966244
12.726531249609005	0.47712125471966244	0.47712125471966244	0.47712125471966244
12.826769054577923	0.47712125471966244	0.47712125471966244	0.47712125471966244
12.927006859546841	0.47712125471966244	0.47712125471966244	0.47712125471966244
13.027244664515758	0.6989700043360189	0.6989700043360189	0.6989700043360189
13.127482469484674	0.7781512503836436	0.7781512503836436	0.7781512503836436
13.227720274453592	0.7781512503836436	0.7781512503836436	0.7781512503836436
13.32795807942251	0.7781512503836436	0.7781512503836436	0.7781512503836436
13.428195884391426	0.8450980400142568	0.8450980400142568	0.8450980400142568
13.528433689360343	0.9030899869919435	0.9030899869919435	0.9030899869919435
13.62867149432926	0.9030899869919435	0.9030899869919435	0.9030899869919435
13.728909299298179	0.9030899869919435	0.9030899869919435	0.9030899869919435
13.829147104267095	0.9030899869919435	0.9030899869919435	0.9030899869919435
13.929384909236012	0.9542425094393249	0.9542425094393249	0.9542425094393249
14.02962271420493	1.0	1.0	1.0
14.129860519173848	0.9542425094393249	0.9542425094393249	0.9542425094393249
14.230098324142764	1.0	1.0	1.0
14.33033612911168	1.0413926851582251	1.0413926851582251	1.0413926851582251
14.430573934080599	1.0413926851582251	1.0413926851582251	1.0413926851582251
14.530811739049517	1.0413926851582251	1.0413926851582251	1.0413926851582251
14.631049544018433	1.0413926851582251	1.0413926851582251	1.0413926851582251
14.73128734898735	1.0	1.0	1.0
14.831525153956267	1.0	1.0	1.0
14.931762958925185	0.9542425094393249	0.9542425094393249	0.9542425094393249
15.032000763894102	0.9542425094393249	0.9542425094393249	0.9542425094393249
15.132238568863018	0.9542425094393249	0.9542425094393249	0.9542425094393249
15.232476373831936	0.9542425094393249	0.9542425094393249	0.9542425094393249
15.332714178800854	0.9542425094393249	0.9542425094393249	0.9542425094393249
15.43295198376977	0.9542425094393249	0.9542425094393249	0.9542425094393249
15.533189788738687	0.9542425094393249	0.9542425094393249	0.9542425094393249
15.633427593707605	0.9030899869919435	0.9030899869919435	0.9030899869919435
15.733665398676523	0.9030899869919435	0.9030899869919435	0.9030899869919435
15.83390320364544	0.9030899869919435	0.9030899869919435	0.9030899869919435
15.934141008614356	0.9030899869919435	0.9030899869919435	0.9030899869919435
16.034378813583274	0.9030899869919435	0.9030899869919435	0.9030899869919435
16.13461661855219	0.9030899869919435	0.9030899869919435	0.9030899869919435
16.234854423521107	0.9542425094393249	0.9542425094393249	0.9542425094393249
16.335092228490023	0.9542425094393249	0.9542425094393249	0.9542425094393249
16.435330033458943	1.0	1.0	1.0
16.53556783842786	1.0	1.0	1.0
16.635805643396775	1.0	1.0	1.0
16.73604344836569	1.0	1.0	1.0
16.83628125333461	1.0	1.0	1.0
16.936519058303528	1.0	1.0	1.0
17.036756863272444	1.0	1.0	1.0
17.13699466824136	1.0	1.0	1.0
17.23723247321028	1.0	1.0	1.0
17.337470278179197	1.0	1.0	1.0
17.437708083148113	1.0	1.0	1.0
17.53794588811703	1.0	1.0	1.0
17.63818369308595	1.0	1.0	1.0
17.738421498054866	1.0	1.0	1.0
17.838659303023782	1.0	1.0	1.0
17.938897107992698	1.0	1.0	1.0
18.039134912961618	1.0	1.0	1.0
18.139372717930534	1.0	1.0	1.0
18.23961052289945	1.0	1.0	1.0
18.339848327868367	1.0	1.0	1.0
18.440086132837287	1.0	1.0	1.0
18.540323937806203	1.0	1.0	1.0
18.64056174277512	1.0	1.0	1.0
18.740799547744036	1.0	1.0	1.0
18.841037352712952	1.0	1.0	1.0
18.941275157681872	1.0	1.0	1.0
19.04151296265079	1.0	1.0	1.0
19.141750767619705	1.0	1.0	1.0
19.241988572588625	1.0	1.0	1.0
19.34222637755754	1.0	1.0	1.0
19.442464182526457	1.0	1.0	1.0
19.542701987495374	1.0	1.0	1.0
19.64293979246429	1.0	1.0	1.0
19.74317759743321	1.0413926851582251	1.0413926851582251	1.0413926851582251
19.843415402402126	1.0413926851582251	1.0413926851582251	1.0413926851582251
19.943653207371042	1.0413926851582251	1.0413926851582251	1.0413926851582251
20.043891012339962	1.0413926851582251	1.0413926851582251	1.0413926851582251
20.14412881730888	1.0413926851582251	1.0413926851582251	1.0413926851582251
20.244366622277795	1.0413926851582251	1.0413926851582251	1.0413926851582251
20.34460442724671	1.0413926851582251	1.0413926851582251	1.0413926851582251
20.444842232215628	1.0413926851582251	1.0413926851582251	1.0413926851582251
20.545080037184547	1.0	1.0	1.0
20.645317842153464	1.0	1.0	1.0
20.74555564712238	1.0	1.0	1.0
20.8457934520913	1.0	1.0	1.0
20.946031257060216	1.0	1.0	1.0
21.046269062029133	1.0	1.0	1.0
21.14650686699805	1.0	1.0	1.0
21.246744671966965	1.0	1.0	1.0
21.346982476935885	1.0	1.0	1.0
21.4472202819048	1.0	1.0	1.0
21.547458086873718	1.0	1.0	1.0
21.647695891842638	1.0	1.0	1.0
21.747933696811554	1.0	1.0	1.0
21.84817150178047	1.0	1.0	1.0
21.948409306749387	1.0	1.0	1.0
22.048647111718303	1.0	1.0	1.0
22.148884916687223	1.0	1.0	1.0
22.24912272165614	1.0	1.0	1.0
22.349360526625055	1.0	1.0	1.0
22.449598331593975	1.0	1.0	1.0
22.54983613656289	1.0	1.0	1.0
22.650073941531808	1.0	1.0	1.0
22.750311746500724	1.0	1.0	1.0
22.85054955146964	1.0	1.0	1.0
22.95078735643856	1.0	1.0	1.0
23.051025161407477	1.0	1.0	1.0
23.151262966376393	1.0413926851582251	1.0413926851582251	1.0413926851582251
23.251500771345313	0.9030899869919435	0.9030899869919435	0.9030899869919435
23.35173857631423	0.8450980400142568	0.8450980400142568	0.8450980400142568
23.451976381283146	0.9542425094393249	0.9542425094393249	0.9542425094393249
23.552214186252062	0.8450980400142568	0.8450980400142568	0.8450980400142568
23.65245199122098	0.7781512503836436	0.7781512503836436	0.7781512503836436
23.752689796189898	0.7781512503836436	0.7781512503836436	0.7781512503836436
23.852927601158814	0.7781512503836436	0.7781512503836436	0.7781512503836436
23.95316540612773	0.7781512503836436	0.7781512503836436	0.7781512503836436
24.05340321109665	0.7781512503836436	0.7781512503836436	0.7781512503836436
24.153641016065567	0.6989700043360189	0.6989700043360189	0.6989700043360189
24.253878821034483	0.7781512503836436	0.7781512503836436	0.7781512503836436
24.3541166260034	0.7781512503836436	0.7781512503836436	0.7781512503836436
24.454354430972316	0.7781512503836436	0.7781512503836436	0.7781512503836436
24.554592235941236	0.7781512503836436	0.7781512503836436	0.7781512503836436
24.654830040910152	0.7781512503836436	0.7781512503836436	0.7781512503836436
24.75506784587907	0.7781512503836436	0.7781512503836436	0.7781512503836436
24.85530565084799	0.7781512503836436	0.7781512503836436	0.7781512503836436
24.955543455816905	0.8450980400142568	0.8450980400142568	0.8450980400142568
25.05578126078582	0.8450980400142568	0.8450980400142568	0.8450980400142568
25.156019065754737	0.8450980400142568	0.8450980400142568	0.8450980400142568
25.256256870723654	0.8450980400142568	0.8450980400142568	0.8450980400142568
25.356494675692574	0.9030899869919435	0.9030899869919435	0.9030899869919435
25.45673248066149	0.9030899869919435	0.9030899869919435	0.9030899869919435
25.556970285630406	0.9030899869919435	0.9030899869919435	0.9030899869919435
25.657208090599326	0.9030899869919435	0.9030899869919435	0.9030899869919435
25.757445895568242	0.9030899869919435	0.9030899869919435	0.9030899869919435
25.85768370053716	0.9030899869919435	0.9030899869919435	0.9030899869919435
25.957921505506075	0.9030899869919435	0.9030899869919435	0.9030899869919435
26.05815931047499	0.8450980400142568	0.8450980400142568	0.8450980400142568
26.15839711544391	0.8450980400142568	0.8450980400142568	0.8450980400142568
26.258634920412828	0.8450980400142568	0.8450980400142568	0.8450980400142568
26.358872725381744	0.7781512503836436	0.7781512503836436	0.7781512503836436
26.459110530350664	0.7781512503836436	0.7781512503836436	0.7781512503836436
26.55934833531958	0.7781512503836436	0.7781512503836436	0.7781512503836436
26.659586140288496	0.6989700043360189	0.6989700043360189	0.6989700043360189
26.759823945257413	0.6989700043360189	0.6989700043360189	0.6989700043360189
26.86006175022633	0.6989700043360189	0.6989700043360189	0.6989700043360189
26.96029955519525	0.6989700043360189	0.6989700043360189	0.6989700043360189
27.060537360164165	0.6989700043360189	0.6989700043360189	0.6989700043360189
27.16077516513308	0.6989700043360189	0.6989700043360189	0.6989700043360189
27.261012970102	0.6989700043360189	0.6989700043360189	0.6989700043360189
27.361250775070918	0.6989700043360189	0.6989700043360189	0.6989700043360189
27.461488580039834	0.6989700043360189	0.6989700043360189	0.6989700043360189
27.56172638500875	0.6989700043360189	0.6989700043360189	0.6989700043360189
27.661964189977667	0.6020599913279624	0.6020599913279624	0.6020599913279624
27.762201994946587	0.47712125471966244	0.47712125471966244	0.47712125471966244
27.862439799915503	0.47712125471966244	0.47712125471966244	0.47712125471966244
27.96267760488442	0.3010299956639812	0.3010299956639812	0.3010299956639812
28.06291540985334	0.0	0.0	0.0
28.163153214822255	-inf	-inf	-inf
28.26339101979117	-inf	-inf	-inf
28.363628824760088	-inf	-inf	-inf
28.463866629729004	-inf	-inf	-inf
28.564104434697924	-inf	-inf	-inf
28.66434223966684	-inf	-inf	-inf
28.764580044635757	-inf	-inf	-inf
28.864817849604677	-inf	-inf	-inf
28.965055654573593	-inf	-inf	-inf
29.06529345954251	-inf	-inf	-inf
29.165531264511426	-inf	-inf	-inf
29.265769069480342	-inf	-inf	-inf
29.366006874449262	-inf	-inf	-inf
29.46624467941818	0.0	0.0	0.0
29.566482484387095	0.0	0.0	0.0
29.666720289356014	0.0	0.0	0.0
29.76695809432493	0.0	0.0	0.0
29.867195899293847	0.0	0.0	0.0
29.967433704262763	0.0	0.0	0.0
30.06767150923168	0.0	0.0	0.0
30.1679093142006	0.0	0.0	0.0
30.268147119169516	0.0	0.0	0.0
30.368384924138432	0.0	0.0	0.0
30.468622729107352	-inf	-inf	-inf
30.56886053407627	-inf	-inf	-inf
30.669098339045185	-inf	-inf	-inf
30.7693361440141	-inf	-inf	-inf
30.869573948983017	-inf	-inf	-inf
30.969811753951937	-inf	-inf	-inf
31.070049558920854	-inf	-inf	-inf
31.17028736388977	-inf	-inf	-inf
31.27052516885869	-inf	-inf	-inf
31.370762973827606	-inf	-inf	-inf
31.471000778796522	-inf	-inf	-inf
31.57123858376544	-inf	-inf	-inf
31.671476388734355	-inf	-inf	-inf
31.771714193703275	-inf	-inf	-inf
31.87195199867219	-inf	-inf	-inf
31.972189803641108	-inf	-inf	-inf
32.07242760861003	-inf	-inf	-inf
32.17266541357895	-inf	-inf	-inf
32.27290321854786	-inf	-inf	-inf
32.37314102351678	-inf	-inf	-inf
32.47337882848569	-inf	-inf	-inf
32.57361663345461	-inf	-inf	-inf
32.67385443842353	-inf	-inf	-inf
32.774092243392445	-inf	-inf	-inf
32.874330048361365	-inf	-inf	-inf
32.974567853330285	-inf	-inf	-inf
33.0748056582992	-inf	-inf	-inf
33.17504346326812	-inf	-inf	-inf
33.27528126823703	-inf	-inf	-inf
33.37551907320595	-inf	-inf	-inf
33.47575687817487	-inf	-inf	-inf
33.57599468314378	-inf	-inf	-inf
33.6762324881127	-inf	-inf	-inf
33.77647029308162	-inf	-inf	-inf
33.876708098050536	0.0	0.0	0.0
33.976945903019455	0.0	0.0	0.0
34.07718370798837	0.0	0.0	0.0
34.17742151295729	0.3010299956639812	0.3010299956639812	0.3010299956639812
34.27765931792621	0.3010299956639812	0.3010299956639812	0.3010299956639812
34.37789712289512	0.3010299956639812	0.3010299956639812	0.3010299956639812
34.47813492786404	0.3010299956639812	0.3010299956639812	0.3010299956639812
34.57837273283296	0.3010299956639812	0.3010299956639812	0.3010299956639812
34.67861053780187	0.3010299956639812	0.3010299956639812	0.3010299956639812
34.77884834277079	0.3010299956639812	0.3010299956639812	0.3010299956639812
34.879086147739706	0.47712125471966244	0.47712125471966244	0.47712125471966244
34.979323952708626	0.47712125471966244	0.47712125471966244	0.47712125471966244
35.07956175767754	0.6020599913279624	0.6020599913279624	0.6020599913279624
35.17979956264646	0.6020599913279624	0.6020599913279624	0.6020599913279624
35.28003736761538	0.6020599913279624	0.6020599913279624	0.6020599913279624
35.38027517258429	0.6020599913279624	0.6020599913279624	0.6020599913279624
35.48051297755321	0.6020599913279624	0.6020599913279624	0.6020599913279624
35.58075078252213	0.6020599913279624	0.6020599913279624	0.6020599913279624
35.68098858749104	0.6020599913279624	0.6020599913279624	0.6020599913279624
35.78122639245996	0.6020599913279624	0.6020599913279624	0.6020599913279624
35.88146419742888	0.6020599913279624	0.6020599913279624	0.6020599913279624
35.981702002397796	0.6020599913279624	0.6020599913279624	0.6020599913279624
36.081939807366716	0.6020599913279624	0.6020599913279624	0.6020599913279624
36.18217761233563	0.6020599913279624	0.6020599913279624	0.6020599913279624
36.28241541730455	0.47712125471966244	0.47712125471966244	0.47712125471966244
36.38265322227347	0.47712125471966244	0.47712125471966244	0.47712125471966244
36.48289102724238	0.47712125471966244	0.47712125471966244	0.47712125471966244
36.5831288322113	0.47712125471966244	0.47712125471966244	0.47712125471966244
36.683366637180214	0.47712125471966244	0.47712125471966244	0.47712125471966244
36.783604442149134	0.47712125471966244	0.47712125471966244	0.47712125471966244
36.883842247118054	0.47712125471966244	0.47712125471966244	0.47712125471966244
36.984080052086966	0.47712125471966244	0.47712125471966244	0.47712125471966244
37.084317857055886	0.47712125471966244	0.47712125471966244	0.47712125471966244
37.184555662024806	0.6020599913279624	0.6020599913279624	0.6020599913279624
37.28479346699372	0.6020599913279624	0.6020599913279624	0.6020599913279624
37.38503127196264	0.6020599913279624	0.6020599913279624	0.6020599913279624
37.48526907693156	0.6020599913279624	0.6020599913279624	0.6020599913279624
37.58550688190047	0.6020599913279624	0.6020599913279624	0.6020599913279624
37.68574468686939	0.6020599913279624	0.6020599913279624	0.6020599913279624
37.785982491838304	0.6989700043360189	0.6989700043360189	0.6989700043360189
37.886220296807224	0.6989700043360189	0.6989700043360189	0.6989700043360189
37.986458101776144	0.6989700043360189	0.6989700043360189	0.6989700043360189
38.08669590674506	0.6989700043360189	0.6989700043360189	0.6989700043360189
38.186933711713976	0.6989700043360189	0.6989700043360189	0.6989700043360189
38.28717151668289	0.6989700043360189	0.6989700043360189	0.6989700043360189
38.38740932165181	0.6989700043360189	0.6989700043360189	0.6989700043360189
38.48764712662073	0.6989700043360189	0.6989700043360189	0.6989700043360189
38.58788493158964	0.6989700043360189	0.6989700043360189	0.6989700043360189
38.68812273655856	0.6989700043360189	0.6989700043360189	0.6989700043360189
38.78836054152748	0.6989700043360189	0.6989700043360189	0.6989700043360189
38.888598346496394	0.6989700043360189	0.6989700043360189	0.6989700043360189
38.988836151465314	0.6989700043360189	0.6989700043360189	0.6989700043360189
39.089073956434234	0.6989700043360189	0.6989700043360189	0.6989700043360189
39.18931176140315	0.6989700043360189	0.6989700043360189	0.6989700043360189
39.28954956637207	0.6989700043360189	0.6989700043360189	0.6989700043360189
39.38978737134098	0.6989700043360189	0.6989700043360189	0.6989700043360189
39.4900251763099	0.6989700043360189	0.6989700043360189	0.6989700043360189
39.59026298127882	0.6989700043360189	0.6989700043360189	0.6989700043360189
39.69050078624773	0.6020599913279624	0.6020599913279624	0.6020599913279624
39.79073859121665	0.6020599913279624	0.6020599913279624	0.6020599913279624
39.890976396185565	0.6020599913279624	0.6020599913279624	0.6020599913279624
39.991214201154484	0.6020599913279624	0.6020599913279624	0.6020599913279624
40.091452006123404	0.6020599913279624	0.6020599913279624	0.6020599913279624
40.19168981109232	0.6020599913279624	0.6020599913279624	0.6020599913279624
40.29192761606124	0.6020599913279624	0.6020599913279624	0.6020599913279624
40.39216542103016	0.6020599913279624	0.6020599913279624	0.6020599913279624
40.49240322599907	0.6989700043360189	0.6989700043360189	0.6989700043360189
40.59264103096799	0.6989700043360189	0.6989700043360189	0.6989700043360189
40.69287883593691	0.6989700043360189	0.6989700043360189	0.6989700043360189
40.79311664090582	0.6989700043360189	0.6989700043360189	0.6989700043360189
40.89335444587474	0.6989700043360189	0.6989700043360189	0.6989700043360189
40.993592250843655	0.6989700043360189	0.6989700043360189	0.6989700043360189
41.093830055812575	0.6989700043360189	0.6989700043360189	0.6989700043360189
41.194067860781495	0.6989700043360189	0.6989700043360189	0.6989700043360189
41.29430566575041	0.6989700043360189	0.6989700043360189	0.6989700043360189
41.39454347071933	0.6989700043360189	0.6989700043360189	0.6989700043360189
41.49478127568824	0.6989700043360189	0.6989700043360189	0.6989700043360189
41.59501908065716	0.6989700043360189	0.6989700043360189	0.6989700043360189
41.69525688562608	0.6020599913279624	0.6020599913279624	0.6020599913279624
41.79549469059499	0.6020599913279624	0.6020599913279624	0.6020599913279624
41.89573249556391	0.6989700043360189	0.6989700043360189	0.6989700043360189
41.99597030053283	0.6989700043360189	0.6989700043360189	0.6989700043360189
42.096208105501745	0.6989700043360189	0.6989700043360189	0.6989700043360189
42.196445910470665	0.6989700043360189	0.6989700043360189	0.6989700043360189
42.296683715439585	0.6020599913279624	0.6020599913279624	0.6020599913279624
42.3969215204085	0.6020599913279624	0.6020599913279624	0.6020599913279624
42.49715932537742	0.6020599913279624	0.6020599913279624	0.6020599913279624
42.59739713034633	0.6020599913279624	0.6020599913279624	0.6020599913279624
42.69763493531525	0.6020599913279624	0.6020599913279624	0.6020599913279624
42.79787274028417	0.6020599913279624	0.6020599913279624	0.6020599913279624
42.89811054525308	0.6020599913279624	0.6020599913279624	0.6020599913279624
42.998348350222	0.6020599913279624	0.6020599913279624	0.6020599913279624
43.098586155190915	0.6020599913279624	0.6020599913279624	0.6020599913279624
43.198823960159835	0.6020599913279624	0.6020599913279624	0.6020599913279624
43.299061765128755	0.6020599913279624	0.6020599913279624	0.6020599913279624
43.39929957009767	0.6020599913279624	0.6020599913279624	0.6020599913279624
43.49953737506659	0.6020599913279624	0.6020599913279624	0.6020599913279624
43.59977518003551	0.6020599913279624	0.6020599913279624	0.6020599913279624
43.70001298500442	0.6020599913279624	0.6020599913279624	0.6020599913279624
43.80025078997334	0.47712125471966244	0.47712125471966244	0.47712125471966244
43.90048859494226	0.47712125471966244	0.47712125471966244	0.47712125471966244
44.00072639991117	0.47712125471966244	0.47712125471966244	0.47712125471966244
44.10096420488009	0.47712125471966244	0.47712125471966244	0.47712125471966244
44.201202009849005	0.47712125471966244	0.47712125471966244	0.47712125471966244
44.301439814817925	0.47712125471966244	0.47712125471966244	0.47712125471966244
44.401677619786845	0.47712125471966244	0.47712125471966244	0.47712125471966244
44.50191542475576	0.47712125471966244	0.47712125471966244	0.47712125471966244
44.60215322972468	0.47712125471966244	0.47712125471966244	0.47712125471966244
44.70239103469359	0.47712125471966244	0.47712125471966244	0.47712125471966244
44.80262883966251	0.47712125471966244	0.47712125471966244	0.47712125471966244
44.90286664463143	0.47712125471966244	0.47712125471966244	0.47712125471966244
45.00310444960034	0.47712125471966244	0.47712125471966244	0.47712125471966244
45.10334225456926	0.47712125471966244	0.47712125471966244	0.47712125471966244
45.20358005953818	0.47712125471966244	0.47712125471966244	0.47712125471966244
45.303817864507096	0.47712125471966244	0.47712125471966244	0.47712125471966244
45.404055669476016	0.47712125471966244	0.47712125471966244	0.47712125471966244
45.504293474444935	0.47712125471966244	0.47712125471966244	0.47712125471966244
45.60453127941385	0.47712125471966244	0.47712125471966244	0.47712125471966244
45.70476908438277	0.47712125471966244	0.47712125471966244	0.47712125471966244
45.80500688935168	0.47712125471966244	0.47712125471966244	0.47712125471966244
45.9052446943206	0.47712125471966244	0.47712125471966244	0.47712125471966244
46.00548249928952	0.47712125471966244	0.47712125471966244	0.47712125471966244
46.10572030425843	0.3010299956639812	0.3010299956639812	0.3010299956639812
46.20595810922735	0.3010299956639812	0.3010299956639812	0.3010299956639812
46.306195914196266	0.3010299956639812	0.3010299956639812	0.3010299956639812
46.406433719165186	0.3010299956639812	0.3010299956639812	0.3010299956639812
46.506671524134106	0.3010299956639812	0.3010299956639812	0.3010299956639812
46.60690932910302	0.3010299956639812	0.3010299956639812	0.3010299956639812
46.70714713407194	0.3010299956639812	0.3010299956639812	0.3010299956639812
46.80738493904086	0.3010299956639812	0.3010299956639812	0.3010299956639812
46.90762274400977	0.3010299956639812	0.3010299956639812	0.3010299956639812
47.00786054897869	0.3010299956639812	0.3010299956639812	0.3010299956639812
47.10809835394761	0.3010299956639812	0.3010299956639812	0.3010299956639812
47.208336158916524	0.3010299956639812	0.3010299956639812	0.3010299956639812
47.30857396388544	0.47712125471966244	0.47712125471966244	0.47712125471966244
47.408811768854356	0.47712125471966244	0.47712125471966244	0.47712125471966244
47.509049573823276	0.47712125471966244	0.47712125471966244	0.47712125471966244
47.609287378792196	0.47712125471966244	0.47712125471966244	0.47712125471966244
47.70952518376111	0.47712125471966244	0.47712125471966244	0.47712125471966244
47.80976298873003	0.47712125471966244	0.47712125471966244	0.47712125471966244
47.91000079369894	0.47712125471966244	0.47712125471966244	0.47712125471966244
48.01023859866786	0.47712125471966244	0.47712125471966244	0.47712125471966244
48.11047640363678	0.47712125471966244	0.47712125471966244	0.47712125471966244
48.210714208605694	0.47712125471966244	0.47712125471966244	0.47712125471966244
48.310952013574614	0.47712125471966244	0.47712125471966244	0.47712125471966244
48.411189818543534	0.47712125471966244	0.47712125471966244	0.47712125471966244
48.511427623512446	0.47712125471966244	0.47712125471966244	0.47712125471966244
48.611665428481366	0.47712125471966244	0.47712125471966244	0.47712125471966244
48.711903233450286	0.47712125471966244	0.47712125471966244	0.47712125471966244
48.8121410384192	0.47712125471966244	0.47712125471966244	0.47712125471966244
48.91237884338812	0.47712125471966244	0.47712125471966244	0.47712125471966244
49.01261664835703	0.47712125471966244	0.47712125471966244	0.47712125471966244
49.11285445332595	0.47712125471966244	0.47712125471966244	0.47712125471966244
49.21309225829487	0.47712125471966244	0.47712125471966244	0.47712125471966244
49.313330063263784	0.47712125471966244	0.47712125471966244	0.47712125471966244
49.413567868232704	0.47712125471966244	0.47712125471966244	0.47712125471966244
49.51380567320162	0.47712125471966244	0.47712125471966244	0.47712125471966244
49.61404347817054	0.47712125471966244	0.47712125471966244	0.47712125471966244
49.71428128313946	0.47712125471966244	0.47712125471966244	0.47712125471966244
49.81451908810837	0.47712125471966244	0.47712125471966244	0.47712125471966244
49.91475689307729	0.47712125471966244	0.47712125471966244	0.47712125471966244
50.01499469804621	0.47712125471966244	0.47712125471966244	0.47712125471966244
50.11523250301512	0.47712125471966244	0.47712125471966244	0.47712125471966244
50.21547030798404	0.47712125471966244	0.47712125471966244	0.47712125471966244
50.31570811295296	0.47712125471966244	0.47712125471966244	0.47712125471966244
50.415945917921874	0.47712125471966244	0.47712125471966244	0.47712125471966244
50.516183722890794	0.47712125471966244	0.47712125471966244	0.47712125471966244
50.61642152785971	0.47712125471966244	0.47712125471966244	0.47712125471966244
50.71665933282863	0.47712125471966244	0.47712125471966244	0.47712125471966244
50.81689713779755	0.47712125471966244	0.47712125471966244	0.47712125471966244
50.91713494276646	0.47712125471966244	0.47712125471966244	0.47712125471966244
51.01737274773538	0.47712125471966244	0.47712125471966244	0.47712125471966244
51.11761055270429	0.47712125471966244	0.47712125471966244	0.47712125471966244
51.21784835767321	0.47712125471966244	0.47712125471966244	0.47712125471966244
51.31808616264213	0.47712125471966244	0.47712125471966244	0.47712125471966244
51.418323967611045	0.47712125471966244	0.47712125471966244	0.47712125471966244
51.518561772579964	0.47712125471966244	0.47712125471966244	0.47712125471966244
51.618799577548884	0.47712125471966244	0.47712125471966244	0.47712125471966244
51.7190373825178	0.47712125471966244	0.47712125471966244	0.47712125471966244
51.81927518748672	0.47712125471966244	0.47712125471966244	0.47712125471966244
51.91951299245564	0.47712125471966244	0.47712125471966244	0.47712125471966244
52.01975079742455	0.47712125471966244	0.47712125471966244	0.47712125471966244
52.11998860239347	0.47712125471966244	0.47712125471966244	0.47712125471966244
52.22022640736238	0.47712125471966244	0.47712125471966244	0.47712125471966244
52.3204642123313	0.47712125471966244	0.47712125471966244	0.47712125471966244
52.42070201730022	0.47712125471966244	0.47712125471966244	0.47712125471966244
52.520939822269135	0.47712125471966244	0.47712125471966244	0.47712125471966244
52.621177627238055	0.47712125471966244	0.47712125471966244	0.47712125471966244
52.72141543220697	0.3010299956639812	0.3010299956639812	0.3010299956639812
52.82165323717589	0.3010299956639812	0.3010299956639812	0.3010299956639812
52.92189104214481	0.3010299956639812	0.3010299956639812	0.3010299956639812
53.02212884711372	0.3010299956639812	0.3010299956639812	0.3010299956639812
53.12236665208264	0.3010299956639812	0.3010299956639812	0.3010299956639812
53.22260445705156	0.3010299956639812	0.3010299956639812	0.3010299956639812
53.32284226202047	0.3010299956639812	0.3010299956639812	0.3010299956639812
53.42308006698939	0.3010299956639812	0.3010299956639812	0.3010299956639812
53.52331787195831	0.3010299956639812	0.3010299956639812	0.3010299956639812
53.623555676927225	0.0	0.0	0.0
53.723793481896145	0.0	0.0	0.0
53.82403128686506	0.0	0.0	0.0
53.92426909183398	0.0	0.0	0.0
54.0245068968029	0.0	0.0	0.0
54.12474470177181	0.0	0.0	0.0
54.22498250674073	0.0	0.0	0.0
54.32522031170964	0.0	0.0	0.0
54.42545811667856	0.0	0.0	0.0
54.52569592164748	0.0	0.0	0.0
54.625933726616395	0.0	0.0	0.0
54.726171531585315	0.0	0.0	0.0
54.826409336554235	0.0	0.0	0.0
54.92664714152315	0.0	0.0	0.0
55.02688494649207	0.0	0.0	0.0
55.12712275146099	0.0	0.0	0.0
