Species	Status	MinT	MaxT
41	extinct	35.39	41.98
41	extinct	41.6	49.06
100	extinct	41.12	42.72
100	extinct	41.32	41.44
100	extinct	41.53	42.73
93	extinct	40.52	41.0
90	extinct	44.29	45.14
103	extinct	41.09	41.26
88	extinct	39.03	42.8
86	extinct	45.27	46.17
99	extinct	41.68	42.16
77	extinct	46.54	47.8
77	extinct	48.81	49.81
77	extinct	47.83	49.9
73	extinct	37.98	48.76
72	extinct	48.62	50.71
66	extinct	49.4	53.88
98	extinct	42.03	42.99
114	extinct	38.37	39.75
114	extinct	39.29	40.29
114	extinct	39.04	40.04
114	extinct	38.96	39.71
107	extinct	40.35	40.92
116	extinct	38.74	39.46
123	extinct	37.8	38.01
123	extinct	37.4	39.52
123	extinct	36.52	38.16
132	extinct	37.08	37.36
110	extinct	39.38	39.58
85	extinct	40.1	41.38
85	extinct	44.28	44.65
126	extinct	33.82	37.65
126	extinct	35.21	35.6
126	extinct	35.06	36.85
126	extinct	36.91	37.63
126	extinct	37.13	38.97
160	extinct	33.73	34.05
160	extinct	34.24	35.16
96	extinct	27.48	27.58
96	extinct	33.41	34.61
96	extinct	31.24	34.16
133	extinct	37.06	37.57
133	extinct	37.02	37.88
133	extinct	36.43	36.47
134	extinct	36.48	37.23
134	extinct	36.41	36.57
155	extinct	34.74	35.19
141	extinct	35.6	36.16
141	extinct	36.49	36.68
141	extinct	36.65	37.11
144	extinct	35.79	36.58
150	extinct	35.72	36.2
164	extinct	32.98	33.92
46	extinct	36.21	56.86
46	extinct	40.99	45.52
94	extinct	31.4	37.03
92	extinct	43.3	43.97
92	extinct	41.36	42.73
92	extinct	28.85	44.0
89	extinct	38.86	45.18
104	extinct	34.43	41.67
119	extinct	36.0	36.21
119	extinct	34.38	36.37
108	extinct	37.7	37.81
108	extinct	35.08	37.71
108	extinct	35.25	36.37
109	extinct	32.36	40.94
109	extinct	38.84	39.69
109	extinct	38.77	38.78
147	extinct	36.25	36.96
115	extinct	39.18	39.45
115	extinct	34.78	36.41
112	extinct	38.91	39.62
112	extinct	35.17	36.8
112	extinct	34.41	36.32
112	extinct	34.62	36.51
112	extinct	36.43	40.27
112	extinct	39.01	39.76
181	extinct	32.05	32.47
180	extinct	26.46	30.6
180	extinct	28.04	31.43
180	extinct	26.3	33.28
177	extinct	31.75	32.44
177	extinct	32.0	33.22
187	extinct	30.37	31.47
178	extinct	32.11	32.88
184	extinct	31.72	31.77
236	extinct	27.68	28.09
174	extinct	32.46	33.6
233	extinct	27.87	28.93
214	extinct	29.37	29.71
214	extinct	29.2	29.93
207	extinct	29.26	29.65
207	extinct	28.88	29.62
207	extinct	29.82	30.45
207	extinct	29.34	29.82
205	extinct	30.81	30.9
173	extinct	23.64	28.83
140	extinct	32.54	34.1
120	extinct	27.43	28.9
120	extinct	32.01	38.11
146	extinct	32.06	33.03
102	extinct	17.98	39.0
153	extinct	34.57	34.97
152	extinct	25.12	25.21
152	extinct	27.74	29.59
154	extinct	32.54	34.14
252	extinct	25.4	25.48
117	extinct	25.34	25.94
117	extinct	20.69	39.51
117	extinct	29.12	33.97
256	extinct	22.67	26.0
256	extinct	23.39	23.64
256	extinct	23.27	25.14
296	extinct	22.41	22.83
296	extinct	23.2	23.97
296	extinct	22.7	24.12
296	extinct	23.69	23.92
294	extinct	24.27	24.71
238	extinct	26.9	28.42
282	extinct	24.96	25.48
282	extinct	24.96	25.8
282	extinct	24.95	25.51
287	extinct	24.6	25.36
288	extinct	23.77	25.55
288	extinct	24.5	24.91
274	extinct	22.48	23.19
274	extinct	25.46	26.08
274	extinct	24.6	25.87
274	extinct	24.88	26.33
274	extinct	22.29	23.2
258	extinct	25.91	26.97
258	extinct	23.59	26.89
270	extinct	24.73	26.43
268	extinct	25.59	26.64
267	extinct	26.14	26.65
267	extinct	26.32	26.56
264	extinct	24.34	25.13
262	extinct	21.19	26.28
262	extinct	24.91	26.05
261	extinct	26.98	27.36
261	extinct	26.4	27.35
261	extinct	26.88	27.36
261	extinct	26.39	27.36
261	extinct	26.82	27.36
261	extinct	27.34	27.35
260	extinct	26.24	26.3
260	extinct	23.23	25.77
322	extinct	22.61	23.26
322	extinct	22.76	23.46
322	extinct	22.93	23.31
303	extinct	22.46	23.57
303	extinct	21.93	22.84
303	extinct	22.57	23.18
303	extinct	22.67	23.19
303	extinct	23.68	23.82
303	extinct	22.39	24.32
210	extinct	20.96	26.08
210	extinct	25.96	30.52
210	extinct	22.19	30.34
210	extinct	16.3	20.26
210	extinct	29.52	30.08
175	extinct	32.22	32.81
175	extinct	31.86	32.45
175	extinct	24.3	30.64
175	extinct	23.24	25.68
175	extinct	24.33	24.76
175	extinct	26.99	31.28
179	extinct	31.42	33.06
179	extinct	17.85	22.12
196	extinct	24.36	29.25
212	extinct	27.06	29.66
212	extinct	29.21	29.79
212	extinct	24.76	28.79
212	extinct	27.36	29.15
213	extinct	25.56	29.49
285	extinct	24.44	24.46
215	extinct	23.03	24.22
215	extinct	24.95	29.91
215	extinct	23.73	25.81
129	extinct	35.74	37.08
219	extinct	22.31	28.38
219	extinct	26.18	26.81
219	extinct	23.45	29.69
219	extinct	25.68	26.98
219	extinct	19.94	28.12
221	extinct	26.23	26.84
221	extinct	28.34	29.06
224	extinct	26.12	26.96
226	extinct	27.64	28.22
226	extinct	26.92	29.42
226	extinct	27.09	27.98
337	extinct	21.18	22.27
337	extinct	20.51	21.94
335	extinct	19.21	22.81
332	extinct	22.05	22.63
324	extinct	21.74	23.2
324	extinct	20.95	23.44
325	extinct	20.5	23.13
325	extinct	21.15	23.24
325	extinct	22.06	22.89
336	extinct	21.84	22.38
336	extinct	21.87	22.29
326	extinct	19.93	22.47
171	extinct	22.94	33.71
171	extinct	25.95	31.26
171	extinct	16.49	32.08
171	extinct	18.51	21.88
341	extinct	21.95	22.88
383	extinct	20.78	21.57
383	extinct	20.91	21.22
383	extinct	20.74	21.21
383	extinct	20.65	21.33
379	extinct	20.21	21.68
379	extinct	19.97	21.02
379	extinct	20.46	21.42
371	extinct	20.51	20.67
370	extinct	20.95	21.88
370	extinct	20.95	21.02
363	extinct	21.7	22.36
358	extinct	21.72	22.27
358	extinct	21.87	22.41
356	extinct	19.38	22.15
356	extinct	20.25	21.77
356	extinct	20.91	22.3
356	extinct	19.66	21.18
356	extinct	19.77	19.98
351	extinct	21.77	22.64
346	extinct	21.73	22.2
364	extinct	21.21	21.96
364	extinct	21.19	21.43
319	extinct	22.09	22.96
319	extinct	22.64	22.95
319	extinct	22.3	22.69
319	extinct	22.29	23.68
319	extinct	22.14	22.95
319	extinct	22.72	23.33
319	extinct	22.46	23.43
319	extinct	22.64	22.87
319	extinct	22.7	23.02
319	extinct	22.11	23.47
319	extinct	22.75	23.05
398	extinct	20.75	20.89
202	extinct	18.67	18.99
202	extinct	14.53	22.6
209	extinct	23.92	29.78
209	extinct	25.17	28.43
209	extinct	24.53	29.77
209	extinct	16.33	30.31
227	extinct	17.89	28.66
227	extinct	20.42	28.32
239	extinct	21.81	23.14
239	extinct	15.33	17.29
239	extinct	22.58	24.17
239	extinct	21.63	21.93
242	extinct	19.42	23.08
251	extinct	19.35	22.7
255	extinct	24.82	27.53
255	extinct	25.62	27.49
255	extinct	22.47	25.55
275	extinct	25.31	26.1
275	extinct	19.62	22.48
275	extinct	25.45	25.95
275	extinct	22.11	25.77
275	extinct	23.37	26.13
275	extinct	19.61	25.38
275	extinct	25.44	26.01
275	extinct	25.51	25.54
275	extinct	21.92	24.38
275	extinct	24.61	25.95
275	extinct	19.33	20.29
275	extinct	18.9	22.99
275	extinct	23.05	24.16
275	extinct	22.23	24.0
275	extinct	22.85	26.51
275	extinct	20.17	23.44
275	extinct	23.0	24.36
277	extinct	23.54	23.78
277	extinct	22.1	25.11
277	extinct	20.64	20.69
283	extinct	16.28	20.53
286	extinct	22.41	23.11
286	extinct	22.57	25.05
289	extinct	23.48	24.18
289	extinct	19.97	19.98
289	extinct	23.12	24.6
289	extinct	21.04	21.26
291	extinct	20.5	24.87
291	extinct	17.3	21.83
291	extinct	20.89	22.38
291	extinct	22.9	24.42
291	extinct	18.69	23.38
292	extinct	20.24	24.35
293	extinct	23.07	24.13
293	extinct	23.6	24.7
293	extinct	22.48	24.73
301	extinct	18.54	22.25
301	extinct	20.47	21.59
310	extinct	23.13	24.05
310	extinct	21.93	23.4
310	extinct	22.06	22.88
320	extinct	22.71	23.46
320	extinct	22.35	23.32
400	extinct	19.98	20.16
