Species	Status	MinT	MaxT
49	extinct	35.67	36.18
49	extinct	51.52	53.99
49	extinct	47.58	51.63
49	extinct	38.89	47.07
133	extinct	42.89	43.42
133	extinct	43.18	43.44
103	extinct	43.9	45.02
103	extinct	43.71	44.05
103	extinct	45.18	46.12
104	extinct	44.8	45.44
104	extinct	43.74	45.81
146	extinct	41.13	41.62
146	extinct	41.2	42.11
146	extinct	41.13	41.65
146	extinct	41.12	41.48
146	extinct	41.02	41.74
146	extinct	41.2	41.46
146	extinct	41.16	41.85
108	extinct	44.42	44.96
108	extinct	42.55	44.77
108	extinct	43.0	43.12
112	extinct	44.33	44.53
112	extinct	41.4	44.77
115	extinct	42.02	43.06
118	extinct	43.6	44.31
119	extinct	41.32	42.2
119	extinct	42.53	42.54
119	extinct	43.37	43.41
119	extinct	42.45	43.19
119	extinct	43.47	44.25
119	extinct	42.36	44.83
119	extinct	41.97	42.07
120	extinct	42.61	44.55
121	extinct	43.56	43.94
121	extinct	43.64	43.81
121	extinct	43.52	44.12
122	extinct	42.76	43.13
122	extinct	42.4	42.79
140	extinct	42.34	42.92
140	extinct	42.29	42.85
140	extinct	42.33	42.43
127	extinct	42.76	43.95
128	extinct	42.9	43.89
128	extinct	42.91	43.65
135	extinct	42.94	43.35
135	extinct	42.94	43.3
135	extinct	43.11	43.33
135	extinct	43.11	43.27
135	extinct	42.69	43.36
135	extinct	42.97	43.34
99	extinct	44.45	44.85
99	extinct	44.21	44.28
99	extinct	43.12	45.87
100	extinct	45.84	46.56
100	extinct	45.78	46.24
100	extinct	45.84	46.57
100	extinct	45.79	46.17
100	extinct	45.77	46.58
100	extinct	45.72	46.07
100	extinct	45.82	46.14
100	extinct	45.82	46.85
96	extinct	39.5	43.76
96	extinct	40.6	45.15
96	extinct	43.65	44.96
96	extinct	44.01	47.08
96	extinct	38.98	47.32
62	extinct	46.76	52.05
74	extinct	43.5	50.46
77	extinct	47.25	48.48
77	extinct	44.91	51.14
77	extinct	42.55	45.67
77	extinct	42.44	48.58
77	extinct	44.71	46.74
81	extinct	48.38	49.42
82	extinct	41.54	41.7
97	extinct	40.22	44.27
88	extinct	46.87	47.44
88	extinct	46.48	47.44
89	extinct	46.9	47.25
89	extinct	46.5	47.94
89	extinct	46.15	46.43
90	extinct	40.11	47.85
90	extinct	39.68	47.44
92	extinct	46.98	47.1
92	extinct	47.01	47.69
150	extinct	36.65	40.73
145	extinct	39.7	40.23
154	extinct	40.13	40.25
148	extinct	41.18	41.38
148	extinct	41.14	41.46
148	extinct	40.24	40.34
75	extinct	48.79	50.95
129	extinct	41.86	41.94
129	extinct	39.31	40.33
132	extinct	39.87	42.2
125	extinct	41.22	42.54
113	extinct	43.02	43.02
113	extinct	38.41	40.32
63	extinct	30.08	34.29
102	extinct	45.7	46.32
102	extinct	37.94	44.13
102	extinct	33.92	36.01
203	extinct	34.86	35.01
203	extinct	32.3	35.01
167	extinct	34.97	36.15
171	extinct	34.8	36.99
188	extinct	37.17	37.38
186	extinct	34.18	37.41
186	extinct	32.85	34.58
186	extinct	33.46	36.67
212	extinct	32.85	33.24
212	extinct	33.23	35.27
212	extinct	34.1	34.83
212	extinct	34.16	34.29
212	extinct	34.07	35.21
179	extinct	35.47	35.84
180	extinct	37.57	38.57
190	extinct	34.49	36.72
190	extinct	36.46	37.43
190	extinct	33.21	36.73
190	extinct	35.27	35.93
190	extinct	33.91	35.59
190	extinct	32.9	34.29
174	extinct	35.1	36.06
185	extinct	34.16	35.66
185	extinct	33.15	35.67
185	extinct	32.35	35.04
159	extinct	35.5	37.03
159	extinct	38.24	39.88
159	extinct	37.84	38.17
159	extinct	36.11	38.08
134	extinct	37.87	42.73
134	extinct	36.13	40.01
134	extinct	35.27	43.44
199	extinct	34.98	35.08
199	extinct	34.84	35.05
199	extinct	34.99	35.76
199	extinct	34.69	36.0
144	extinct	39.55	40.78
144	extinct	36.0	38.96
144	extinct	32.58	39.34
144	extinct	32.79	39.0
144	extinct	35.91	38.82
144	extinct	38.05	39.81
144	extinct	35.55	35.78
106	extinct	38.83	43.3
106	extinct	36.85	41.22
222	extinct	33.8	34.41
94	extinct	44.14	46.51
94	extinct	35.66	42.22
94	extinct	33.9	43.79
94	extinct	38.09	38.98
153	extinct	38.32	40.97
153	extinct	35.87	39.1
153	extinct	39.37	40.08
153	extinct	33.26	34.2
156	extinct	35.58	36.22
156	extinct	37.63	37.93
157	extinct	35.74	39.14
157	extinct	31.83	36.85
184	extinct	31.84	34.01
184	extinct	36.88	37.95
184	extinct	34.09	34.21
184	extinct	33.58	37.73
149	extinct	37.9	38.99
149	extinct	40.92	41.49
149	extinct	40.88	41.49
256	extinct	29.43	31.68
256	extinct	30.7	31.26
256	extinct	30.95	31.78
261	extinct	25.22	28.94
266	extinct	30.3	30.64
266	extinct	30.19	30.41
253	extinct	30.86	31.84
252	extinct	29.74	30.34
250	extinct	30.26	31.46
250	extinct	27.7	28.72
250	extinct	30.74	31.68
248	extinct	31.1	31.18
248	extinct	31.22	32.02
243	extinct	28.58	32.54
237	extinct	32.24	32.27
288	extinct	27.79	29.07
270	extinct	30.09	30.52
270	extinct	29.93	30.17
301	extinct	28.08	28.76
235	extinct	31.72	32.07
235	extinct	32.54	32.73
312	extinct	28.2	28.82
312	extinct	28.26	28.66
314	extinct	28.05	28.59
300	extinct	28.14	28.49
300	extinct	28.3	28.92
300	extinct	28.16	29.05
282	extinct	28.76	30.27
279	extinct	29.79	30.37
277	extinct	28.55	29.83
296	extinct	27.58	28.25
178	extinct	36.51	37.57
207	extinct	29.37	34.84
206	extinct	34.09	35.34
206	extinct	33.26	35.3
138	extinct	27.37	36.41
204	extinct	33.15	34.01
136	extinct	41.44	42.47
136	extinct	23.86	31.78
198	extinct	30.48	34.15
175	extinct	22.12	29.16
175	extinct	23.41	34.73
175	extinct	28.67	38.73
213	extinct	29.28	32.85
181	extinct	32.93	34.01
181	extinct	20.67	32.87
214	extinct	32.68	33.67
226	extinct	31.2	31.24
226	extinct	33.27	34.59
226	extinct	32.7	33.18
220	extinct	27.38	31.77
220	extinct	32.18	32.65
228	extinct	26.88	28.49
219	extinct	26.52	34.19
79	extinct	16.94	43.59
227	extinct	31.19	33.0
227	extinct	32.54	33.04
322	extinct	21.45	26.84
422	extinct	23.24	23.91
422	extinct	23.23	23.77
422	extinct	23.21	23.57
424	extinct	22.91	23.51
335	extinct	24.83	27.69
450	extinct	23.14	23.26
450	extinct	22.54	23.27
450	extinct	22.44	23.27
438	extinct	23.06	23.13
438	extinct	22.67	23.26
334	extinct	26.35	27.45
334	extinct	24.62	26.02
376	extinct	24.76	25.29
376	extinct	24.76	25.51
376	extinct	24.75	25.65
369	extinct	24.22	24.49
369	extinct	24.37	25.75
380	extinct	23.67	24.68
380	extinct	23.98	24.0
361	extinct	21.43	23.64
382	extinct	23.74	24.13
360	extinct	21.62	24.14
360	extinct	22.94	23.73
391	extinct	23.82	23.99
391	extinct	23.77	24.33
338	extinct	24.45	26.79
407	extinct	23.42	24.35
407	extinct	23.81	24.37
407	extinct	23.94	24.33
407	extinct	23.98	24.34
407	extinct	24.03	24.35
352	extinct	24.71	25.24
344	extinct	26.56	26.82
344	extinct	26.47	27.29
344	extinct	26.41	26.74
341	extinct	26.56	27.34
341	extinct	26.54	27.47
340	extinct	21.04	22.87
340	extinct	20.75	25.87
340	extinct	23.21	25.43
350	extinct	25.96	26.62
350	extinct	24.07	25.41
247	extinct	26.51	29.55
247	extinct	24.44	26.43
317	extinct	26.65	27.48
317	extinct	25.21	28.81
317	extinct	25.92	26.78
263	extinct	29.59	30.26
254	extinct	29.04	31.32
254	extinct	26.49	30.92
234	extinct	30.03	32.49
234	extinct	17.69	29.41
223	extinct	19.38	21.55
223	extinct	28.06	29.42
264	extinct	19.91	23.97
209	extinct	20.72	35.01
201	extinct	33.72	33.81
197	extinct	31.13	31.94
195	extinct	31.38	33.52
195	extinct	18.31	22.83
170	extinct	17.55	33.78
98	extinct	22.22	28.68
98	extinct	12.47	46.75
205	extinct	25.85	34.13
274	extinct	26.23	28.32
274	extinct	20.62	30.32
308	extinct	27.64	28.84
308	extinct	19.65	26.46
308	extinct	23.5	26.73
315	extinct	24.13	25.32
315	extinct	24.67	25.59
316	extinct	24.12	27.25
287	extinct	25.01	25.37
287	extinct	27.04	28.9
287	extinct	26.86	28.14
313	extinct	24.32	28.0
313	extinct	24.29	28.14
313	extinct	24.19	27.83
276	extinct	24.34	25.22
276	extinct	23.78	29.66
445	extinct	22.28	22.28
445	extinct	22.2	22.31
444	extinct	21.2	22.24
444	extinct	22.04	23.45
441	extinct	21.08	22.55
440	extinct	18.83	19.09
440	extinct	19.81	20.82
440	extinct	19.87	22.36
440	extinct	22.45	23.09
440	extinct	21.19	22.99
439	extinct	20.55	21.08
439	extinct	21.7	23.26
439	extinct	22.19	22.48
111	extinct	23.45	25.48
433	extinct	20.05	23.37
433	extinct	22.54	23.34
433	extinct	20.22	23.1
433	extinct	20.24	21.57
433	extinct	20.41	21.83
433	extinct	20.7	22.63
432	extinct	20.6	22.16
432	extinct	21.93	22.0
432	extinct	21.34	22.63
432	extinct	22.21	22.9
509	extinct	20.79	21.43
509	extinct	21.1	21.4
509	extinct	20.65	21.35
509	extinct	21.07	21.57
509	extinct	21.17	21.41
481	extinct	19.89	21.59
481	extinct	20.61	21.77
481	extinct	20.7	21.07
481	extinct	19.9	21.08
457	extinct	21.84	22.77
457	extinct	20.44	21.68
457	extinct	19.94	20.82
457	extinct	20.04	20.45
476	extinct	21.15	21.84
499	extinct	21.23	21.61
499	extinct	21.18	21.77
505	extinct	20.76	21.63
505	extinct	20.87	21.62
469	extinct	21.76	22.53
469	extinct	20.72	22.26
469	extinct	21.52	22.02
468	extinct	21.96	22.27
467	extinct	21.8	22.11
464	extinct	22.59	22.88
323	extinct	20.4	26.23
323	extinct	27.04	27.15
323	extinct	21.71	23.08
460	extinct	20.86	22.63
460	extinct	21.68	22.31
458	extinct	22.74	22.98
458	extinct	22.1	22.94
458	extinct	22.72	22.93
507	extinct	20.56	20.68
451	extinct	22.46	23.08
413	extinct	17.86	22.09
295	extinct	27.03	28.19
295	extinct	22.56	22.6
295	extinct	23.39	29.45
295	extinct	27.76	28.2
295	extinct	26.79	28.4
295	extinct	15.34	20.42
295	extinct	26.59	27.21
374	extinct	24.82	25.21
373	extinct	22.96	24.71
373	extinct	18.46	23.61
373	extinct	22.11	24.46
373	extinct	22.09	24.37
373	extinct	21.39	22.32
373	extinct	16.7	25.59
373	extinct	16.95	25.42
373	extinct	23.89	25.82
373	extinct	20.71	23.23
379	extinct	19.98	22.47
379	extinct	19.18	19.64
368	extinct	23.74	25.47
368	extinct	20.56	22.33
364	extinct	22.31	24.85
364	extinct	18.38	26.32
363	extinct	18.7	24.28
362	extinct	23.8	25.71
362	extinct	18.96	19.92
362	extinct	23.07	26.22
281	extinct	28.68	30.11
347	extinct	24.83	25.91
347	extinct	22.01	25.42
517	extinct	20.15	20.63
517	extinct	19.85	20.36
517	extinct	19.65	20.86
517	extinct	19.76	20.43
381	extinct	21.6	23.48
381	extinct	20.81	24.26
303	extinct	21.61	21.62
303	extinct	27.49	27.64
303	extinct	22.95	28.22
303	extinct	26.84	28.44
303	extinct	18.47	23.36
303	extinct	16.43	16.82
384	extinct	22.24	24.96
384	extinct	23.45	24.88
415	extinct	21.32	23.23
415	extinct	23.09	24.18
415	extinct	21.1	21.56
415	extinct	21.36	22.57
415	extinct	22.69	23.56
305	extinct	21.21	28.49
305	extinct	21.1	25.19
305	extinct	19.72	28.47
305	extinct	23.52	28.34
305	extinct	16.29	22.1
305	extinct	24.12	28.1
305	extinct	17.19	24.18
404	extinct	21.02	24.12
403	extinct	23.15	24.47
403	extinct	22.26	22.52
402	extinct	19.23	22.27
402	extinct	22.4	22.54
402	extinct	20.05	24.02
402	extinct	20.31	23.09
401	extinct	23.18	23.29
398	extinct	20.92	24.28
398	extinct	20.09	22.71
202	extinct	26.71	35.87
202	extinct	24.77	29.53
202	extinct	26.55	30.17
202	extinct	20.24	32.7
394	extinct	20.99	23.58
394	extinct	23.67	24.59
394	extinct	20.85	23.4
318	extinct	21.33	21.6
318	extinct	18.69	23.4
318	extinct	23.44	26.55
390	extinct	23.26	24.11
420	extinct	22.98	23.45
420	extinct	22.55	22.95
420	extinct	20.89	21.12
