Species	Status	MinT	MaxT
109	extinct	45.95	46.82
112	extinct	44.94	47.32
112	extinct	44.78	46.42
113	extinct	43.1	46.45
114	extinct	42.09	44.64
114	extinct	43.87	46.81
114	extinct	40.6	42.0
114	extinct	42.37	44.28
116	extinct	43.22	43.4
117	extinct	45.24	45.51
124	extinct	44.07	45.94
124	extinct	44.23	44.44
124	extinct	45.22	45.51
124	extinct	44.84	45.73
124	extinct	44.43	44.91
126	extinct	43.23	45.48
126	extinct	43.28	44.57
127	extinct	41.4	43.68
127	extinct	43.56	45.03
108	extinct	44.87	45.17
108	extinct	44.0	47.6
108	extinct	44.33	46.75
131	extinct	42.57	44.18
131	extinct	42.57	45.77
145	extinct	42.3	43.84
145	extinct	42.42	42.81
145	extinct	43.23	43.69
145	extinct	42.48	43.15
150	extinct	42.53	43.25
150	extinct	42.24	43.68
154	extinct	42.32	43.03
155	extinct	42.32	43.24
155	extinct	42.32	43.1
158	extinct	42.54	42.59
161	extinct	41.46	41.87
133	extinct	43.82	45.21
107	extinct	42.32	43.9
105	extinct	47.43	48.19
105	extinct	46.76	47.22
105	extinct	45.63	48.34
64	extinct	43.6	45.22
64	extinct	36.98	47.41
64	extinct	40.71	51.7
64	extinct	33.35	55.39
64	extinct	45.78	49.01
64	extinct	37.66	53.19
76	extinct	47.3	47.59
76	extinct	49.24	49.56
76	extinct	44.92	45.41
76	extinct	40.48	51.37
76	extinct	43.28	51.12
76	extinct	44.96	49.38
76	extinct	50.51	50.75
77	extinct	40.09	40.98
77	extinct	43.7	43.77
77	extinct	36.27	39.04
78	extinct	48.37	51.16
78	extinct	43.41	44.41
78	extinct	45.28	50.16
63	extinct	43.2	46.74
81	extinct	44.5	46.47
61	extinct	47.44	54.92
61	extinct	33.44	50.76
61	extinct	43.47	52.84
61	extinct	48.83	55.52
84	extinct	45.77	48.12
71	extinct	44.17	52.54
94	extinct	48.58	49.62
94	extinct	47.97	48.51
94	extinct	47.44	49.11
94	extinct	45.64	47.16
104	extinct	45.84	48.38
104	extinct	46.05	48.12
104	extinct	43.11	43.55
104	extinct	43.24	45.19
103	extinct	46.96	48.52
92	extinct	39.05	47.53
92	extinct	38.24	40.36
95	extinct	39.75	42.08
91	extinct	49.5	49.99
152	extinct	39.27	41.45
152	extinct	40.9	41.58
198	extinct	39.06	39.48
191	extinct	39.31	39.82
191	extinct	39.39	39.69
201	extinct	38.98	39.06
201	extinct	39.03	39.2
201	extinct	38.57	39.22
201	extinct	38.92	39.1
159	extinct	35.44	38.95
159	extinct	40.91	41.77
185	extinct	39.58	40.07
48	extinct	50.9	54.72
48	extinct	26.95	38.73
48	extinct	49.98	55.98
48	extinct	26.12	61.19
165	extinct	40.04	40.88
168	extinct	34.51	35.15
204	extinct	38.67	38.87
204	extinct	38.77	38.91
186	extinct	38.69	39.9
177	extinct	39.65	40.7
179	extinct	38.04	40.28
208	extinct	37.74	38.36
208	extinct	37.89	38.41
208	extinct	37.86	38.6
207	extinct	37.46	38.36
196	extinct	38.21	38.46
196	extinct	38.49	39.01
147	extinct	42.43	43.84
147	extinct	39.14	40.07
147	extinct	43.05	43.72
147	extinct	38.75	39.5
147	extinct	41.03	41.77
147	extinct	39.81	40.58
147	extinct	41.79	43.17
149	extinct	39.38	43.14
149	extinct	40.02	42.26
99	extinct	45.73	46.34
99	extinct	36.97	49.01
130	extinct	42.22	44.18
87	extinct	37.31	38.35
87	extinct	46.6	47.52
87	extinct	31.52	37.69
121	extinct	36.31	42.89
211	extinct	36.8	37.86
270	extinct	34.7	35.0
270	extinct	34.39	34.74
270	extinct	34.55	34.76
270	extinct	34.31	34.78
270	extinct	34.03	34.88
209	extinct	33.92	34.09
209	extinct	35.95	38.06
254	extinct	34.76	35.11
254	extinct	34.63	35.58
254	extinct	34.62	34.96
206	extinct	36.83	37.36
258	extinct	33.03	35.19
258	extinct	34.57	35.55
258	extinct	34.16	34.99
263	extinct	34.39	34.73
200	extinct	33.76	34.31
200	extinct	33.25	35.15
212	extinct	37.11	37.53
252	extinct	34.85	35.1
240	extinct	35.61	36.49
240	extinct	36.13	36.43
232	extinct	36.26	36.63
243	extinct	34.94	35.61
228	extinct	34.36	36.39
228	extinct	34.3	35.26
228	extinct	34.01	37.17
228	extinct	35.66	36.22
228	extinct	35.06	37.2
228	extinct	34.43	34.64
274	extinct	33.69	33.78
274	extinct	33.62	34.31
274	extinct	33.64	34.6
274	extinct	33.63	34.05
250	extinct	34.9	35.09
225	extinct	36.34	36.8
225	extinct	36.18	36.61
219	extinct	36.33	37.37
217	extinct	36.46	36.96
253	extinct	35.16	35.5
236	extinct	35.92	36.48
222	extinct	36.21	37.02
222	extinct	35.39	37.18
222	extinct	36.25	36.52
222	extinct	36.09	36.14
222	extinct	35.86	36.89
88	extinct	42.94	48.25
148	extinct	41.26	42.77
148	extinct	34.79	34.82
148	extinct	30.62	31.37
148	extinct	30.38	37.14
148	extinct	37.92	40.92
148	extinct	27.51	39.89
151	extinct	28.84	30.61
129	extinct	43.58	45.01
129	extinct	36.2	40.44
129	extinct	32.1	33.56
129	extinct	28.57	43.15
128	extinct	37.78	45.17
128	extinct	34.13	41.23
128	extinct	30.93	34.05
128	extinct	41.07	44.32
128	extinct	44.96	45.14
128	extinct	40.43	41.83
119	extinct	22.02	30.79
115	extinct	42.18	42.87
173	extinct	33.18	38.68
173	extinct	38.07	38.36
173	extinct	37.59	40.95
175	extinct	37.14	39.19
175	extinct	35.94	37.25
178	extinct	39.62	40.52
181	extinct	39.38	40.36
181	extinct	36.39	37.31
181	extinct	36.54	38.45
193	extinct	38.92	39.85
193	extinct	33.86	38.2
193	extinct	35.39	35.4
193	extinct	38.35	38.91
193	extinct	38.31	38.97
192	extinct	29.09	32.31
188	extinct	33.92	37.69
180	extinct	33.96	34.36
180	extinct	36.39	38.06
296	extinct	31.72	32.3
293	extinct	29.05	32.02
292	extinct	31.64	31.91
289	extinct	29.07	29.22
46	extinct	57.83	58.7
276	extinct	31.86	33.63
278	extinct	31.02	33.12
280	extinct	31.8	34.0
280	extinct	32.76	33.4
283	extinct	29.09	33.44
299	extinct	27.91	28.54
299	extinct	29.44	29.46
393	extinct	27.65	27.87
393	extinct	27.63	27.86
360	extinct	28.27	28.71
360	extinct	28.67	29.19
360	extinct	28.31	29.25
360	extinct	28.53	29.53
357	extinct	28.28	29.11
357	extinct	28.26	28.78
355	extinct	28.89	29.42
333	extinct	27.42	30.78
315	extinct	30.31	30.82
273	extinct	32.69	34.37
304	extinct	28.71	31.62
300	extinct	25.97	27.82
298	extinct	30.26	32.33
242	extinct	31.37	34.68
221	extinct	25.6	36.74
235	extinct	32.41	35.25
235	extinct	30.74	34.64
157	extinct	32.16	37.19
230	extinct	35.99	36.8
230	extinct	29.78	35.08
230	extinct	31.31	36.4
162	extinct	29.55	33.74
176	extinct	32.24	35.48
220	extinct	33.76	36.05
220	extinct	29.18	31.69
169	extinct	38.33	39.19
224	extinct	33.39	35.93
246	extinct	21.1	25.99
383	extinct	27.57	28.58
256	extinct	31.88	35.43
248	extinct	28.64	30.31
100	extinct	44.92	45.32
269	extinct	30.3	31.11
269	extinct	33.68	34.11
262	extinct	28.19	33.83
132	extinct	44.01	45.04
132	extinct	25.15	29.18
132	extinct	35.28	36.31
136	extinct	24.05	37.9
136	extinct	26.23	38.91
136	extinct	37.21	37.96
385	extinct	24.32	26.09
423	extinct	24.52	25.2
423	extinct	23.84	26.65
425	extinct	24.28	24.83
425	extinct	20.52	23.29
413	extinct	27.18	27.33
405	extinct	26.36	27.38
390	extinct	26.95	27.33
390	extinct	25.86	27.31
395	extinct	24.86	25.15
473	extinct	23.39	24.67
442	extinct	25.71	26.05
442	extinct	25.64	25.95
507	extinct	22.62	23.35
455	extinct	24.71	25.12
459	extinct	24.57	25.01
459	extinct	24.35	24.4
484	extinct	23.42	23.85
484	extinct	23.42	23.59
462	extinct	23.7	24.8
463	extinct	24.48	25.12
463	extinct	24.46	25.38
463	extinct	24.47	25.05
482	extinct	24.09	24.67
482	extinct	24.28	24.49
476	extinct	23.87	23.97
514	extinct	22.2	23.13
514	extinct	22.68	23.15
514	extinct	22.17	23.15
514	extinct	22.33	23.16
430	extinct	26.13	26.6
452	extinct	24.38	25.2
452	extinct	24.48	25.84
452	extinct	24.93	25.62
452	extinct	24.28	24.63
452	extinct	23.74	24.76
449	extinct	24.25	24.69
434	extinct	25.44	26.33
435	extinct	25.32	26.26
436	extinct	25.63	26.17
436	extinct	25.93	26.1
436	extinct	25.67	26.35
502	extinct	22.84	23.68
502	extinct	23.1	23.6
502	extinct	23.26	23.65
502	extinct	23.16	23.65
440	extinct	22.8	26.36
444	extinct	25.19	25.84
445	extinct	25.1	25.53
445	extinct	25.08	25.13
445	extinct	25.13	25.69
448	extinct	22.63	22.71
508	extinct	22.58	23.27
272	extinct	29.67	30.11
380	extinct	26.14	27.95
380	extinct	25.16	27.08
337	extinct	26.64	27.02
327	extinct	26.29	30.92
327	extinct	25.25	29.76
324	extinct	29.13	31.06
323	extinct	26.83	28.45
382	extinct	26.82	28.53
303	extinct	23.37	29.97
303	extinct	23.42	31.16
295	extinct	16.96	18.67
295	extinct	23.13	32.02
287	extinct	24.44	32.98
267	extinct	28.89	31.39
261	extinct	19.56	30.9
261	extinct	30.85	33.77
249	extinct	32.91	34.23
249	extinct	31.22	35.47
231	extinct	36.02	36.76
231	extinct	20.01	25.55
231	extinct	35.19	37.05
231	extinct	14.82	15.2
89	extinct	17.85	47.99
89	extinct	20.53	28.81
89	extinct	37.95	42.62
340	extinct	28.72	29.47
340	extinct	25.02	28.17
345	extinct	26.41	28.5
316	extinct	30.47	30.55
316	extinct	29.76	30.21
316	extinct	22.98	30.38
346	extinct	28.82	30.33
346	extinct	25.96	27.67
371	extinct	27.19	27.73
371	extinct	26.08	27.12
372	extinct	27.01	28.62
373	extinct	25.56	25.72
365	extinct	27.15	27.99
359	extinct	28.27	28.53
359	extinct	27.99	29.33
369	extinct	24.15	27.06
358	extinct	19.75	23.54
358	extinct	24.97	25.77
356	extinct	28.14	29.77
370	extinct	26.43	29.01
370	extinct	27.34	29.02
370	extinct	27.48	28.66
370	extinct	26.4	28.6
353	extinct	26.2	26.68
353	extinct	23.22	23.69
378	extinct	27.25	27.64
351	extinct	24.37	25.78
351	extinct	27.94	30.13
348	extinct	26.14	27.75
223	extinct	25.67	37.19
223	extinct	10.67	12.88
223	extinct	34.05	36.13
478	extinct	20.0	20.68
478	extinct	22.89	23.79
478	extinct	22.13	23.16
260	extinct	21.64	28.93
260	extinct	32.74	35.22
260	extinct	14.96	31.95
260	extinct	32.91	34.85
260	extinct	24.65	25.41
260	extinct	25.95	34.05
260	extinct	23.42	27.94
587	extinct	20.34	20.81
587	extinct	20.07	20.57
585	extinct	19.92	20.48
585	extinct	19.89	20.54
585	extinct	20.34	20.7
576	extinct	20.42	20.76
576	extinct	20.1	20.83
576	extinct	20.24	20.9
532	extinct	21.99	22.15
532	extinct	21.71	22.16
492	extinct	21.67	22.33
493	extinct	20.36	23.0
495	extinct	20.98	21.27
194	extinct	8.13	13.46
194	extinct	29.39	35.2
500	extinct	21.81	22.87
503	extinct	22.27	23.44
539	extinct	20.3	21.85
539	extinct	19.63	19.84
539	extinct	21.01	21.65
539	extinct	21.26	21.35
539	extinct	19.73	20.31
539	extinct	21.15	22.28
539	extinct	20.2	22.25
539	extinct	19.88	20.41
499	extinct	21.61	23.54
499	extinct	21.6	23.46
465	extinct	18.5	19.32
426	extinct	18.33	19.51
426	extinct	23.01	25.24
426	extinct	23.43	24.63
428	extinct	23.17	25.89
428	extinct	21.39	22.55
431	extinct	20.74	21.84
334	extinct	18.11	21.71
352	extinct	19.91	21.04
352	extinct	16.03	21.6
352	extinct	22.01	27.6
320	extinct	17.52	22.64
320	extinct	26.77	27.18
320	extinct	25.68	27.84
320	extinct	27.66	29.18
320	extinct	28.95	31.03
320	extinct	17.92	20.85
320	extinct	26.63	29.98
320	extinct	18.48	24.04
319	extinct	24.58	30.47
319	extinct	16.76	19.21
319	extinct	17.74	29.54
319	extinct	15.95	24.16
319	extinct	14.14	20.25
447	extinct	21.32	23.17
447	extinct	22.77	24.22
447	extinct	18.74	23.7
447	extinct	23.18	24.12
447	extinct	23.3	25.06
447	extinct	19.84	21.68
447	extinct	21.51	24.89
447	extinct	20.56	22.68
447	extinct	24.39	25.98
447	extinct	24.2	24.93
447	extinct	21.16	25.37
311	extinct	13.48	20.79
406	extinct	17.82	25.83
406	extinct	25.79	27.59
451	extinct	19.81	23.12
451	extinct	17.64	18.24
451	extinct	24.3	25.36
453	extinct	24.78	24.84
453	extinct	23.29	25.64
402	extinct	19.05	21.65
460	extinct	24.59	25.22
460	extinct	20.41	23.33
460	extinct	21.89	22.8
460	extinct	23.45	23.82
460	extinct	21.81	22.81
366	extinct	19.22	26.23
366	extinct	22.18	29.38
366	extinct	18.97	22.61
366	extinct	25.07	27.82
366	extinct	21.39	29.5
366	extinct	17.65	25.17
366	extinct	25.15	27.9
397	extinct	21.96	23.66
397	extinct	18.95	19.02
397	extinct	19.92	25.33
424	extinct	20.91	26.34
424	extinct	19.7	22.41
424	extinct	17.31	23.39
424	extinct	23.11	25.39
424	extinct	21.54	26.59
424	extinct	25.64	26.45
424	extinct	18.56	27.04
469	extinct	18.82	19.66
469	extinct	21.84	22.17
592	extinct	20.11	20.59
592	extinct	19.96	20.67
592	extinct	19.85	20.59
592	extinct	19.98	20.62
592	extinct	20.16	20.68
592	extinct	20.49	20.68
592	extinct	19.82	20.71
592	extinct	20.35	20.58
592	extinct	20.4	20.62
