clade	species	ts	te
0	1	100.0	76.33
0	2	98.32	96.96
0	3	91.19	78.51
0	4	88.06	63.36
0	5	87.28	64.94
0	6	86.57	84.22
0	7	85.31	62.33
0	8	83.64	82.59
0	9	82.52	64.96
0	10	81.03	57.17
0	11	76.77	76.36
0	12	76.52	73.16
0	13	75.96	65.27
0	14	74.78	53.1
0	15	72.1	63.42
0	16	70.97	65.36
0	17	70.48	61.9
0	18	69.75	65.79
0	19	69.58	67.62
0	20	69.51	61.84
0	21	69.07	55.0
0	22	68.17	60.89
0	23	67.89	66.12
0	24	66.92	52.0
0	25	66.48	27.11
0	26	66.28	66.26
0	27	65.91	25.72
0	28	65.43	62.76
0	29	64.53	43.28
0	30	64.4	54.61
0	31	64.27	57.37
0	32	62.55	27.8
0	33	61.66	59.76
0	34	60.01	32.99
0	35	59.86	59.63
0	36	59.59	43.84
0	37	58.83	41.04
0	38	58.52	46.99
0	39	57.48	54.45
0	40	57.31	50.92
0	41	57.18	55.54
0	42	56.98	51.39
0	43	56.57	55.53
0	44	56.5	24.79
0	45	56.23	45.36
0	46	55.64	37.48
0	47	55.6	35.72
0	48	55.36	50.18
0	49	55.18	45.56
0	50	54.98	54.36
0	51	54.49	42.94
0	52	54.42	32.9
0	53	54.37	42.63
0	54	53.73	43.69
0	55	53.67	52.31
0	56	53.54	49.65
0	57	53.46	53.37
0	58	53.17	39.39
0	59	53.12	48.5
0	60	53.08	51.01
0	61	52.79	49.95
0	62	52.66	34.98
0	63	51.76	50.74
0	64	51.63	48.27
0	65	51.6	35.44
0	66	51.48	51.41
0	67	51.47	38.32
0	68	51.16	50.23
0	69	50.27	48.65
0	70	50.1	45.75
0	71	49.97	38.36
0	72	49.95	46.63
0	73	49.85	24.78
0	74	49.65	33.54
0	75	49.57	49.0
0	76	49.18	42.82
0	77	48.78	8.33
0	78	48.57	37.31
0	79	48.07	44.57
0	80	47.99	43.35
0	81	47.92	44.93
0	82	47.71	45.18
0	83	47.2	36.97
0	84	47.18	45.08
0	85	46.74	40.22
0	86	46.56	34.32
0	87	46.0	33.04
0	88	45.82	42.91
0	89	45.81	40.43
0	90	45.71	9.84
0	91	45.55	38.15
0	92	44.98	38.64
0	93	44.86	35.03
0	94	44.48	25.83
0	95	44.44	43.88
0	96	44.07	43.88
0	97	43.88	41.76
0	98	43.63	40.59
0	99	43.13	42.66
0	100	42.7	32.4
0	101	42.56	26.01
0	102	42.53	36.35
0	103	42.48	40.78
0	104	42.41	39.88
0	105	42.15	39.23
0	106	41.94	41.47
0	107	41.73	37.09
0	108	41.55	40.14
0	109	41.55	37.5
0	110	41.44	40.62
0	111	41.34	30.25
0	112	41.13	27.67
0	113	41.09	33.01
0	114	40.9	36.38
0	115	40.79	29.75
0	116	40.54	40.21
0	117	40.26	27.7
0	118	40.21	25.81
0	119	40.01	32.12
0	120	39.87	20.93
0	121	39.84	34.94
0	122	39.6	31.03
0	123	39.51	33.05
0	124	39.47	34.71
0	125	39.23	33.95
0	126	39.23	39.1
0	127	39.23	36.66
0	128	38.99	38.02
0	129	38.46	24.0
0	130	38.18	29.72
0	131	38.07	29.59
0	132	37.94	35.36
0	133	37.26	33.64
0	134	37.24	0.0
0	135	36.92	32.61
0	136	36.51	10.41
0	137	36.45	0.0
0	138	36.43	33.16
0	139	36.32	33.36
0	140	36.21	25.6
0	141	36.05	10.8
0	142	35.73	35.35
0	143	35.65	35.63
0	144	35.6	32.63
0	145	35.57	31.51
0	146	35.51	32.79
0	147	35.46	19.16
0	148	35.3	34.98
0	149	35.3	4.77
0	150	35.29	20.34
0	151	35.06	25.75
0	152	34.95	34.05
0	153	34.89	33.04
0	154	34.67	14.24
0	155	34.65	26.55
0	156	34.64	20.63
0	157	34.54	33.01
0	158	34.49	27.22
0	159	34.41	0.0
0	160	34.13	31.58
0	161	33.89	25.02
0	162	33.8	5.83
0	163	33.76	26.47
0	164	33.39	0.0
0	165	33.33	25.65
0	166	33.33	28.38
0	167	33.29	32.44
0	168	33.28	27.23
0	169	33.28	15.25
0	170	33.19	22.96
0	171	33.14	0.0
0	172	33.08	24.55
0	173	32.81	30.49
0	174	32.78	29.83
0	175	32.67	21.51
0	176	32.65	8.67
0	177	32.47	0.0
0	178	32.25	7.87
0	179	32.18	23.97
0	180	31.99	12.32
0	181	31.9	15.22
0	182	31.89	29.41
0	183	31.88	27.85
0	184	31.83	27.58
0	185	31.75	12.61
0	186	31.7	22.2
0	187	31.69	27.96
0	188	31.53	0.0
0	189	31.41	18.05
0	190	31.37	0.0
0	191	31.13	27.42
0	192	31.12	0.0
0	193	31.03	11.58
0	194	30.92	3.39
0	195	30.92	29.64
0	196	30.59	12.73
0	197	30.58	9.23
0	198	30.46	9.94
0	199	30.36	12.7
0	200	30.33	3.66
0	201	30.27	30.09
0	202	30.2	24.7
0	203	30.16	22.41
0	204	30.15	27.32
0	205	30.15	10.94
0	206	30.14	18.21
0	207	30.1	25.24
0	208	29.99	22.4
0	209	29.97	24.64
0	210	29.97	22.25
0	211	29.93	9.52
0	212	29.91	14.04
0	213	29.83	28.47
0	214	29.7	25.94
0	215	29.54	28.66
0	216	29.53	18.24
0	217	29.52	22.83
0	218	29.51	18.44
0	219	29.4	24.94
0	220	29.37	21.0
0	221	29.33	20.19
0	222	29.22	16.02
0	223	29.2	27.3
0	224	29.18	9.35
0	225	29.06	21.12
0	226	29.06	16.23
0	227	28.93	24.07
0	228	28.91	21.39
0	229	28.91	27.86
0	230	28.85	15.26
0	231	28.77	18.85
0	232	28.63	20.57
0	233	28.61	14.53
0	234	28.58	23.68
0	235	28.41	5.08
0	236	28.34	8.02
0	237	28.25	0.0
0	238	28.22	18.61
0	239	28.04	22.34
0	240	27.96	4.82
0	241	27.96	16.21
0	242	27.95	25.54
0	243	27.93	0.0
0	244	27.9	16.34
0	245	27.86	0.0
0	246	27.83	3.42
0	247	27.74	8.59
0	248	27.7	25.64
0	249	27.69	22.82
0	250	27.63	27.32
0	251	27.6	27.27
0	252	27.57	23.16
0	253	27.41	23.15
0	254	27.38	19.87
0	255	27.33	5.73
0	256	27.3	19.08
0	257	27.12	19.54
0	258	26.97	0.0
0	259	26.96	23.43
0	260	26.94	22.55
0	261	26.9	24.78
0	262	26.88	25.61
0	263	26.86	17.98
0	264	26.79	6.87
0	265	26.71	20.95
0	266	26.44	17.53
0	267	26.39	10.3
0	268	26.38	14.07
0	269	26.26	21.0
0	270	26.17	23.0
0	271	26.12	5.97
0	272	26.11	17.9
0	273	26.1	15.16
0	274	25.96	23.28
0	275	25.94	21.36
0	276	25.82	16.65
0	277	25.81	16.13
0	278	25.79	23.99
0	279	25.78	15.03
0	280	25.77	18.73
0	281	25.75	25.31
0	282	25.68	24.2
0	283	25.54	10.68
0	284	25.44	0.0
0	285	25.42	13.11
0	286	25.35	21.23
0	287	25.31	20.32
0	288	25.29	21.32
0	289	25.26	24.72
0	290	25.25	23.9
0	291	25.21	22.71
0	292	25.18	0.0
0	293	25.17	8.12
0	294	25.17	6.99
0	295	25.16	8.45
0	296	25.12	23.37
0	297	24.97	19.27
0	298	24.93	20.84
0	299	24.93	12.05
0	300	24.93	19.0
0	301	24.78	23.91
0	302	24.74	0.0
0	303	24.67	20.38
0	304	24.65	20.64
0	305	24.64	11.46
0	306	24.4	0.0
0	307	24.36	13.76
0	308	24.34	14.34
0	309	24.34	23.22
0	310	24.34	16.53
0	311	24.3	17.91
0	312	24.29	1.1
0	313	24.26	21.23
0	314	24.24	16.99
0	315	24.17	21.37
0	316	24.15	0.31
0	317	24.08	11.95
0	318	23.87	23.59
0	319	23.84	17.03
0	320	23.84	18.94
0	321	23.8	22.68
0	322	23.79	23.55
0	323	23.79	9.84
0	324	23.78	21.91
0	325	23.76	6.14
0	326	23.74	7.68
0	327	23.71	16.6
0	328	23.67	3.22
0	329	23.62	16.0
0	330	23.6	8.26
0	331	23.54	22.02
0	332	23.53	11.28
0	333	23.47	0.0
0	334	23.46	16.03
0	335	23.45	21.51
0	336	23.45	10.39
0	337	23.43	21.83
0	338	23.43	15.5
0	339	23.41	22.65
0	340	23.4	22.19
0	341	23.39	22.61
0	342	23.39	12.93
0	343	23.37	20.91
0	344	23.36	17.85
0	345	23.35	20.73
0	346	23.33	9.24
0	347	23.33	18.28
0	348	23.31	0.0
0	349	23.27	0.0
0	350	23.12	7.63
0	351	23.06	6.3
0	352	23.04	21.74
0	353	23.02	11.15
0	354	23.01	0.0
0	355	22.97	21.63
0	356	22.95	21.48
0	357	22.78	21.76
0	358	22.77	0.0
0	359	22.74	11.33
0	360	22.69	8.83
0	361	22.68	20.44
0	362	22.67	14.73
0	363	22.49	4.0
0	364	22.45	20.02
0	365	22.38	19.87
0	366	22.33	21.27
0	367	22.33	0.0
0	368	22.3	19.02
0	369	22.26	20.35
0	370	22.24	1.18
0	371	22.22	16.11
0	372	22.19	22.09
0	373	22.12	11.86
0	374	22.04	0.0
0	375	21.97	16.07
0	376	21.93	20.71
0	377	21.89	7.48
0	378	21.86	2.39
0	379	21.85	0.0
0	380	21.7	19.88
0	381	21.66	0.6
0	382	21.58	0.0
0	383	21.54	11.25
0	384	21.51	19.34
0	385	21.47	17.61
0	386	21.45	19.5
0	387	21.45	0.64
0	388	21.37	19.76
0	389	21.33	19.79
0	390	21.26	12.71
0	391	21.2	18.21
0	392	21.19	0.0
0	393	21.16	8.95
0	394	21.15	6.0
0	395	21.14	14.97
0	396	21.13	13.57
0	397	20.99	18.12
0	398	20.99	13.71
0	399	20.97	12.83
0	400	20.93	12.57
0	401	20.92	3.17
0	402	20.9	16.64
0	403	20.89	0.34
0	404	20.88	7.49
0	405	20.86	0.0
0	406	20.83	6.14
0	407	20.82	6.84
0	408	20.81	16.19
0	409	20.81	20.74
0	410	20.78	6.93
0	411	20.77	0.0
0	412	20.76	13.75
0	413	20.72	0.0
0	414	20.58	0.0
0	415	20.55	15.54
0	416	20.53	18.25
0	417	20.49	14.98
0	418	20.47	1.5
0	419	20.46	0.0
0	420	20.4	17.57
0	421	20.33	0.0
0	422	20.31	16.53
0	423	20.21	14.26
0	424	20.2	19.6
0	425	20.19	0.0
0	426	20.17	17.88
0	427	20.13	0.0
0	428	20.12	12.15
0	429	20.11	15.47
0	430	20.07	0.66
0	431	20.03	15.5
0	432	19.96	0.0
0	433	19.95	10.38
0	434	19.95	19.48
0	435	19.94	18.74
0	436	19.89	14.36
0	437	19.89	0.0
0	438	19.76	10.0
0	439	19.65	12.02
0	440	19.6	16.01
0	441	19.6	14.26
0	442	19.58	8.71
0	443	19.57	19.05
0	444	19.56	0.0
0	445	19.49	17.79
0	446	19.48	0.0
0	447	19.48	2.22
0	448	19.47	8.63
0	449	19.45	14.27
0	450	19.43	11.91
0	451	19.41	19.32
0	452	19.39	18.48
0	453	19.37	0.0
0	454	19.34	8.79
0	455	19.34	11.88
0	456	19.34	12.8
0	457	19.33	0.0
0	458	19.32	13.56
0	459	19.25	5.37
0	460	19.22	12.93
0	461	19.16	17.44
0	462	19.11	0.0
0	463	19.07	16.16
0	464	19.01	0.0
0	465	18.99	17.66
0	466	18.96	15.73
0	467	18.91	8.97
0	468	18.89	0.0
0	469	18.87	18.72
0	470	18.86	3.47
0	471	18.8	18.79
0	472	18.8	0.0
0	473	18.75	0.0
0	474	18.75	14.09
0	475	18.62	0.91
0	476	18.62	12.53
0	477	18.61	16.76
0	478	18.61	18.52
0	479	18.61	10.77
0	480	18.54	18.19
0	481	18.47	5.44
0	482	18.46	11.87
0	483	18.44	18.29
0	484	18.42	12.39
0	485	18.38	4.67
0	486	18.36	14.1
0	487	18.34	10.86
0	488	18.29	11.84
0	489	18.28	12.13
0	490	18.23	17.59
0	491	18.21	4.17
0	492	18.21	17.07
0	493	18.16	0.0
0	494	18.15	4.81
0	495	18.13	16.02
0	496	18.12	17.66
0	497	18.04	16.38
0	498	18.03	6.32
0	499	17.95	4.16
0	500	17.93	0.0
0	501	17.93	16.94
0	502	17.89	0.0
0	503	17.87	4.08
0	504	17.85	11.16
0	505	17.83	0.0
0	506	17.75	11.02
0	507	17.71	12.72
0	508	17.69	0.0
0	509	17.66	17.22
0	510	17.63	17.62
0	511	17.62	0.55
0	512	17.55	17.49
0	513	17.52	10.7
0	514	17.51	15.55
0	515	17.39	10.84
0	516	17.32	0.0
0	517	17.23	15.48
0	518	17.22	11.26
0	519	17.19	6.58
0	520	17.12	15.59
0	521	17.11	5.39
0	522	17.08	16.85
0	523	17.04	0.0
0	524	17.01	10.43
0	525	16.98	5.57
0	526	16.93	16.24
0	527	16.91	15.97
0	528	16.88	16.57
0	529	16.8	16.2
0	530	16.77	5.21
0	531	16.67	12.02
0	532	16.6	5.1
0	533	16.6	14.37
0	534	16.59	0.0
0	535	16.51	11.68
0	536	16.5	12.6
0	537	16.44	2.56
0	538	16.41	11.91
0	539	16.39	9.29
0	540	16.38	8.57
0	541	16.34	14.59
0	542	16.34	16.24
0	543	16.33	2.64
0	544	16.3	0.0
0	545	16.23	12.1
0	546	16.19	0.0
0	547	16.19	0.0
0	548	16.16	15.15
0	549	16.15	9.0
0	550	16.15	14.26
0	551	16.12	14.52
0	552	16.11	14.5
0	553	16.11	13.74
0	554	16.11	15.0
0	555	16.11	14.49
0	556	16.08	15.81
0	557	16.07	7.57
0	558	16.05	4.59
0	559	16.01	8.68
0	560	16.0	0.4
0	561	16.0	14.06
0	562	15.99	11.24
0	563	15.98	8.49
0	564	15.98	0.0
0	565	15.89	5.02
0	566	15.86	6.34
0	567	15.85	4.83
0	568	15.83	3.0
0	569	15.83	13.3
0	570	15.8	12.84
0	571	15.8	10.65
0	572	15.77	6.98
0	573	15.7	0.0
0	574	15.68	13.78
0	575	15.64	15.04
0	576	15.64	0.0
0	577	15.63	7.62
0	578	15.6	0.0
0	579	15.58	0.0
0	580	15.56	6.42
0	581	15.5	14.52
0	582	15.44	12.8
0	583	15.39	0.0
0	584	15.35	7.97
0	585	15.34	0.94
0	586	15.32	12.96
0	587	15.3	9.37
0	588	15.26	10.84
0	589	15.22	0.0
0	590	15.16	14.28
0	591	15.08	12.01
0	592	15.07	13.11
0	593	15.06	0.0
0	594	15.05	0.0
0	595	15.05	11.52
0	596	15.02	10.57
0	597	15.02	8.93
0	598	15.01	0.6
0	599	14.99	11.15
0	600	14.98	11.01
0	601	14.96	7.11
0	602	14.93	8.02
0	603	14.93	3.54
0	604	14.92	11.19
0	605	14.91	10.95
0	606	14.91	4.17
0	607	14.89	0.0
0	608	14.89	14.55
0	609	14.88	6.85
0	610	14.86	14.73
0	611	14.86	13.9
0	612	14.85	0.0
0	613	14.85	9.87
0	614	14.82	1.12
0	615	14.81	11.34
0	616	14.81	13.38
0	617	14.8	5.35
0	618	14.79	13.67
0	619	14.79	3.7
0	620	14.79	10.13
0	621	14.75	13.41
0	622	14.71	0.0
0	623	14.69	11.37
0	624	14.67	11.21
0	625	14.65	13.88
0	626	14.57	10.11
0	627	14.57	10.18
0	628	14.57	3.68
0	629	14.57	6.02
0	630	14.55	0.0
0	631	14.5	8.57
0	632	14.5	8.13
0	633	14.49	10.28
0	634	14.46	12.15
0	635	14.46	0.0
0	636	14.41	9.78
0	637	14.41	6.07
0	638	14.41	0.0
0	639	14.38	13.02
0	640	14.37	12.64
0	641	14.33	12.39
0	642	14.33	7.81
0	643	14.33	9.93
0	644	14.32	9.15
0	645	14.31	14.12
0	646	14.26	12.37
0	647	14.24	12.17
0	648	14.2	11.11
0	649	14.19	0.0
0	650	14.18	6.67
0	651	14.18	4.85
0	652	14.17	13.57
0	653	14.17	0.0
0	654	14.14	0.0
0	655	14.12	9.76
0	656	14.11	2.7
0	657	14.09	0.0
0	658	14.06	7.05
0	659	14.05	11.67
0	660	14.04	0.0
0	661	14.03	0.0
0	662	13.96	3.81
0	663	13.96	9.15
0	664	13.95	12.22
0	665	13.92	9.34
0	666	13.9	0.0
0	667	13.88	5.43
0	668	13.87	0.0
0	669	13.85	1.29
0	670	13.82	3.83
0	671	13.81	5.88
0	672	13.8	8.88
0	673	13.78	0.0
0	674	13.76	0.0
0	675	13.72	13.25
0	676	13.71	11.55
0	677	13.68	11.6
0	678	13.67	0.0
0	679	13.64	11.65
0	680	13.61	7.53
0	681	13.61	8.24
0	682	13.6	0.0
0	683	13.59	11.32
0	684	13.58	9.31
0	685	13.58	10.66
0	686	13.56	0.0
0	687	13.56	9.51
0	688	13.55	0.0
0	689	13.54	13.0
0	690	13.54	11.98
0	691	13.5	0.0
0	692	13.49	8.96
0	693	13.48	2.47
0	694	13.46	0.0
0	695	13.46	9.14
0	696	13.45	11.38
0	697	13.44	7.82
0	698	13.43	4.61
0	699	13.43	9.91
0	700	13.42	6.57
0	701	13.39	12.08
0	702	13.36	2.25
0	703	13.35	0.0
0	704	13.35	3.01
0	705	13.33	0.0
0	706	13.31	4.69
0	707	13.26	11.08
0	708	13.23	0.0
0	709	13.19	1.53
0	710	13.19	0.0
0	711	13.15	12.07
0	712	13.14	0.35
0	713	13.13	2.74
0	714	13.09	11.5
0	715	13.07	0.71
0	716	13.07	0.0
0	717	13.05	0.0
0	718	13.04	4.67
0	719	13.03	10.5
0	720	13.03	11.74
0	721	12.99	0.0
0	722	12.99	4.74
0	723	12.96	4.25
0	724	12.96	0.0
0	725	12.96	7.26
0	726	12.94	10.44
0	727	12.94	5.82
0	728	12.92	11.31
0	729	12.88	0.0
0	730	12.8	6.88
0	731	12.79	4.86
0	732	12.77	6.95
0	733	12.77	4.77
0	734	12.76	0.0
0	735	12.74	12.31
0	736	12.72	0.57
0	737	12.69	0.0
0	738	12.69	4.15
0	739	12.68	7.01
0	740	12.68	8.38
0	741	12.65	8.17
0	742	12.63	2.82
0	743	12.63	0.0
0	744	12.62	6.59
0	745	12.6	9.91
0	746	12.59	12.39
0	747	12.59	6.24
0	748	12.58	5.67
0	749	12.58	10.71
0	750	12.58	5.95
0	751	12.56	10.71
0	752	12.56	0.0
0	753	12.54	0.0
0	754	12.52	6.66
0	755	12.51	11.4
0	756	12.51	4.96
0	757	12.49	12.21
0	758	12.48	9.02
0	759	12.47	5.74
0	760	12.45	6.07
0	761	12.42	0.0
0	762	12.38	12.14
0	763	12.38	10.47
0	764	12.36	0.0
0	765	12.27	8.25
0	766	12.25	9.39
0	767	12.21	12.07
0	768	12.2	11.87
0	769	12.18	1.37
0	770	12.17	0.0
0	771	12.17	11.51
0	772	12.14	0.0
0	773	12.11	9.68
0	774	12.1	1.38
0	775	12.06	10.68
0	776	12.05	0.0
0	777	12.04	8.67
0	778	12.03	10.54
0	779	12.0	6.96
0	780	11.99	6.34
0	781	11.98	8.47
0	782	11.96	0.0
0	783	11.95	8.9
0	784	11.95	6.67
0	785	11.91	0.0
0	786	11.9	4.99
0	787	11.9	10.02
0	788	11.89	5.11
0	789	11.87	7.57
0	790	11.84	0.0
0	791	11.83	8.73
0	792	11.82	4.04
0	793	11.81	0.88
0	794	11.8	8.63
0	795	11.77	10.31
0	796	11.75	8.44
0	797	11.74	0.0
0	798	11.74	0.0
0	799	11.71	0.0
0	800	11.71	0.0
0	801	11.7	5.4
0	802	11.69	9.25
0	803	11.67	9.4
0	804	11.66	10.49
0	805	11.63	3.42
0	806	11.62	2.9
0	807	11.59	0.0
0	808	11.57	0.0
0	809	11.57	0.0
0	810	11.56	0.0
0	811	11.56	8.22
0	812	11.53	11.51
0	813	11.49	8.84
0	814	11.45	8.03
0	815	11.43	7.03
0	816	11.43	0.0
0	817	11.41	8.21
0	818	11.4	11.06
0	819	11.38	0.0
0	820	11.38	7.86
0	821	11.35	0.0
0	822	11.34	3.6
0	823	11.3	0.0
0	824	11.3	7.05
0	825	11.29	0.0
0	826	11.24	0.0
0	827	11.23	2.35
0	828	11.23	0.0
0	829	11.23	0.0
0	830	11.16	0.0
0	831	11.15	6.47
0	832	11.14	10.34
0	833	11.12	0.0
0	834	11.1	9.78
0	835	11.08	0.0
0	836	11.08	6.05
0	837	11.07	8.78
0	838	11.06	7.22
0	839	11.02	10.72
0	840	11.02	0.0
0	841	10.99	7.03
0	842	10.99	9.76
0	843	10.95	6.29
0	844	10.94	0.0
0	845	10.94	0.0
0	846	10.94	7.37
0	847	10.9	9.16
0	848	10.9	3.37
0	849	10.9	4.48
0	850	10.87	0.0
0	851	10.86	0.0
0	852	10.8	9.62
0	853	10.76	2.62
0	854	10.75	0.0
0	855	10.74	0.0
0	856	10.71	5.74
0	857	10.68	10.03
0	858	10.66	9.37
0	859	10.66	6.97
0	860	10.65	8.68
0	861	10.64	7.69
0	862	10.61	3.22
0	863	10.57	9.74
0	864	10.56	4.78
0	865	10.49	3.34
0	866	10.47	0.0
0	867	10.45	0.2
0	868	10.45	6.7
0	869	10.44	1.96
0	870	10.44	0.0
0	871	10.42	0.0
0	872	10.4	6.69
0	873	10.34	0.0
0	874	10.33	3.76
0	875	10.31	6.42
0	876	10.31	0.0
0	877	10.3	8.45
0	878	10.29	0.0
0	879	10.26	0.0
0	880	10.24	9.76
0	881	10.24	7.36
0	882	10.22	9.3
0	883	10.22	8.65
0	884	10.19	0.0
0	885	10.18	5.5
0	886	10.18	8.19
0	887	10.16	9.08
0	888	10.16	0.0
0	889	10.13	7.14
0	890	10.12	3.12
0	891	10.12	0.0
0	892	10.11	0.0
0	893	10.11	0.0
0	894	10.09	0.54
0	895	10.09	7.76
0	896	10.09	0.91
0	897	10.08	8.03
0	898	10.08	7.34
0	899	10.08	9.18
0	900	10.07	6.24
0	901	10.04	0.0
0	902	10.04	2.13
0	903	10.02	6.66
0	904	9.99	4.83
0	905	9.99	0.65
0	906	9.96	7.71
0	907	9.93	9.7
0	908	9.91	9.82
0	909	9.91	8.99
0	910	9.89	0.0
0	911	9.89	0.0
0	912	9.88	7.72
0	913	9.85	0.83
0	914	9.84	9.51
0	915	9.83	0.0
0	916	9.82	7.38
0	917	9.81	0.0
0	918	9.76	8.08
0	919	9.75	9.74
0	920	9.74	5.13
0	921	9.7	8.03
0	922	9.68	0.0
0	923	9.65	0.0
0	924	9.64	0.0
0	925	9.58	7.02
0	926	9.58	2.48
0	927	9.57	0.0
0	928	9.56	0.0
0	929	9.56	6.9
0	930	9.54	3.14
0	931	9.54	4.8
0	932	9.52	0.0
0	933	9.52	4.89
0	934	9.5	0.0
0	935	9.5	8.78
0	936	9.49	6.79
0	937	9.49	6.05
0	938	9.48	0.0
0	939	9.48	0.0
0	940	9.45	8.85
0	941	9.45	0.0
0	942	9.45	5.89
0	943	9.42	4.35
0	944	9.4	3.55
0	945	9.37	5.41
0	946	9.37	3.47
0	947	9.37	8.3
0	948	9.34	5.82
0	949	9.34	8.51
0	950	9.33	0.0
0	951	9.3	0.0
0	952	9.29	3.8
0	953	9.26	0.0
0	954	9.26	0.0
0	955	9.25	7.81
0	956	9.24	5.87
0	957	9.23	1.67
0	958	9.21	2.04
0	959	9.21	3.12
0	960	9.19	6.42
0	961	9.17	4.82
0	962	9.15	0.48
0	963	9.14	8.71
0	964	9.14	2.4
0	965	9.1	0.0
0	966	9.1	3.04
0	967	9.08	0.0
0	968	9.08	8.71
0	969	9.04	2.81
0	970	9.03	0.0
0	971	9.03	0.0
0	972	9.03	0.0
0	973	9.01	0.0
0	974	9.01	7.67
0	975	9.01	0.0
0	976	9.01	0.0
0	977	8.98	0.0
0	978	8.98	0.0
0	979	8.97	0.0
0	980	8.95	6.29
0	981	8.93	7.45
0	982	8.92	0.0
0	983	8.88	0.0
0	984	8.86	4.4
0	985	8.86	8.15
0	986	8.84	0.0
0	987	8.82	0.0
0	988	8.82	7.04
0	989	8.81	3.12
0	990	8.8	0.0
0	991	8.8	7.83
0	992	8.77	6.19
0	993	8.77	8.11
0	994	8.76	2.06
0	995	8.75	6.37
0	996	8.75	4.64
0	997	8.74	0.0
0	998	8.74	0.0
0	999	8.72	6.29
0	1000	8.72	7.99
0	1001	8.71	7.37
0	1002	8.71	1.41
0	1003	8.7	5.66
0	1004	8.69	0.0
0	1005	8.67	0.0
0	1006	8.66	5.64
0	1007	8.66	0.0
0	1008	8.64	7.97
0	1009	8.63	0.0
0	1010	8.63	0.0
0	1011	8.62	0.0
0	1012	8.61	6.08
0	1013	8.61	5.54
0	1014	8.59	6.73
0	1015	8.57	0.0
0	1016	8.57	5.39
0	1017	8.55	4.04
0	1018	8.54	4.97
0	1019	8.54	0.0
0	1020	8.53	0.0
0	1021	8.53	8.47
0	1022	8.53	3.61
0	1023	8.51	0.0
0	1024	8.49	0.0
0	1025	8.49	0.0
0	1026	8.46	3.02
0	1027	8.46	5.29
0	1028	8.45	0.0
0	1029	8.45	2.19
0	1030	8.44	5.27
0	1031	8.43	0.0
0	1032	8.39	6.93
0	1033	8.38	4.74
0	1034	8.38	2.29
0	1035	8.37	3.06
0	1036	8.37	0.0
0	1037	8.37	7.1
0	1038	8.36	0.0
0	1039	8.35	0.0
0	1040	8.34	7.9
0	1041	8.33	2.98
0	1042	8.32	5.95
0	1043	8.3	0.0
0	1044	8.3	5.82
0	1045	8.25	6.13
0	1046	8.24	6.91
0	1047	8.24	8.21
0	1048	8.22	6.15
0	1049	8.19	0.0
0	1050	8.16	1.59
0	1051	8.16	4.33
0	1052	8.15	7.94
0	1053	8.15	3.65
0	1054	8.15	0.42
0	1055	8.13	5.66
0	1056	8.12	7.02
0	1057	8.11	8.04
0	1058	8.07	6.83
0	1059	8.06	6.74
0	1060	8.03	0.0
0	1061	8.02	0.0
0	1062	8.01	0.0
0	1063	8.0	0.0
0	1064	7.99	0.0
0	1065	7.98	3.62
0	1066	7.97	0.0
0	1067	7.94	0.0
0	1068	7.94	0.0
0	1069	7.89	1.7
0	1070	7.89	0.0
0	1071	7.86	4.15
0	1072	7.86	3.33
0	1073	7.85	0.99
0	1074	7.85	1.83
0	1075	7.84	0.0
0	1076	7.83	7.21
0	1077	7.82	6.45
0	1078	7.82	0.0
0	1079	7.79	6.1
0	1080	7.79	0.0
0	1081	7.79	3.12
0	1082	7.79	7.5
0	1083	7.78	0.0
0	1084	7.75	6.36
0	1085	7.74	6.02
0	1086	7.74	6.0
0	1087	7.69	3.94
0	1088	7.69	0.0
0	1089	7.68	6.37
0	1090	7.67	7.25
0	1091	7.62	0.0
0	1092	7.62	2.68
0	1093	7.57	4.55
0	1094	7.54	4.16
0	1095	7.53	7.01
0	1096	7.51	6.03
0	1097	7.51	0.0
0	1098	7.51	0.0
0	1099	7.49	0.0
0	1100	7.49	0.0
0	1101	7.47	0.0
0	1102	7.47	0.0
0	1103	7.46	6.72
0	1104	7.45	2.9
0	1105	7.45	1.93
0	1106	7.44	4.53
0	1107	7.41	0.0
0	1108	7.41	5.04
0	1109	7.4	6.16
0	1110	7.35	0.0
0	1111	7.32	0.0
0	1112	7.29	4.71
0	1113	7.26	1.31
0	1114	7.26	4.46
0	1115	7.26	0.0
0	1116	7.25	0.0
0	1117	7.21	0.0
0	1118	7.21	0.0
0	1119	7.18	2.18
0	1120	7.17	0.0
0	1121	7.15	0.3
0	1122	7.14	0.0
0	1123	7.08	0.0
0	1124	7.07	0.0
0	1125	7.07	0.0
0	1126	7.05	0.0
0	1127	7.04	6.09
0	1128	7.04	0.0
0	1129	7.02	1.79
0	1130	7.0	0.0
0	1131	6.98	2.91
0	1132	6.97	6.41
0	1133	6.97	0.0
0	1134	6.95	2.8
0	1135	6.94	1.5
0	1136	6.94	0.0
0	1137	6.94	0.0
0	1138	6.93	0.0
0	1139	6.92	0.0
0	1140	6.91	0.0
0	1141	6.86	3.77
0	1142	6.84	5.19
0	1143	6.82	0.0
0	1144	6.81	0.0
0	1145	6.72	0.0
0	1146	6.71	0.0
0	1147	6.7	0.0
0	1148	6.69	4.91
0	1149	6.69	0.0
0	1150	6.69	0.0
0	1151	6.68	0.0
0	1152	6.68	0.0
0	1153	6.65	3.04
0	1154	6.6	5.43
0	1155	6.6	0.0
0	1156	6.6	0.0
0	1157	6.57	0.0
0	1158	6.57	0.0
0	1159	6.53	4.15
0	1160	6.53	0.0
0	1161	6.53	0.0
0	1162	6.53	2.91
0	1163	6.53	0.0
0	1164	6.53	0.0
0	1165	6.53	0.0
0	1166	6.46	0.0
0	1167	6.46	6.02
0	1168	6.45	3.16
0	1169	6.43	4.12
0	1170	6.42	0.0
0	1171	6.41	1.62
0	1172	6.4	1.42
0	1173	6.4	0.79
0	1174	6.39	0.0
0	1175	6.39	4.42
0	1176	6.39	0.0
0	1177	6.38	0.0
0	1178	6.38	5.9
0	1179	6.36	6.27
0	1180	6.36	3.27
0	1181	6.36	3.96
0	1182	6.35	3.67
0	1183	6.34	0.0
0	1184	6.34	4.31
0	1185	6.33	0.0
0	1186	6.31	0.0
0	1187	6.3	0.0
0	1188	6.29	0.0
0	1189	6.28	0.0
0	1190	6.28	2.91
0	1191	6.24	2.98
0	1192	6.22	0.0
0	1193	6.22	2.67
0	1194	6.2	4.16
0	1195	6.19	0.0
0	1196	6.18	0.0
0	1197	6.17	0.0
0	1198	6.17	0.0
0	1199	6.11	0.0
0	1200	6.11	2.91
0	1201	6.11	0.0
0	1202	6.1	0.0
0	1203	6.1	2.02
0	1204	6.09	4.07
0	1205	6.09	1.94
0	1206	6.08	5.62
0	1207	6.08	0.0
0	1208	6.08	0.0
0	1209	6.07	3.39
0	1210	6.07	0.0
0	1211	6.05	0.0
0	1212	6.04	1.6
0	1213	6.03	5.13
0	1214	6.03	4.28
0	1215	5.99	2.78
0	1216	5.96	0.0
0	1217	5.92	0.0
0	1218	5.91	2.8
0	1219	5.88	3.5
0	1220	5.86	0.0
0	1221	5.85	0.0
0	1222	5.82	0.0
0	1223	5.81	1.99
0	1224	5.81	0.0
0	1225	5.8	0.0
0	1226	5.79	0.0
0	1227	5.79	0.35
0	1228	5.78	3.82
0	1229	5.78	5.15
0	1230	5.76	0.0
0	1231	5.73	0.58
0	1232	5.73	0.0
0	1233	5.72	3.98
0	1234	5.69	0.0
0	1235	5.69	0.0
0	1236	5.69	0.0
0	1237	5.69	0.0
0	1238	5.66	0.0
0	1239	5.66	0.0
0	1240	5.66	0.0
0	1241	5.66	1.8
0	1242	5.66	0.0
0	1243	5.65	4.74
0	1244	5.65	0.0
0	1245	5.64	0.0
0	1246	5.63	0.0
0	1247	5.62	0.0
0	1248	5.61	0.0
0	1249	5.6	0.0
0	1250	5.58	0.21
0	1251	5.56	0.0
0	1252	5.56	0.0
0	1253	5.55	0.0
0	1254	5.54	3.94
0	1255	5.54	4.38
0	1256	5.52	0.0
0	1257	5.49	0.0
0	1258	5.48	3.23
0	1259	5.48	0.0
0	1260	5.47	1.27
0	1261	5.46	0.73
0	1262	5.44	0.0
0	1263	5.42	0.0
0	1264	5.41	1.41
0	1265	5.4	0.0
0	1266	5.4	0.0
0	1267	5.38	0.0
0	1268	5.36	0.0
0	1269	5.36	0.0
0	1270	5.36	0.0
0	1271	5.33	0.0
0	1272	5.31	0.0
0	1273	5.31	0.0
0	1274	5.31	0.0
0	1275	5.28	0.91
0	1276	5.27	0.0
0	1277	5.26	3.88
0	1278	5.26	0.0
0	1279	5.25	0.0
0	1280	5.24	0.0
0	1281	5.24	1.88
0	1282	5.23	0.0
0	1283	5.23	2.03
0	1284	5.23	0.0
0	1285	5.2	4.46
0	1286	5.18	0.0
0	1287	5.18	0.0
0	1288	5.15	0.0
0	1289	5.12	1.94
0	1290	5.12	0.0
0	1291	5.12	0.0
0	1292	5.12	1.01
0	1293	5.11	0.0
0	1294	5.08	4.15
0	1295	5.06	0.0
0	1296	5.06	4.93
0	1297	5.04	0.0
0	1298	5.02	4.47
0	1299	5.01	0.81
0	1300	5.0	0.0
0	1301	5.0	0.0
0	1302	4.99	1.65
0	1303	4.98	0.0
0	1304	4.98	3.71
0	1305	4.94	0.0
0	1306	4.93	2.7
0	1307	4.92	1.7
0	1308	4.88	3.45
0	1309	4.88	0.0
0	1310	4.87	2.99
0	1311	4.86	0.0
0	1312	4.84	0.86
0	1313	4.83	0.0
0	1314	4.8	0.0
0	1315	4.8	0.0
0	1316	4.79	0.0
0	1317	4.79	0.0
0	1318	4.78	0.0
0	1319	4.77	4.51
0	1320	4.77	0.0
0	1321	4.77	0.0
0	1322	4.76	3.68
0	1323	4.76	0.0
0	1324	4.75	0.0
0	1325	4.74	0.0
0	1326	4.74	2.78
0	1327	4.74	0.0
0	1328	4.73	0.0
0	1329	4.72	2.41
0	1330	4.69	0.0
0	1331	4.69	0.0
0	1332	4.68	0.0
0	1333	4.68	2.13
0	1334	4.67	3.59
0	1335	4.64	0.0
0	1336	4.6	0.0
0	1337	4.59	0.0
0	1338	4.58	0.0
0	1339	4.57	0.0
0	1340	4.56	0.0
0	1341	4.56	1.22
0	1342	4.55	2.21
0	1343	4.55	0.0
0	1344	4.55	0.0
0	1345	4.54	1.56
0	1346	4.54	2.17
0	1347	4.54	0.0
0	1348	4.53	2.01
0	1349	4.53	2.67
0	1350	4.52	0.0
0	1351	4.52	0.0
0	1352	4.52	0.0
0	1353	4.48	0.0
0	1354	4.48	0.0
0	1355	4.48	0.0
0	1356	4.46	0.6
0	1357	4.44	0.0
0	1358	4.43	0.0
0	1359	4.42	0.0
0	1360	4.4	1.93
0	1361	4.38	4.02
0	1362	4.37	0.0
0	1363	4.37	0.0
0	1364	4.34	0.0
0	1365	4.33	0.0
0	1366	4.32	0.0
0	1367	4.31	0.0
0	1368	4.31	0.0
0	1369	4.3	0.0
0	1370	4.3	0.0
0	1371	4.3	0.0
0	1372	4.28	0.0
0	1373	4.28	1.99
0	1374	4.27	3.38
0	1375	4.26	0.78
0	1376	4.25	0.0
0	1377	4.25	2.4
0	1378	4.24	0.0
0	1379	4.24	3.59
0	1380	4.23	1.45
0	1381	4.23	0.0
0	1382	4.21	0.98
0	1383	4.21	0.0
0	1384	4.19	0.69
0	1385	4.17	0.22
0	1386	4.17	0.0
0	1387	4.15	0.0
0	1388	4.15	0.0
0	1389	4.15	0.0
0	1390	4.15	0.0
0	1391	4.13	0.0
0	1392	4.13	0.0
0	1393	4.11	0.0
0	1394	4.09	0.0
0	1395	4.09	0.93
0	1396	4.07	0.0
0	1397	4.07	0.0
0	1398	4.06	0.0
0	1399	4.05	0.0
0	1400	4.04	3.47
0	1401	4.04	0.0
0	1402	4.03	3.25
0	1403	4.03	1.72
0	1404	4.03	3.46
0	1405	4.03	0.0
0	1406	4.02	0.0
0	1407	4.02	0.0
0	1408	4.01	0.0
0	1409	4.01	0.0
0	1410	4.01	0.0
0	1411	4.0	0.0
0	1412	4.0	3.39
0	1413	3.99	0.0
0	1414	3.99	0.0
0	1415	3.98	3.2
0	1416	3.98	0.0
0	1417	3.97	0.0
0	1418	3.95	0.0
0	1419	3.95	1.69
0	1420	3.95	2.06
0	1421	3.94	0.0
0	1422	3.93	0.0
0	1423	3.9	0.0
0	1424	3.9	3.0
0	1425	3.9	3.8
0	1426	3.9	0.0
0	1427	3.89	0.0
0	1428	3.89	0.0
0	1429	3.89	0.0
0	1430	3.87	3.36
0	1431	3.86	0.0
0	1432	3.84	0.0
0	1433	3.83	0.0
0	1434	3.83	0.0
0	1435	3.82	0.0
0	1436	3.82	0.02
0	1437	3.82	0.0
0	1438	3.81	0.0
0	1439	3.8	0.0
0	1440	3.79	0.0
0	1441	3.78	2.4
0	1442	3.77	0.0
0	1443	3.77	0.0
0	1444	3.76	2.77
0	1445	3.76	0.0
0	1446	3.75	0.0
0	1447	3.75	3.49
0	1448	3.74	0.34
0	1449	3.73	1.9
0	1450	3.73	0.0
0	1451	3.72	3.28
0	1452	3.72	2.84
0	1453	3.71	0.0
0	1454	3.71	0.0
0	1455	3.71	0.63
0	1456	3.7	0.0
0	1457	3.69	0.0
0	1458	3.69	0.86
0	1459	3.68	0.0
0	1460	3.68	0.0
0	1461	3.65	0.0
0	1462	3.65	0.66
0	1463	3.65	0.0
0	1464	3.65	0.68
0	1465	3.64	0.0
0	1466	3.61	3.35
0	1467	3.61	0.92
0	1468	3.6	0.0
0	1469	3.59	0.0
0	1470	3.58	0.0
0	1471	3.52	0.37
0	1472	3.52	0.0
0	1473	3.51	0.0
0	1474	3.49	0.05
0	1475	3.49	0.0
0	1476	3.48	0.0
0	1477	3.48	1.32
0	1478	3.47	0.0
0	1479	3.45	0.0
0	1480	3.43	0.06
0	1481	3.42	0.0
0	1482	3.42	0.0
0	1483	3.39	0.0
0	1484	3.38	0.0
0	1485	3.38	0.0
0	1486	3.38	0.0
0	1487	3.37	0.0
0	1488	3.37	0.0
0	1489	3.36	0.0
0	1490	3.36	0.0
0	1491	3.35	0.0
0	1492	3.35	2.37
0	1493	3.35	0.13
0	1494	3.34	0.0
0	1495	3.33	2.37
0	1496	3.33	0.0
0	1497	3.32	3.19
0	1498	3.32	0.0
0	1499	3.31	0.0
0	1500	3.3	1.77
0	1501	3.29	0.0
0	1502	3.27	1.94
0	1503	3.27	0.0
0	1504	3.27	1.89
0	1505	3.26	0.0
0	1506	3.26	1.84
0	1507	3.25	0.0
0	1508	3.24	0.38
0	1509	3.21	0.0
0	1510	3.2	0.0
0	1511	3.18	0.0
0	1512	3.18	0.0
0	1513	3.16	0.0
0	1514	3.13	0.0
0	1515	3.12	0.0
0	1516	3.11	0.0
0	1517	3.11	0.0
0	1518	3.1	0.0
0	1519	3.09	0.0
0	1520	3.08	0.0
0	1521	3.07	0.0
0	1522	3.06	0.0
0	1523	3.05	2.46
0	1524	3.05	0.0
0	1525	3.04	0.0
0	1526	3.03	0.0
0	1527	3.03	0.0
0	1528	3.03	0.0
0	1529	3.02	0.0
0	1530	3.02	0.0
0	1531	3.02	1.43
0	1532	3.0	1.57
0	1533	3.0	0.0
0	1534	2.99	0.0
0	1535	2.99	0.0
0	1536	2.97	0.0
0	1537	2.96	0.0
0	1538	2.96	2.7
0	1539	2.96	0.0
0	1540	2.94	0.0
0	1541	2.93	0.0
0	1542	2.92	1.35
0	1543	2.89	0.0
0	1544	2.88	0.0
0	1545	2.88	1.05
0	1546	2.88	0.69
0	1547	2.87	0.0
0	1548	2.87	0.0
0	1549	2.86	0.0
0	1550	2.86	0.0
0	1551	2.84	0.0
0	1552	2.84	1.87
0	1553	2.84	0.0
0	1554	2.83	0.0
0	1555	2.79	0.0
0	1556	2.78	0.0
0	1557	2.78	1.33
0	1558	2.78	0.0
0	1559	2.78	0.0
0	1560	2.77	0.0
0	1561	2.76	0.0
0	1562	2.76	0.0
0	1563	2.74	0.0
0	1564	2.74	0.0
0	1565	2.73	0.0
0	1566	2.73	0.0
0	1567	2.72	0.64
0	1568	2.72	0.0
0	1569	2.7	1.06
0	1570	2.69	1.75
0	1571	2.68	1.06
0	1572	2.65	0.0
0	1573	2.63	0.0
0	1574	2.62	2.28
0	1575	2.62	0.0
0	1576	2.61	0.0
0	1577	2.61	2.11
0	1578	2.6	0.0
0	1579	2.59	0.0
0	1580	2.59	0.0
0	1581	2.58	2.47
0	1582	2.56	0.91
0	1583	2.55	1.54
0	1584	2.55	0.0
0	1585	2.53	0.0
0	1586	2.53	0.65
0	1587	2.53	0.0
0	1588	2.53	0.0
0	1589	2.48	0.07
0	1590	2.48	0.0
0	1591	2.48	0.0
0	1592	2.48	0.0
0	1593	2.47	0.0
0	1594	2.47	0.0
0	1595	2.44	0.0
0	1596	2.43	0.0
0	1597	2.42	0.0
0	1598	2.42	0.0
0	1599	2.41	0.0
0	1600	2.41	0.0
0	1601	2.4	0.0
0	1602	2.4	0.0
0	1603	2.39	0.0
0	1604	2.38	0.0
0	1605	2.38	2.24
0	1606	2.36	0.0
0	1607	2.34	0.0
0	1608	2.29	0.0
0	1609	2.25	0.72
0	1610	2.25	0.0
0	1611	2.24	0.0
0	1612	2.23	0.0
0	1613	2.21	1.52
0	1614	2.21	0.0
0	1615	2.2	0.0
0	1616	2.2	0.0
0	1617	2.19	0.0
0	1618	2.19	0.0
0	1619	2.18	0.0
0	1620	2.18	0.0
0	1621	2.18	0.0
0	1622	2.18	0.0
0	1623	2.17	0.0
0	1624	2.16	0.0
0	1625	2.16	0.0
0	1626	2.16	0.64
0	1627	2.15	0.0
0	1628	2.15	0.0
0	1629	2.15	0.0
0	1630	2.15	0.0
0	1631	2.15	0.0
0	1632	2.12	0.0
0	1633	2.1	0.0
0	1634	2.1	0.0
0	1635	2.09	0.0
0	1636	2.07	0.0
0	1637	2.07	0.0
0	1638	2.06	1.67
0	1639	2.05	1.84
0	1640	2.05	0.0
0	1641	2.04	2.0
0	1642	2.03	0.0
0	1643	2.02	0.0
0	1644	2.02	0.0
0	1645	2.01	1.0
0	1646	2.01	0.0
0	1647	2.01	0.0
0	1648	1.99	0.0
0	1649	1.97	0.0
0	1650	1.93	0.0
0	1651	1.93	0.0
0	1652	1.92	1.89
0	1653	1.91	0.0
0	1654	1.9	1.3
0	1655	1.89	0.0
0	1656	1.89	0.0
0	1657	1.88	0.0
0	1658	1.88	0.0
0	1659	1.88	0.0
0	1660	1.87	0.0
0	1661	1.86	0.0
0	1662	1.86	0.0
0	1663	1.86	0.68
0	1664	1.86	0.0
0	1665	1.86	0.0
0	1666	1.85	0.0
0	1667	1.85	0.0
0	1668	1.84	0.0
0	1669	1.84	0.0
0	1670	1.83	0.0
0	1671	1.83	0.0
0	1672	1.83	0.0
0	1673	1.82	0.0
0	1674	1.82	1.1
0	1675	1.8	0.0
0	1676	1.79	0.0
0	1677	1.76	0.0
0	1678	1.74	0.0
0	1679	1.73	0.36
0	1680	1.73	0.0
0	1681	1.73	0.0
0	1682	1.72	0.0
0	1683	1.72	0.0
0	1684	1.72	0.0
0	1685	1.7	0.0
0	1686	1.7	0.0
0	1687	1.68	0.0
0	1688	1.67	0.81
0	1689	1.66	0.0
0	1690	1.66	0.0
0	1691	1.65	0.0
0	1692	1.65	0.0
0	1693	1.65	0.0
0	1694	1.65	1.12
0	1695	1.64	0.0
0	1696	1.64	0.0
0	1697	1.63	0.0
0	1698	1.62	1.24
0	1699	1.62	0.0
0	1700	1.61	1.55
0	1701	1.6	0.0
0	1702	1.58	0.0
0	1703	1.58	0.0
0	1704	1.58	0.0
0	1705	1.57	0.13
0	1706	1.57	0.0
0	1707	1.56	0.0
0	1708	1.56	0.0
0	1709	1.56	0.0
0	1710	1.55	0.0
0	1711	1.55	0.0
0	1712	1.54	0.0
0	1713	1.54	0.0
0	1714	1.52	0.0
0	1715	1.51	0.0
0	1716	1.5	0.0
0	1717	1.49	0.0
0	1718	1.49	0.0
0	1719	1.49	0.0
0	1720	1.48	0.0
0	1721	1.47	0.0
0	1722	1.47	0.0
0	1723	1.46	0.0
0	1724	1.46	0.0
0	1725	1.44	0.0
0	1726	1.42	0.0
0	1727	1.42	0.0
0	1728	1.42	1.08
0	1729	1.41	0.0
0	1730	1.41	1.06
0	1731	1.41	0.0
0	1732	1.4	0.0
0	1733	1.39	0.0
0	1734	1.38	0.0
0	1735	1.36	0.0
0	1736	1.36	0.0
0	1737	1.35	0.0
0	1738	1.33	0.86
0	1739	1.32	0.0
0	1740	1.31	0.0
0	1741	1.31	0.0
0	1742	1.29	0.0
0	1743	1.29	0.0
0	1744	1.29	0.0
0	1745	1.28	0.28
0	1746	1.28	0.0
0	1747	1.28	0.0
0	1748	1.27	0.01
0	1749	1.27	0.0
0	1750	1.27	0.0
0	1751	1.27	0.0
0	1752	1.26	0.0
0	1753	1.26	0.6
0	1754	1.25	0.0
0	1755	1.24	1.05
0	1756	1.24	0.0
0	1757	1.21	0.0
0	1758	1.21	0.0
0	1759	1.2	1.01
0	1760	1.17	0.0
0	1761	1.17	0.0
0	1762	1.16	0.0
0	1763	1.15	0.0
0	1764	1.14	0.0
0	1765	1.14	0.0
0	1766	1.13	0.0
0	1767	1.12	0.0
0	1768	1.12	0.0
0	1769	1.1	0.0
0	1770	1.09	0.0
0	1771	1.09	0.0
0	1772	1.07	0.0
0	1773	1.06	0.0
0	1774	1.06	0.0
0	1775	1.05	0.0
0	1776	1.03	0.0
0	1777	1.02	0.0
0	1778	1.02	0.0
0	1779	1.0	0.0
0	1780	0.98	0.0
0	1781	0.98	0.0
0	1782	0.97	0.0
0	1783	0.97	0.0
0	1784	0.97	0.0
0	1785	0.96	0.0
0	1786	0.96	0.0
0	1787	0.96	0.0
0	1788	0.96	0.0
0	1789	0.96	0.0
0	1790	0.96	0.0
0	1791	0.95	0.54
0	1792	0.95	0.0
0	1793	0.95	0.0
0	1794	0.92	0.0
0	1795	0.92	0.0
0	1796	0.91	0.0
0	1797	0.9	0.0
0	1798	0.89	0.0
0	1799	0.88	0.0
0	1800	0.88	0.55
0	1801	0.88	0.0
0	1802	0.86	0.0
0	1803	0.86	0.0
0	1804	0.85	0.0
0	1805	0.85	0.0
0	1806	0.85	0.0
0	1807	0.85	0.0
0	1808	0.85	0.0
0	1809	0.84	0.0
0	1810	0.84	0.0
0	1811	0.84	0.2
0	1812	0.83	0.0
0	1813	0.83	0.0
0	1814	0.81	0.0
0	1815	0.81	0.0
0	1816	0.8	0.0
0	1817	0.8	0.0
0	1818	0.78	0.0
0	1819	0.78	0.0
0	1820	0.77	0.0
0	1821	0.76	0.0
0	1822	0.76	0.0
0	1823	0.74	0.0
0	1824	0.72	0.0
0	1825	0.71	0.0
0	1826	0.71	0.0
0	1827	0.68	0.0
0	1828	0.68	0.0
0	1829	0.67	0.0
0	1830	0.66	0.0
0	1831	0.66	0.0
0	1832	0.65	0.0
0	1833	0.64	0.0
0	1834	0.63	0.0
0	1835	0.63	0.0
0	1836	0.62	0.0
0	1837	0.62	0.0
0	1838	0.61	0.0
0	1839	0.6	0.0
0	1840	0.59	0.0
0	1841	0.59	0.0
0	1842	0.58	0.0
0	1843	0.58	0.0
0	1844	0.57	0.0
0	1845	0.57	0.39
0	1846	0.56	0.0
0	1847	0.54	0.0
0	1848	0.53	0.0
0	1849	0.51	0.0
0	1850	0.51	0.0
0	1851	0.51	0.0
0	1852	0.49	0.0
0	1853	0.48	0.0
0	1854	0.48	0.0
0	1855	0.47	0.0
0	1856	0.47	0.0
0	1857	0.45	0.0
0	1858	0.45	0.0
0	1859	0.44	0.0
0	1860	0.44	0.0
0	1861	0.43	0.07
0	1862	0.42	0.0
0	1863	0.41	0.0
0	1864	0.41	0.1
0	1865	0.41	0.0
0	1866	0.41	0.0
0	1867	0.4	0.0
0	1868	0.4	0.0
0	1869	0.37	0.0
0	1870	0.37	0.0
0	1871	0.36	0.0
0	1872	0.36	0.0
0	1873	0.35	0.0
0	1874	0.35	0.0
0	1875	0.35	0.0
0	1876	0.33	0.0
0	1877	0.32	0.0
0	1878	0.3	0.0
0	1879	0.3	0.0
0	1880	0.29	0.0
0	1881	0.29	0.21
0	1882	0.27	0.0
0	1883	0.27	0.0
0	1884	0.26	0.15
0	1885	0.23	0.0
0	1886	0.21	0.0
0	1887	0.21	0.0
0	1888	0.2	0.0
0	1889	0.2	0.0
0	1890	0.19	0.0
0	1891	0.19	0.0
0	1892	0.19	0.0
0	1893	0.19	0.0
0	1894	0.19	0.0
0	1895	0.18	0.0
0	1896	0.17	0.0
0	1897	0.16	0.0
0	1898	0.15	0.0
0	1899	0.15	0.0
0	1900	0.13	0.0
0	1901	0.12	0.0
0	1902	0.11	0.0
0	1903	0.11	0.0
0	1904	0.11	0.0
0	1905	0.1	0.0
0	1906	0.08	0.0
0	1907	0.06	0.0
0	1908	0.05	0.0
0	1909	0.05	0.0
0	1910	0.05	0.0
0	1911	0.03	0.0
0	1912	0.02	0.0
0	1913	0.01	0.0
0	1914	0.01	0.0
