clade	species	ts	te
0	1	100.0	72.37
0	2	88.89	86.17
0	3	87.68	83.77
0	4	87.63	75.67
0	5	87.51	86.05
0	6	85.8	70.3
0	7	83.5	79.87
0	8	80.9	73.04
0	9	78.61	73.66
0	10	77.12	64.59
0	11	76.99	71.96
0	12	76.48	59.04
0	13	74.96	63.47
0	14	74.6	68.74
0	15	73.09	63.7
0	16	71.9	54.64
0	17	71.83	64.02
0	18	69.67	69.57
0	19	69.66	24.35
0	20	69.36	53.09
0	21	68.89	54.08
0	22	68.24	65.47
0	23	68.07	55.97
0	24	67.68	67.63
0	25	66.3	52.8
0	26	66.18	64.54
0	27	65.58	61.56
0	28	65.13	46.74
0	29	64.88	63.37
0	30	64.55	59.28
0	31	64.27	37.28
0	32	63.4	61.49
0	33	63.22	42.48
0	34	62.79	61.17
0	35	62.58	54.23
0	36	62.54	56.91
0	37	62.29	50.56
0	38	61.05	50.69
0	39	60.57	52.95
0	40	60.11	53.25
0	41	60.03	56.62
0	42	59.6	42.93
0	43	58.76	58.0
0	44	58.19	53.69
0	45	58.0	55.71
0	46	57.95	35.63
0	47	57.72	50.3
0	48	57.53	25.15
0	49	56.98	49.44
0	50	56.47	44.85
0	51	56.27	48.48
0	52	55.21	42.9
0	53	55.09	45.26
0	54	55.01	48.05
0	55	54.83	38.07
0	56	54.69	39.42
0	57	54.66	51.9
0	58	54.48	48.15
0	59	54.17	52.81
0	60	54.07	45.5
0	61	53.67	28.93
0	62	53.61	45.84
0	63	53.56	50.78
0	64	53.37	44.2
0	65	52.9	52.55
0	66	52.5	37.28
0	67	52.46	52.04
0	68	51.69	32.22
0	69	51.13	49.65
0	70	50.93	41.61
0	71	50.87	49.02
0	72	50.81	44.4
0	73	50.69	35.19
0	74	50.67	47.17
0	75	50.61	40.97
0	76	50.37	48.6
0	77	50.26	47.66
0	78	50.18	42.6
0	79	49.92	39.73
0	80	49.64	49.44
0	81	49.28	42.6
0	82	49.26	39.51
0	83	48.8	43.25
0	84	48.42	43.92
0	85	48.03	41.85
0	86	47.88	16.01
0	87	47.88	31.64
0	88	47.78	41.13
0	89	47.65	45.19
0	90	47.49	38.26
0	91	47.37	33.5
0	92	47.19	46.2
0	93	46.8	45.91
0	94	46.8	45.89
0	95	46.56	42.59
0	96	46.45	13.38
0	97	46.08	36.92
0	98	45.93	7.68
0	99	45.77	43.59
0	100	45.7	36.76
0	101	45.67	37.08
0	102	45.53	19.17
0	103	45.49	35.0
0	104	45.13	35.11
0	105	45.06	14.9
0	106	45.01	39.13
0	107	44.94	34.67
0	108	44.83	25.98
0	109	44.82	31.3
0	110	44.79	31.3
0	111	44.78	43.33
0	112	44.36	44.14
0	113	44.24	42.2
0	114	42.82	37.38
0	115	42.47	41.34
0	116	42.42	36.78
0	117	42.37	35.13
0	118	42.36	41.38
0	119	42.27	28.49
0	120	42.21	14.46
0	121	41.93	38.96
0	122	41.38	24.94
0	123	41.21	37.92
0	124	41.17	36.41
0	125	41.06	0.0
0	126	41.04	40.21
0	127	40.97	23.08
0	128	40.93	21.5
0	129	40.92	37.26
0	130	40.8	30.62
0	131	40.58	39.08
0	132	40.38	38.25
0	133	40.31	30.93
0	134	40.2	26.08
0	135	39.94	38.41
0	136	39.82	17.82
0	137	39.74	27.68
0	138	39.71	38.7
0	139	39.62	31.99
0	140	39.55	25.71
0	141	39.53	31.9
0	142	39.38	38.21
0	143	39.3	35.3
0	144	39.21	32.19
0	145	39.1	30.59
0	146	39.09	35.94
0	147	39.02	25.09
0	148	38.9	34.33
0	149	38.79	15.2
0	150	38.78	36.8
0	151	38.7	16.74
0	152	38.62	35.4
0	153	38.56	24.09
0	154	38.49	32.0
0	155	38.49	31.18
0	156	38.45	27.96
0	157	38.4	35.51
0	158	38.23	12.48
0	159	38.12	37.77
0	160	38.1	36.2
0	161	38.08	26.21
0	162	38.06	13.14
0	163	37.98	32.74
0	164	37.81	31.38
0	165	37.74	27.97
0	166	37.7	5.03
0	167	37.62	36.52
0	168	37.59	0.0
0	169	37.55	32.42
0	170	37.51	33.63
0	171	37.5	32.03
0	172	37.41	36.37
0	173	37.4	33.45
0	174	37.38	24.86
0	175	37.36	29.84
0	176	37.36	34.01
0	177	37.27	30.3
0	178	37.21	37.04
0	179	37.01	20.19
0	180	36.99	25.11
0	181	36.94	30.76
0	182	36.87	28.12
0	183	36.85	11.23
0	184	36.81	12.23
0	185	36.73	28.54
0	186	36.65	36.55
0	187	36.61	27.25
0	188	36.61	4.0
0	189	36.41	0.0
0	190	36.37	10.12
0	191	36.33	35.2
0	192	36.31	25.38
0	193	36.29	14.04
0	194	36.28	31.34
0	195	36.13	28.35
0	196	36.12	21.21
0	197	36.11	28.48
0	198	35.86	33.3
0	199	35.82	23.42
0	200	35.82	25.97
0	201	35.65	21.14
0	202	35.51	34.94
0	203	35.5	31.25
0	204	35.32	24.67
0	205	35.17	28.01
0	206	35.12	15.2
0	207	35.1	21.52
0	208	35.06	34.81
0	209	34.99	20.16
0	210	34.83	31.84
0	211	34.68	31.12
0	212	34.57	32.02
0	213	34.55	20.31
0	214	34.3	11.6
0	215	34.25	33.67
0	216	34.24	31.43
0	217	34.02	28.16
0	218	34.0	28.4
0	219	33.97	0.09
0	220	33.82	25.98
0	221	33.77	25.54
0	222	33.72	20.66
0	223	33.68	18.88
0	224	33.59	26.46
0	225	33.58	28.27
0	226	33.55	25.17
0	227	33.45	12.85
0	228	33.26	29.7
0	229	33.22	8.43
0	230	33.22	33.02
0	231	33.2	32.86
0	232	33.2	10.45
0	233	32.95	31.09
0	234	32.93	25.38
0	235	32.87	31.27
0	236	32.84	26.16
0	237	32.66	30.71
0	238	32.64	32.62
0	239	32.55	27.0
0	240	32.42	24.42
0	241	32.38	16.82
0	242	32.3	15.89
0	243	32.29	26.1
0	244	32.17	0.0
0	245	32.16	26.1
0	246	32.15	21.02
0	247	32.11	30.1
0	248	32.11	31.89
0	249	32.1	18.21
0	250	32.06	5.69
0	251	31.98	31.45
0	252	31.98	6.56
0	253	31.9	30.75
0	254	31.84	13.71
0	255	31.83	27.9
0	256	31.82	9.21
0	257	31.69	29.89
0	258	31.64	23.62
0	259	31.55	30.68
0	260	31.52	22.46
0	261	31.48	26.22
0	262	31.45	24.2
0	263	31.45	21.52
0	264	31.45	8.09
0	265	31.41	27.69
0	266	31.39	17.89
0	267	31.36	0.0
0	268	31.32	30.69
0	269	31.29	26.8
0	270	31.22	10.36
0	271	31.19	30.7
0	272	31.18	30.61
0	273	31.16	11.9
0	274	30.98	20.59
0	275	30.96	29.66
0	276	30.96	29.89
0	277	30.92	29.8
0	278	30.9	25.04
0	279	30.87	29.82
0	280	30.86	0.0
0	281	30.84	30.05
0	282	30.82	30.59
0	283	30.79	25.36
0	284	30.74	21.45
0	285	30.71	9.39
0	286	30.67	23.97
0	287	30.67	24.61
0	288	30.66	7.84
0	289	30.61	28.1
0	290	30.6	28.74
0	291	30.56	18.83
0	292	30.54	29.5
0	293	30.43	24.16
0	294	30.42	19.92
0	295	30.37	19.55
0	296	30.36	18.86
0	297	30.32	18.5
0	298	30.31	26.82
0	299	30.27	20.96
0	300	30.24	22.74
0	301	30.18	15.39
0	302	30.15	23.53
0	303	30.07	21.96
0	304	30.07	0.0
0	305	30.06	14.81
0	306	29.97	25.21
0	307	29.84	26.65
0	308	29.74	22.07
0	309	29.73	25.35
0	310	29.73	23.97
0	311	29.7	28.9
0	312	29.61	27.17
0	313	29.57	13.49
0	314	29.48	23.8
0	315	29.37	28.66
0	316	29.34	13.95
0	317	29.34	27.56
0	318	29.33	12.7
0	319	29.25	12.52
0	320	29.19	15.88
0	321	29.17	26.66
0	322	29.15	28.75
0	323	29.14	0.0
0	324	29.03	3.38
0	325	29.03	21.3
0	326	29.03	23.53
0	327	28.99	22.94
0	328	28.96	24.12
0	329	28.87	7.87
0	330	28.86	24.36
0	331	28.84	9.22
0	332	28.83	25.02
0	333	28.79	22.18
0	334	28.7	27.29
0	335	28.64	27.3
0	336	28.62	26.28
0	337	28.61	16.41
0	338	28.52	23.93
0	339	28.51	14.54
0	340	28.51	22.44
0	341	28.46	28.3
0	342	28.34	16.31
0	343	28.33	27.99
0	344	28.32	24.48
0	345	28.31	20.69
0	346	28.26	0.0
0	347	28.17	20.77
0	348	28.17	23.8
0	349	28.15	10.55
0	350	28.02	26.27
0	351	27.99	11.95
0	352	27.98	20.04
0	353	27.88	7.74
0	354	27.87	0.0
0	355	27.84	0.0
0	356	27.83	24.03
0	357	27.8	16.78
0	358	27.76	25.02
0	359	27.68	24.47
0	360	27.63	27.62
0	361	27.47	20.85
0	362	27.46	14.21
0	363	27.42	20.91
0	364	27.41	18.2
0	365	27.36	0.0
0	366	27.36	26.06
0	367	27.31	24.89
0	368	27.28	7.26
0	369	27.25	19.25
0	370	27.24	23.42
0	371	27.23	21.38
0	372	27.23	24.51
0	373	27.18	26.83
0	374	27.11	16.77
0	375	26.98	20.71
0	376	26.93	23.51
0	377	26.89	23.54
0	378	26.84	20.93
0	379	26.81	17.04
0	380	26.79	17.09
0	381	26.78	25.3
0	382	26.76	20.19
0	383	26.71	18.05
0	384	26.7	19.74
0	385	26.68	10.26
0	386	26.65	7.16
0	387	26.64	21.68
0	388	26.63	2.9
0	389	26.61	6.6
0	390	26.6	24.79
0	391	26.54	0.0
0	392	26.43	25.89
0	393	26.43	25.31
0	394	26.38	22.63
0	395	26.36	4.41
0	396	26.33	16.13
0	397	26.31	18.84
0	398	26.28	0.0
0	399	26.28	21.66
0	400	26.27	17.47
0	401	26.25	13.64
0	402	26.18	17.03
0	403	26.14	21.08
0	404	26.09	24.04
0	405	26.06	24.35
0	406	26.04	4.06
0	407	26.02	21.51
0	408	26.01	26.0
0	409	25.97	11.58
0	410	25.95	24.33
0	411	25.92	18.5
0	412	25.91	25.28
0	413	25.85	24.56
0	414	25.78	18.28
0	415	25.75	0.0
0	416	25.73	17.36
0	417	25.71	20.8
0	418	25.71	25.54
0	419	25.7	23.36
0	420	25.7	16.87
0	421	25.67	22.36
0	422	25.62	23.28
0	423	25.55	22.58
0	424	25.55	23.97
0	425	25.46	23.22
0	426	25.44	9.57
0	427	25.43	9.78
0	428	25.43	21.5
0	429	25.36	0.0
0	430	25.36	24.86
0	431	25.27	22.31
0	432	25.27	9.9
0	433	25.25	18.95
0	434	25.19	8.64
0	435	25.14	0.0
0	436	25.11	18.87
0	437	25.07	12.05
0	438	25.06	22.46
0	439	25.05	6.98
0	440	25.05	23.32
0	441	25.05	17.54
0	442	25.04	13.12
0	443	25.0	17.96
0	444	24.99	20.64
0	445	24.98	22.56
0	446	24.96	22.49
0	447	24.95	22.42
0	448	24.89	18.67
0	449	24.83	20.63
0	450	24.79	9.9
0	451	24.77	24.13
0	452	24.72	0.0
0	453	24.7	21.6
0	454	24.65	8.98
0	455	24.65	14.22
0	456	24.58	0.0
0	457	24.53	23.97
0	458	24.49	23.45
0	459	24.48	14.05
0	460	24.47	19.54
0	461	24.43	13.86
0	462	24.38	20.92
0	463	24.15	19.0
0	464	24.14	16.67
0	465	24.12	21.66
0	466	24.1	17.92
0	467	23.94	15.07
0	468	23.93	20.46
0	469	23.9	13.87
0	470	23.85	19.59
0	471	23.84	8.69
0	472	23.84	12.89
0	473	23.83	20.15
0	474	23.82	18.85
0	475	23.81	10.83
0	476	23.79	1.23
0	477	23.75	16.66
0	478	23.72	7.79
0	479	23.67	22.18
0	480	23.57	22.69
0	481	23.47	0.0
0	482	23.37	10.16
0	483	23.37	23.29
0	484	23.35	9.78
0	485	23.32	9.7
0	486	23.28	22.39
0	487	23.22	0.0
0	488	23.01	8.62
0	489	23.01	7.44
0	490	23.0	10.89
0	491	22.96	17.15
0	492	22.94	12.94
0	493	22.91	17.04
0	494	22.9	19.0
0	495	22.89	22.18
0	496	22.77	7.74
0	497	22.74	10.89
0	498	22.73	19.03
0	499	22.69	17.91
0	500	22.69	22.32
0	501	22.68	19.27
0	502	22.68	15.32
0	503	22.67	22.17
0	504	22.67	2.96
0	505	22.6	18.51
0	506	22.6	21.74
0	507	22.58	15.88
0	508	22.58	20.58
0	509	22.55	19.16
0	510	22.46	19.82
0	511	22.43	8.61
0	512	22.43	17.9
0	513	22.42	0.0
0	514	22.38	18.39
0	515	22.33	6.08
0	516	22.32	18.63
0	517	22.32	12.98
0	518	22.3	17.28
0	519	22.29	19.62
0	520	22.27	20.85
0	521	22.21	21.3
0	522	22.21	19.11
0	523	22.21	9.26
0	524	22.11	18.16
0	525	22.11	19.23
0	526	22.09	16.22
0	527	22.07	9.99
0	528	22.06	13.19
0	529	22.05	21.8
0	530	22.04	20.68
0	531	22.04	11.62
0	532	22.02	14.65
0	533	22.02	21.39
0	534	21.89	21.69
0	535	21.85	18.86
0	536	21.85	0.0
0	537	21.77	0.23
0	538	21.77	19.91
0	539	21.73	9.03
0	540	21.71	20.98
0	541	21.71	12.69
0	542	21.7	11.21
0	543	21.67	7.23
0	544	21.65	20.08
0	545	21.65	17.13
0	546	21.63	20.15
0	547	21.62	0.0
0	548	21.56	16.42
0	549	21.56	11.15
0	550	21.52	0.0
0	551	21.51	19.79
0	552	21.48	20.02
0	553	21.47	10.17
0	554	21.42	19.87
0	555	21.4	20.73
0	556	21.39	13.72
0	557	21.38	18.02
0	558	21.36	10.81
0	559	21.34	21.23
0	560	21.33	19.27
0	561	21.31	19.12
0	562	21.3	14.62
0	563	21.29	15.78
0	564	21.28	12.8
0	565	21.25	11.86
0	566	21.23	3.97
0	567	21.23	17.79
0	568	21.19	20.84
0	569	21.15	18.85
0	570	21.14	3.8
0	571	21.12	20.16
0	572	21.11	17.39
0	573	21.09	19.14
0	574	21.09	0.0
0	575	21.07	17.91
0	576	21.07	11.72
0	577	21.06	2.4
0	578	20.95	18.52
0	579	20.92	10.22
0	580	20.87	15.6
0	581	20.87	16.41
0	582	20.87	16.73
0	583	20.83	14.89
0	584	20.78	4.73
0	585	20.74	4.63
0	586	20.74	8.8
0	587	20.7	6.79
0	588	20.69	4.16
0	589	20.69	20.24
0	590	20.68	18.63
0	591	20.66	19.84
0	592	20.64	17.6
0	593	20.61	17.71
0	594	20.57	0.0
0	595	20.57	2.11
0	596	20.5	11.82
0	597	20.49	7.39
0	598	20.45	0.0
0	599	20.4	10.5
0	600	20.39	17.69
0	601	20.38	0.0
0	602	20.35	18.85
0	603	20.34	18.22
0	604	20.31	16.9
0	605	20.31	5.58
0	606	20.31	8.47
0	607	20.31	16.32
0	608	20.3	13.38
0	609	20.27	1.38
0	610	20.22	17.17
0	611	20.21	11.84
0	612	20.21	7.93
0	613	20.18	19.18
0	614	20.17	16.75
0	615	20.07	14.26
0	616	20.05	16.87
0	617	20.05	16.8
0	618	20.02	18.48
0	619	19.94	4.9
0	620	19.94	11.09
0	621	19.94	13.02
0	622	19.92	7.97
0	623	19.91	11.22
0	624	19.91	8.9
0	625	19.88	11.14
0	626	19.88	0.34
0	627	19.85	13.64
0	628	19.85	0.0
0	629	19.85	2.88
0	630	19.84	9.1
0	631	19.83	8.9
0	632	19.79	9.34
0	633	19.78	12.84
0	634	19.76	19.51
0	635	19.75	16.61
0	636	19.75	12.71
0	637	19.74	16.73
0	638	19.69	0.0
0	639	19.68	7.0
0	640	19.66	0.0
0	641	19.65	14.96
0	642	19.65	9.21
0	643	19.62	18.28
0	644	19.6	7.27
0	645	19.54	18.05
0	646	19.54	8.79
0	647	19.52	0.0
0	648	19.52	3.77
0	649	19.49	18.71
0	650	19.46	17.59
0	651	19.41	11.66
0	652	19.41	5.89
0	653	19.41	13.29
0	654	19.4	5.53
0	655	19.34	0.0
0	656	19.33	9.56
0	657	19.32	17.93
0	658	19.31	16.05
0	659	19.3	2.75
0	660	19.29	17.99
0	661	19.25	19.0
0	662	19.25	18.46
0	663	19.24	16.67
0	664	19.24	15.2
0	665	19.18	14.74
0	666	19.16	16.46
0	667	19.15	8.89
0	668	19.11	13.15
0	669	19.08	18.69
0	670	19.06	16.29
0	671	18.95	5.36
0	672	18.94	17.38
0	673	18.9	17.12
0	674	18.89	17.15
0	675	18.86	13.71
0	676	18.84	0.0
0	677	18.82	18.3
0	678	18.82	8.45
0	679	18.8	16.51
0	680	18.8	8.53
0	681	18.79	17.96
0	682	18.76	17.76
0	683	18.74	13.9
0	684	18.74	5.88
0	685	18.73	12.35
0	686	18.71	6.97
0	687	18.7	15.53
0	688	18.68	18.13
0	689	18.67	5.68
0	690	18.62	18.28
0	691	18.61	0.0
0	692	18.58	13.77
0	693	18.52	16.36
0	694	18.52	3.79
0	695	18.51	16.88
0	696	18.5	1.41
0	697	18.48	13.41
0	698	18.47	0.0
0	699	18.43	15.06
0	700	18.39	11.36
0	701	18.38	11.7
0	702	18.35	16.19
0	703	18.33	1.43
0	704	18.32	0.0
0	705	18.31	16.47
0	706	18.3	16.9
0	707	18.26	4.55
0	708	18.23	14.54
0	709	18.22	0.0
0	710	18.21	16.71
0	711	18.17	0.0
0	712	18.16	13.62
0	713	18.15	11.04
0	714	18.15	0.0
0	715	18.12	14.95
0	716	18.11	15.65
0	717	18.1	12.64
0	718	18.09	15.28
0	719	18.06	0.0
0	720	18.05	6.35
0	721	18.05	14.18
0	722	18.03	12.89
0	723	18.0	16.43
0	724	18.0	14.69
0	725	17.94	9.63
0	726	17.86	0.0
0	727	17.86	8.12
0	728	17.85	10.32
0	729	17.85	0.0
0	730	17.82	13.33
0	731	17.72	9.86
0	732	17.71	0.0
0	733	17.71	6.2
0	734	17.69	0.74
0	735	17.66	0.0
0	736	17.65	13.91
0	737	17.64	11.35
0	738	17.64	3.43
0	739	17.61	6.37
0	740	17.6	14.3
0	741	17.56	1.1
0	742	17.56	14.5
0	743	17.49	6.43
0	744	17.48	9.02
0	745	17.47	14.76
0	746	17.43	10.14
0	747	17.43	10.64
0	748	17.43	16.35
0	749	17.42	13.37
0	750	17.41	15.58
0	751	17.39	5.6
0	752	17.39	15.27
0	753	17.36	0.0
0	754	17.31	12.92
0	755	17.29	14.84
0	756	17.26	15.03
0	757	17.25	0.0
0	758	17.25	5.92
0	759	17.23	8.16
0	760	17.21	0.0
0	761	17.2	13.89
0	762	17.18	14.33
0	763	17.17	9.23
0	764	17.16	13.22
0	765	17.15	0.65
0	766	17.14	10.31
0	767	17.12	0.0
0	768	17.1	2.05
0	769	17.01	7.73
0	770	17.01	14.63
0	771	16.98	0.0
0	772	16.96	11.05
0	773	16.93	0.0
0	774	16.92	6.41
0	775	16.91	3.04
0	776	16.87	0.0
0	777	16.84	11.97
0	778	16.82	6.03
0	779	16.78	0.0
0	780	16.78	14.38
0	781	16.75	3.39
0	782	16.69	4.06
0	783	16.69	4.15
0	784	16.63	2.41
0	785	16.59	0.5
0	786	16.52	0.0
0	787	16.51	14.46
0	788	16.48	5.09
0	789	16.44	0.07
0	790	16.41	13.13
0	791	16.4	13.41
0	792	16.36	8.72
0	793	16.35	13.0
0	794	16.35	11.67
0	795	16.33	8.61
0	796	16.31	10.88
0	797	16.24	11.51
0	798	16.23	0.0
0	799	16.23	14.87
0	800	16.2	0.0
0	801	16.2	10.87
0	802	16.2	2.12
0	803	16.19	4.27
0	804	16.19	14.72
0	805	16.19	3.5
0	806	16.18	11.52
0	807	16.18	0.0
0	808	16.12	12.62
0	809	16.12	0.0
0	810	16.12	6.16
0	811	16.11	2.48
0	812	16.05	15.53
0	813	16.04	0.0
0	814	16.0	0.0
0	815	15.99	8.86
0	816	15.98	0.0
0	817	15.96	0.0
0	818	15.94	9.26
0	819	15.94	15.81
0	820	15.91	12.74
0	821	15.9	6.36
0	822	15.86	6.34
0	823	15.84	0.0
0	824	15.79	14.69
0	825	15.79	5.12
0	826	15.78	0.0
0	827	15.78	9.93
0	828	15.75	7.13
0	829	15.72	9.89
0	830	15.67	14.45
0	831	15.67	9.46
0	832	15.66	0.0
0	833	15.66	12.08
0	834	15.65	0.0
0	835	15.63	14.33
0	836	15.62	12.35
0	837	15.61	14.5
0	838	15.61	0.48
0	839	15.59	4.39
0	840	15.58	0.0
0	841	15.57	13.54
0	842	15.57	6.0
0	843	15.52	9.47
0	844	15.52	9.05
0	845	15.48	14.6
0	846	15.48	11.05
0	847	15.47	0.0
0	848	15.46	7.33
0	849	15.45	11.9
0	850	15.44	5.76
0	851	15.43	13.46
0	852	15.4	4.5
0	853	15.39	0.0
0	854	15.39	12.98
0	855	15.38	7.23
0	856	15.37	0.0
0	857	15.36	9.91
0	858	15.33	10.53
0	859	15.32	5.3
0	860	15.32	1.3
0	861	15.32	13.71
0	862	15.3	9.86
0	863	15.29	3.88
0	864	15.29	15.02
0	865	15.26	13.02
0	866	15.24	0.0
0	867	15.22	14.8
0	868	15.22	5.21
0	869	15.2	3.61
0	870	15.2	13.42
0	871	15.19	14.18
0	872	15.16	13.53
0	873	15.16	14.15
0	874	15.14	14.96
0	875	15.14	0.0
0	876	15.07	0.0
0	877	15.07	8.1
0	878	15.07	4.36
0	879	15.07	11.14
0	880	15.05	14.58
0	881	15.05	0.0
0	882	15.04	0.0
0	883	15.03	13.18
0	884	15.01	12.6
0	885	14.99	6.5
0	886	14.98	3.63
0	887	14.98	12.13
0	888	14.97	10.56
0	889	14.97	0.0
0	890	14.95	13.36
0	891	14.92	0.0
0	892	14.91	9.26
0	893	14.85	11.7
0	894	14.83	6.74
0	895	14.82	2.44
0	896	14.81	0.0
0	897	14.78	0.0
0	898	14.74	2.48
0	899	14.74	14.56
0	900	14.73	0.0
0	901	14.72	7.46
0	902	14.71	0.0
0	903	14.7	9.18
0	904	14.68	11.66
0	905	14.67	6.28
0	906	14.67	0.0
0	907	14.62	0.0
0	908	14.59	8.72
0	909	14.59	0.0
0	910	14.58	11.42
0	911	14.57	11.89
0	912	14.56	0.0
0	913	14.55	8.66
0	914	14.55	0.0
0	915	14.53	12.92
0	916	14.52	3.27
0	917	14.51	4.06
0	918	14.51	9.09
0	919	14.51	0.0
0	920	14.5	4.69
0	921	14.48	0.0
0	922	14.48	7.12
0	923	14.47	8.14
0	924	14.44	1.29
0	925	14.43	13.45
0	926	14.43	10.85
0	927	14.42	11.57
0	928	14.37	2.01
0	929	14.35	12.79
0	930	14.35	0.0
0	931	14.34	12.63
0	932	14.32	5.71
0	933	14.28	0.3
0	934	14.28	0.0
0	935	14.26	11.09
0	936	14.25	5.53
0	937	14.25	2.82
0	938	14.24	0.0
0	939	14.24	0.0
0	940	14.23	12.6
0	941	14.19	4.56
0	942	14.16	12.64
0	943	14.16	0.0
0	944	14.15	0.0
0	945	14.15	14.01
0	946	14.14	12.54
0	947	14.14	0.0
0	948	14.13	5.05
0	949	14.11	5.89
0	950	14.11	4.9
0	951	14.1	0.0
0	952	14.08	4.57
0	953	14.07	0.0
0	954	14.07	11.39
0	955	14.03	10.47
0	956	14.01	9.59
0	957	14.0	9.45
0	958	13.98	9.03
0	959	13.94	4.83
0	960	13.94	13.66
0	961	13.92	0.0
0	962	13.91	0.0
0	963	13.91	2.17
0	964	13.9	8.14
0	965	13.89	9.9
0	966	13.89	4.22
0	967	13.85	9.07
0	968	13.84	2.95
0	969	13.83	10.57
0	970	13.8	0.62
0	971	13.78	3.28
0	972	13.77	9.35
0	973	13.75	10.77
0	974	13.72	12.93
0	975	13.72	11.93
0	976	13.71	0.0
0	977	13.69	12.4
0	978	13.65	1.98
0	979	13.63	11.66
0	980	13.62	0.0
0	981	13.62	11.56
0	982	13.6	13.13
0	983	13.58	7.87
0	984	13.55	11.57
0	985	13.54	3.39
0	986	13.54	0.0
0	987	13.53	1.38
0	988	13.52	12.98
0	989	13.49	0.0
0	990	13.49	6.75
0	991	13.48	0.0
0	992	13.42	7.76
0	993	13.41	9.31
0	994	13.4	0.0
0	995	13.4	0.0
0	996	13.39	9.32
0	997	13.38	3.31
0	998	13.38	0.0
0	999	13.38	1.59
0	1000	13.37	8.57
0	1001	13.36	0.0
0	1002	13.35	0.0
0	1003	13.33	11.83
0	1004	13.33	10.81
0	1005	13.26	10.72
0	1006	13.25	0.0
0	1007	13.25	0.0
0	1008	13.24	8.89
0	1009	13.24	1.5
0	1010	13.23	0.0
0	1011	13.22	13.07
0	1012	13.21	8.89
0	1013	13.19	3.07
0	1014	13.18	0.0
0	1015	13.17	9.88
0	1016	13.16	9.39
0	1017	13.14	8.61
0	1018	13.14	12.54
0	1019	13.13	11.35
0	1020	13.13	0.0
0	1021	13.12	11.2
0	1022	13.12	0.0
0	1023	13.12	2.36
0	1024	13.11	0.0
0	1025	13.07	5.35
0	1026	13.07	9.8
0	1027	13.03	9.31
0	1028	13.0	12.66
0	1029	12.99	12.05
0	1030	12.98	5.99
0	1031	12.98	5.22
0	1032	12.95	10.32
0	1033	12.94	0.0
0	1034	12.89	6.02
0	1035	12.87	11.3
0	1036	12.87	10.36
0	1037	12.86	4.73
0	1038	12.83	9.36
0	1039	12.83	3.76
0	1040	12.8	10.96
0	1041	12.78	9.5
0	1042	12.77	11.0
0	1043	12.76	10.63
0	1044	12.76	11.87
0	1045	12.75	3.89
0	1046	12.74	11.04
0	1047	12.73	4.62
0	1048	12.71	5.31
0	1049	12.69	7.03
0	1050	12.69	0.0
0	1051	12.67	10.38
0	1052	12.67	7.68
0	1053	12.67	12.02
0	1054	12.66	5.88
0	1055	12.65	0.0
0	1056	12.64	2.62
0	1057	12.64	11.9
0	1058	12.63	6.35
0	1059	12.62	4.91
0	1060	12.61	0.0
0	1061	12.57	3.13
0	1062	12.57	10.62
0	1063	12.56	6.45
0	1064	12.55	3.56
0	1065	12.52	9.56
0	1066	12.51	10.26
0	1067	12.51	7.59
0	1068	12.51	12.46
0	1069	12.51	6.28
0	1070	12.5	0.0
0	1071	12.5	11.83
0	1072	12.49	11.18
0	1073	12.49	6.44
0	1074	12.47	0.0
0	1075	12.47	10.85
0	1076	12.46	0.0
0	1077	12.45	9.17
0	1078	12.45	0.0
0	1079	12.43	0.0
0	1080	12.43	0.0
0	1081	12.4	3.61
0	1082	12.4	0.0
0	1083	12.39	11.45
0	1084	12.35	0.2
0	1085	12.31	11.52
0	1086	12.31	2.95
0	1087	12.3	0.0
0	1088	12.29	8.17
0	1089	12.28	8.39
0	1090	12.26	0.0
0	1091	12.26	11.07
0	1092	12.21	12.13
0	1093	12.17	1.61
0	1094	12.16	0.0
0	1095	12.15	0.0
0	1096	12.15	9.12
0	1097	12.15	0.0
0	1098	12.12	10.01
0	1099	12.12	0.0
0	1100	12.11	0.0
0	1101	12.1	6.56
0	1102	12.09	2.51
0	1103	12.09	8.08
0	1104	12.09	0.0
0	1105	12.08	0.0
0	1106	12.08	11.37
0	1107	12.07	9.76
0	1108	12.07	0.0
0	1109	12.07	0.0
0	1110	12.03	5.65
0	1111	12.01	7.3
0	1112	12.01	0.0
0	1113	12.01	0.0
0	1114	12.0	8.83
0	1115	11.97	1.09
0	1116	11.93	1.53
0	1117	11.91	11.69
0	1118	11.91	0.0
0	1119	11.9	5.03
0	1120	11.88	0.0
0	1121	11.82	7.79
0	1122	11.81	8.26
0	1123	11.8	10.43
0	1124	11.79	8.48
0	1125	11.79	0.0
0	1126	11.79	0.0
0	1127	11.78	10.83
0	1128	11.77	2.19
0	1129	11.77	5.52
0	1130	11.77	6.45
0	1131	11.74	3.43
0	1132	11.74	0.0
0	1133	11.72	10.86
0	1134	11.71	0.06
0	1135	11.71	7.9
0	1136	11.69	11.55
0	1137	11.68	11.1
0	1138	11.67	9.89
0	1139	11.66	10.25
0	1140	11.65	0.0
0	1141	11.59	0.0
0	1142	11.57	8.96
0	1143	11.56	0.0
0	1144	11.56	10.89
0	1145	11.55	10.96
0	1146	11.53	8.55
0	1147	11.53	0.0
0	1148	11.51	6.23
0	1149	11.5	0.0
0	1150	11.47	2.53
0	1151	11.43	9.95
0	1152	11.39	5.24
0	1153	11.36	0.0
0	1154	11.35	4.35
0	1155	11.34	0.0
0	1156	11.34	0.0
0	1157	11.33	8.65
0	1158	11.32	6.39
0	1159	11.3	2.2
0	1160	11.3	7.52
0	1161	11.29	7.87
0	1162	11.28	0.0
0	1163	11.26	9.42
0	1164	11.26	0.0
0	1165	11.25	0.46
0	1166	11.23	6.71
0	1167	11.22	7.41
0	1168	11.22	6.37
0	1169	11.21	7.56
0	1170	11.2	0.0
0	1171	11.19	0.0
0	1172	11.19	9.46
0	1173	11.16	10.13
0	1174	11.16	0.0
0	1175	11.16	0.05
0	1176	11.15	10.69
0	1177	11.13	6.11
0	1178	11.12	9.07
0	1179	11.1	5.25
0	1180	11.09	9.12
0	1181	11.09	0.0
0	1182	11.08	1.67
0	1183	11.07	0.0
0	1184	11.07	4.42
0	1185	11.06	5.25
0	1186	11.05	2.16
0	1187	11.05	4.81
0	1188	11.04	8.51
0	1189	11.02	0.0
0	1190	11.01	8.05
0	1191	11.0	0.0
0	1192	10.98	6.81
0	1193	10.97	0.0
0	1194	10.94	0.0
0	1195	10.93	0.0
0	1196	10.92	0.23
0	1197	10.92	2.13
0	1198	10.91	0.0
0	1199	10.9	0.0
0	1200	10.89	0.0
0	1201	10.87	10.18
0	1202	10.87	0.0
0	1203	10.86	6.54
0	1204	10.86	6.61
0	1205	10.84	6.2
0	1206	10.83	0.27
0	1207	10.79	9.3
0	1208	10.75	0.92
0	1209	10.74	9.44
0	1210	10.73	0.0
0	1211	10.73	0.0
0	1212	10.71	0.0
0	1213	10.71	9.07
0	1214	10.67	0.0
0	1215	10.66	0.0
0	1216	10.64	0.0
0	1217	10.63	6.23
0	1218	10.62	0.0
0	1219	10.62	7.09
0	1220	10.62	9.91
0	1221	10.61	0.0
0	1222	10.56	2.03
0	1223	10.55	0.0
0	1224	10.54	0.0
0	1225	10.51	10.21
0	1226	10.49	0.0
0	1227	10.49	0.0
0	1228	10.49	6.94
0	1229	10.47	2.4
0	1230	10.46	5.63
0	1231	10.44	0.01
0	1232	10.42	0.0
0	1233	10.41	0.98
0	1234	10.39	4.43
0	1235	10.39	10.07
0	1236	10.38	7.82
0	1237	10.38	0.0
0	1238	10.36	0.0
0	1239	10.33	3.12
0	1240	10.33	0.0
0	1241	10.3	4.97
0	1242	10.3	0.43
0	1243	10.3	5.07
0	1244	10.28	0.0
0	1245	10.28	0.0
0	1246	10.27	0.0
0	1247	10.27	9.56
0	1248	10.27	8.42
0	1249	10.25	0.0
0	1250	10.25	9.2
0	1251	10.23	0.0
0	1252	10.23	0.2
0	1253	10.23	4.26
0	1254	10.22	2.69
0	1255	10.22	1.23
0	1256	10.22	8.7
0	1257	10.2	0.0
0	1258	10.2	8.24
0	1259	10.2	2.96
0	1260	10.2	2.84
0	1261	10.19	1.11
0	1262	10.17	3.82
0	1263	10.16	4.34
0	1264	10.16	3.64
0	1265	10.15	4.46
0	1266	10.14	7.93
0	1267	10.13	6.88
0	1268	10.08	8.75
0	1269	10.08	5.29
0	1270	10.08	7.49
0	1271	10.06	7.83
0	1272	10.04	0.23
0	1273	10.02	9.92
0	1274	9.99	8.38
0	1275	9.98	0.0
0	1276	9.98	5.45
0	1277	9.96	7.99
0	1278	9.93	3.97
0	1279	9.93	0.0
0	1280	9.93	6.09
0	1281	9.93	6.93
0	1282	9.92	7.61
0	1283	9.9	0.0
0	1284	9.9	6.91
0	1285	9.87	0.48
0	1286	9.86	0.0
0	1287	9.85	7.15
0	1288	9.85	0.0
0	1289	9.84	9.24
0	1290	9.83	5.99
0	1291	9.82	7.69
0	1292	9.8	0.0
0	1293	9.79	7.88
0	1294	9.78	2.32
0	1295	9.77	0.0
0	1296	9.77	1.48
0	1297	9.76	8.73
0	1298	9.76	0.0
0	1299	9.75	5.96
0	1300	9.75	3.41
0	1301	9.73	0.0
0	1302	9.73	4.98
0	1303	9.7	0.32
0	1304	9.69	0.0
0	1305	9.67	7.42
0	1306	9.66	8.88
0	1307	9.64	4.37
0	1308	9.63	1.72
0	1309	9.61	9.59
0	1310	9.61	0.0
0	1311	9.6	1.82
0	1312	9.59	0.0
0	1313	9.59	0.0
0	1314	9.57	0.0
0	1315	9.57	8.66
0	1316	9.52	9.5
0	1317	9.52	0.0
0	1318	9.52	0.0
0	1319	9.51	5.76
0	1320	9.51	0.0
0	1321	9.5	6.19
0	1322	9.5	0.0
0	1323	9.46	1.04
0	1324	9.46	0.0
0	1325	9.46	5.75
0	1326	9.46	8.24
0	1327	9.46	0.0
0	1328	9.45	0.0
0	1329	9.43	0.0
0	1330	9.43	0.0
0	1331	9.4	2.95
0	1332	9.38	6.08
0	1333	9.36	0.0
0	1334	9.33	1.27
0	1335	9.32	6.88
0	1336	9.32	5.55
0	1337	9.32	6.6
0	1338	9.31	0.0
0	1339	9.3	0.0
0	1340	9.3	0.0
0	1341	9.3	7.64
0	1342	9.29	9.25
0	1343	9.28	2.4
0	1344	9.27	0.0
0	1345	9.27	4.31
0	1346	9.25	2.3
0	1347	9.21	0.0
0	1348	9.21	1.54
0	1349	9.2	0.0
0	1350	9.2	0.0
0	1351	9.19	0.0
0	1352	9.19	7.59
0	1353	9.18	6.61
0	1354	9.17	3.33
0	1355	9.16	0.0
0	1356	9.16	3.21
0	1357	9.16	0.0
0	1358	9.13	4.72
0	1359	9.12	0.0
0	1360	9.11	0.0
0	1361	9.11	8.53
0	1362	9.11	5.8
0	1363	9.09	0.0
0	1364	9.06	0.0
0	1365	9.05	4.46
0	1366	9.05	8.81
0	1367	9.03	6.59
0	1368	9.02	0.0
0	1369	8.99	3.72
0	1370	8.99	0.31
0	1371	8.97	0.0
0	1372	8.96	0.0
0	1373	8.95	1.81
0	1374	8.94	8.3
0	1375	8.93	1.65
0	1376	8.93	7.28
0	1377	8.92	8.26
0	1378	8.92	7.53
0	1379	8.91	0.0
0	1380	8.89	6.98
0	1381	8.89	0.0
0	1382	8.88	0.0
0	1383	8.87	8.32
0	1384	8.86	1.61
0	1385	8.85	8.54
0	1386	8.85	3.3
0	1387	8.85	7.38
0	1388	8.85	0.0
0	1389	8.83	2.32
0	1390	8.83	0.0
0	1391	8.82	8.11
0	1392	8.81	8.63
0	1393	8.78	8.39
0	1394	8.78	0.0
0	1395	8.78	8.61
0	1396	8.77	0.0
0	1397	8.76	0.0
0	1398	8.75	5.79
0	1399	8.75	6.64
0	1400	8.72	0.0
0	1401	8.71	0.0
0	1402	8.71	0.05
0	1403	8.7	0.0
0	1404	8.7	0.43
0	1405	8.69	6.03
0	1406	8.69	0.68
0	1407	8.68	0.0
0	1408	8.67	0.76
0	1409	8.67	0.0
0	1410	8.66	3.24
0	1411	8.65	4.63
0	1412	8.64	6.01
0	1413	8.62	0.0
0	1414	8.62	0.0
0	1415	8.61	0.0
0	1416	8.61	0.0
0	1417	8.61	7.71
0	1418	8.6	0.0
0	1419	8.59	7.09
0	1420	8.58	0.0
0	1421	8.58	0.0
0	1422	8.56	4.4
0	1423	8.54	3.53
0	1424	8.54	0.0
0	1425	8.54	4.84
0	1426	8.53	0.0
0	1427	8.53	0.0
0	1428	8.53	7.72
0	1429	8.53	7.47
0	1430	8.52	0.0
0	1431	8.51	0.0
0	1432	8.5	7.15
0	1433	8.5	6.09
0	1434	8.5	2.67
0	1435	8.48	0.0
0	1436	8.48	2.11
0	1437	8.47	2.44
0	1438	8.46	0.0
0	1439	8.44	0.3
0	1440	8.43	5.96
0	1441	8.42	5.42
0	1442	8.42	4.5
0	1443	8.41	0.0
0	1444	8.4	2.16
0	1445	8.39	7.36
0	1446	8.39	0.91
0	1447	8.39	5.23
0	1448	8.37	0.0
0	1449	8.37	4.1
0	1450	8.35	4.12
0	1451	8.34	0.0
0	1452	8.3	8.01
0	1453	8.3	0.0
0	1454	8.3	3.42
0	1455	8.3	2.57
0	1456	8.29	0.0
0	1457	8.28	0.0
0	1458	8.28	7.31
0	1459	8.25	5.78
0	1460	8.22	5.94
0	1461	8.19	6.82
0	1462	8.18	0.0
0	1463	8.17	6.75
0	1464	8.15	0.0
0	1465	8.15	0.0
0	1466	8.14	0.74
0	1467	8.14	0.0
0	1468	8.13	0.82
0	1469	8.1	0.0
0	1470	8.09	6.62
0	1471	8.08	6.62
0	1472	8.04	4.06
0	1473	8.03	0.0
0	1474	8.02	0.0
0	1475	8.02	0.0
0	1476	8.02	0.0
0	1477	8.02	0.0
0	1478	8.01	1.48
0	1479	8.0	0.0
0	1480	7.99	0.0
0	1481	7.97	1.49
0	1482	7.95	7.57
0	1483	7.94	0.0
0	1484	7.94	6.65
0	1485	7.93	0.0
0	1486	7.92	0.0
0	1487	7.9	4.69
0	1488	7.89	0.0
0	1489	7.86	4.63
0	1490	7.84	1.56
0	1491	7.84	0.85
0	1492	7.83	0.0
0	1493	7.81	0.0
0	1494	7.81	7.4
0	1495	7.78	6.26
0	1496	7.77	0.0
0	1497	7.76	6.83
0	1498	7.75	0.0
0	1499	7.75	2.43
0	1500	7.75	4.04
0	1501	7.73	0.0
0	1502	7.71	0.0
0	1503	7.71	7.39
0	1504	7.71	0.0
0	1505	7.7	1.52
0	1506	7.69	4.22
0	1507	7.69	1.11
0	1508	7.69	0.0
0	1509	7.66	0.08
0	1510	7.66	2.03
0	1511	7.66	1.03
0	1512	7.64	0.0
0	1513	7.64	0.0
0	1514	7.63	0.0
0	1515	7.61	0.0
0	1516	7.6	0.0
0	1517	7.58	0.0
0	1518	7.57	0.0
0	1519	7.57	0.0
0	1520	7.55	0.0
0	1521	7.53	2.1
0	1522	7.52	0.03
0	1523	7.51	0.0
0	1524	7.51	3.77
0	1525	7.51	3.05
0	1526	7.46	5.2
0	1527	7.46	7.29
0	1528	7.45	3.92
0	1529	7.45	5.19
0	1530	7.45	7.06
0	1531	7.45	0.06
0	1532	7.44	2.27
0	1533	7.42	3.26
0	1534	7.39	2.93
0	1535	7.38	0.0
0	1536	7.36	0.0
0	1537	7.35	7.19
0	1538	7.35	5.29
0	1539	7.34	0.0
0	1540	7.32	0.0
0	1541	7.31	0.0
0	1542	7.29	0.0
0	1543	7.29	0.0
0	1544	7.29	0.0
0	1545	7.28	0.0
0	1546	7.26	0.0
0	1547	7.25	1.84
0	1548	7.23	0.0
0	1549	7.23	0.0
0	1550	7.23	2.08
0	1551	7.23	0.0
0	1552	7.23	6.93
0	1553	7.22	0.0
0	1554	7.22	4.88
0	1555	7.21	0.0
0	1556	7.2	0.0
0	1557	7.2	6.82
0	1558	7.2	1.53
0	1559	7.19	0.65
0	1560	7.19	7.01
0	1561	7.17	6.31
0	1562	7.16	4.38
0	1563	7.15	0.0
0	1564	7.15	0.0
0	1565	7.15	0.0
0	1566	7.15	1.22
0	1567	7.15	0.0
0	1568	7.14	4.52
0	1569	7.14	5.34
0	1570	7.12	0.0
0	1571	7.12	4.47
0	1572	7.11	6.46
0	1573	7.1	4.45
0	1574	7.09	1.82
0	1575	7.08	4.43
0	1576	7.07	0.0
0	1577	7.07	3.02
0	1578	7.07	0.0
0	1579	7.07	6.93
0	1580	7.06	3.83
0	1581	7.06	0.0
0	1582	7.03	5.24
0	1583	7.02	4.44
0	1584	7.0	5.81
0	1585	7.0	6.25
0	1586	7.0	5.72
0	1587	6.99	0.0
0	1588	6.99	0.0
0	1589	6.96	1.15
0	1590	6.94	5.67
0	1591	6.92	0.0
0	1592	6.9	0.0
0	1593	6.88	0.0
0	1594	6.85	6.03
0	1595	6.84	0.89
0	1596	6.82	5.59
0	1597	6.81	0.0
0	1598	6.81	0.0
0	1599	6.8	4.86
0	1600	6.78	0.0
0	1601	6.78	4.2
0	1602	6.75	0.2
0	1603	6.74	0.0
0	1604	6.74	4.34
0	1605	6.73	0.0
0	1606	6.71	0.0
0	1607	6.71	0.0
0	1608	6.71	3.81
0	1609	6.71	6.18
0	1610	6.7	0.0
0	1611	6.7	3.22
0	1612	6.7	2.5
0	1613	6.7	5.2
0	1614	6.68	0.0
0	1615	6.68	0.0
0	1616	6.68	6.4
0	1617	6.68	5.16
0	1618	6.67	3.67
0	1619	6.66	0.0
0	1620	6.64	0.0
0	1621	6.62	0.0
0	1622	6.61	4.16
0	1623	6.61	0.0
0	1624	6.6	0.0
0	1625	6.6	0.0
0	1626	6.57	5.63
0	1627	6.56	0.0
0	1628	6.56	0.0
0	1629	6.54	0.0
0	1630	6.54	0.0
0	1631	6.54	0.0
0	1632	6.53	4.82
0	1633	6.53	0.0
0	1634	6.52	0.0
0	1635	6.52	2.33
0	1636	6.51	0.0
0	1637	6.51	5.63
0	1638	6.49	5.29
0	1639	6.48	0.0
0	1640	6.48	0.0
0	1641	6.48	0.0
0	1642	6.47	0.0
0	1643	6.44	4.39
0	1644	6.43	3.58
0	1645	6.43	1.95
0	1646	6.42	1.5
0	1647	6.41	5.62
0	1648	6.4	0.0
0	1649	6.38	0.0
0	1650	6.34	1.47
0	1651	6.34	1.33
0	1652	6.34	5.33
0	1653	6.33	5.63
0	1654	6.33	4.53
0	1655	6.33	1.9
0	1656	6.31	0.0
0	1657	6.3	0.0
0	1658	6.26	0.0
0	1659	6.25	5.25
0	1660	6.25	0.0
0	1661	6.25	6.18
0	1662	6.24	0.0
0	1663	6.24	0.0
0	1664	6.23	0.0
0	1665	6.23	5.27
0	1666	6.22	0.17
0	1667	6.21	0.0
0	1668	6.2	0.0
0	1669	6.19	0.0
0	1670	6.16	1.44
0	1671	6.14	0.0
0	1672	6.14	1.31
0	1673	6.13	0.0
0	1674	6.13	5.25
0	1675	6.12	0.47
0	1676	6.11	0.29
0	1677	6.1	3.07
0	1678	6.09	0.0
0	1679	6.07	0.0
0	1680	6.04	4.71
0	1681	6.04	0.11
0	1682	6.04	0.0
0	1683	6.02	4.06
0	1684	6.02	0.0
0	1685	6.01	0.0
0	1686	6.01	4.25
0	1687	5.99	0.0
0	1688	5.99	0.71
0	1689	5.98	0.0
0	1690	5.98	0.0
0	1691	5.97	3.54
0	1692	5.97	0.0
0	1693	5.94	5.53
0	1694	5.94	5.89
0	1695	5.93	4.15
0	1696	5.92	0.0
0	1697	5.92	0.0
0	1698	5.92	0.0
0	1699	5.91	0.0
0	1700	5.9	0.0
0	1701	5.9	0.0
0	1702	5.9	0.0
0	1703	5.87	0.0
0	1704	5.86	0.0
0	1705	5.85	4.79
0	1706	5.85	0.0
0	1707	5.83	5.28
0	1708	5.83	2.42
0	1709	5.83	0.72
0	1710	5.82	0.0
0	1711	5.82	4.83
0	1712	5.8	0.0
0	1713	5.79	0.0
0	1714	5.76	3.76
0	1715	5.75	0.0
0	1716	5.75	0.0
0	1717	5.73	2.02
0	1718	5.72	0.0
0	1719	5.71	5.19
0	1720	5.7	4.53
0	1721	5.7	0.0
0	1722	5.7	0.0
0	1723	5.7	0.0
0	1724	5.69	0.0
0	1725	5.68	3.49
0	1726	5.68	0.0
0	1727	5.67	0.92
0	1728	5.66	4.49
0	1729	5.66	4.55
0	1730	5.64	4.46
0	1731	5.63	0.0
0	1732	5.63	0.0
0	1733	5.63	0.0
0	1734	5.62	0.87
0	1735	5.62	0.0
0	1736	5.59	0.0
0	1737	5.57	0.0
0	1738	5.57	1.34
0	1739	5.56	5.4
0	1740	5.54	0.0
0	1741	5.54	2.35
0	1742	5.53	0.84
0	1743	5.52	0.0
0	1744	5.51	4.16
0	1745	5.51	0.28
0	1746	5.51	0.0
0	1747	5.5	2.51
0	1748	5.5	0.0
0	1749	5.49	0.0
0	1750	5.49	4.8
0	1751	5.48	0.89
0	1752	5.47	0.0
0	1753	5.46	3.89
0	1754	5.43	0.0
0	1755	5.43	0.56
0	1756	5.43	4.87
0	1757	5.42	4.9
0	1758	5.41	0.0
0	1759	5.41	4.7
0	1760	5.41	0.0
0	1761	5.4	0.0
0	1762	5.4	2.98
0	1763	5.4	0.0
0	1764	5.39	0.07
0	1765	5.39	3.43
0	1766	5.36	0.0
0	1767	5.35	0.0
0	1768	5.35	0.0
0	1769	5.34	0.0
0	1770	5.33	0.64
0	1771	5.33	4.34
0	1772	5.33	0.0
0	1773	5.32	0.0
0	1774	5.32	5.12
0	1775	5.31	3.22
0	1776	5.3	0.0
0	1777	5.3	0.0
0	1778	5.3	2.17
0	1779	5.29	0.0
0	1780	5.29	0.0
0	1781	5.26	3.43
0	1782	5.26	0.0
0	1783	5.26	1.79
0	1784	5.26	0.0
0	1785	5.25	0.0
0	1786	5.23	0.0
0	1787	5.23	3.04
0	1788	5.22	0.0
0	1789	5.21	0.0
0	1790	5.21	0.28
0	1791	5.19	0.0
0	1792	5.18	0.0
0	1793	5.14	2.05
0	1794	5.13	0.0
0	1795	5.12	0.0
0	1796	5.11	0.87
0	1797	5.11	0.0
0	1798	5.11	4.37
0	1799	5.1	0.0
0	1800	5.09	2.0
0	1801	5.09	0.0
0	1802	5.08	0.0
0	1803	5.05	1.33
0	1804	5.05	0.0
0	1805	5.03	2.57
0	1806	5.03	0.0
0	1807	5.03	0.0
0	1808	5.02	0.0
0	1809	5.01	2.51
0	1810	5.0	0.0
0	1811	5.0	0.0
0	1812	4.98	0.0
0	1813	4.96	0.0
0	1814	4.96	0.0
0	1815	4.95	0.0
0	1816	4.95	0.0
0	1817	4.95	0.0
0	1818	4.94	0.0
0	1819	4.94	0.0
0	1820	4.93	0.0
0	1821	4.93	0.0
0	1822	4.93	0.0
0	1823	4.92	3.39
0	1824	4.92	0.0
0	1825	4.92	0.0
0	1826	4.92	0.27
0	1827	4.91	0.0
0	1828	4.91	4.08
0	1829	4.89	4.35
0	1830	4.88	0.0
0	1831	4.88	2.53
0	1832	4.87	0.0
0	1833	4.87	1.15
0	1834	4.87	0.0
0	1835	4.87	0.19
0	1836	4.86	0.0
0	1837	4.86	0.0
0	1838	4.85	0.0
0	1839	4.84	3.82
0	1840	4.84	0.36
0	1841	4.83	0.0
0	1842	4.81	0.0
0	1843	4.8	2.17
0	1844	4.8	0.0
0	1845	4.79	0.0
0	1846	4.78	4.35
0	1847	4.76	0.0
0	1848	4.76	0.3
0	1849	4.76	0.0
0	1850	4.75	0.0
0	1851	4.75	0.0
0	1852	4.75	0.0
0	1853	4.74	0.0
0	1854	4.73	1.18
0	1855	4.72	0.02
0	1856	4.72	3.53
0	1857	4.71	2.71
0	1858	4.71	4.25
0	1859	4.71	0.0
0	1860	4.71	3.51
0	1861	4.69	4.64
0	1862	4.67	0.0
0	1863	4.67	0.0
0	1864	4.66	0.0
0	1865	4.66	0.0
0	1866	4.66	0.0
0	1867	4.63	0.0
0	1868	4.62	4.21
0	1869	4.62	0.0
0	1870	4.62	3.57
0	1871	4.6	0.0
0	1872	4.59	0.0
0	1873	4.59	1.58
0	1874	4.59	0.0
0	1875	4.58	3.49
0	1876	4.58	0.0
0	1877	4.58	1.27
0	1878	4.58	0.0
0	1879	4.58	0.0
0	1880	4.57	0.0
0	1881	4.57	4.11
0	1882	4.57	0.0
0	1883	4.56	0.0
0	1884	4.55	0.0
0	1885	4.55	0.0
0	1886	4.55	2.55
0	1887	4.54	2.75
0	1888	4.52	0.0
0	1889	4.5	0.0
0	1890	4.48	0.73
0	1891	4.47	0.0
0	1892	4.45	3.52
0	1893	4.43	0.0
0	1894	4.41	0.0
0	1895	4.39	0.0
0	1896	4.38	0.0
0	1897	4.38	0.0
0	1898	4.38	3.13
0	1899	4.35	0.0
0	1900	4.35	3.06
0	1901	4.35	0.0
0	1902	4.35	3.57
0	1903	4.34	0.0
0	1904	4.34	0.0
0	1905	4.34	1.12
0	1906	4.33	0.0
0	1907	4.32	3.35
0	1908	4.32	0.0
0	1909	4.31	2.09
0	1910	4.31	0.0
0	1911	4.31	0.32
0	1912	4.31	0.12
0	1913	4.29	0.0
0	1914	4.25	0.0
0	1915	4.23	0.0
0	1916	4.22	0.0
0	1917	4.22	0.0
0	1918	4.22	0.0
0	1919	4.21	3.43
0	1920	4.21	0.0
0	1921	4.19	2.69
0	1922	4.19	0.0
0	1923	4.18	0.0
0	1924	4.17	0.0
0	1925	4.15	0.0
0	1926	4.14	0.0
0	1927	4.13	2.01
0	1928	4.13	0.0
0	1929	4.12	0.0
0	1930	4.11	2.47
0	1931	4.09	0.0
0	1932	4.09	3.68
0	1933	4.09	0.0
0	1934	4.08	3.56
0	1935	4.06	2.05
0	1936	4.06	0.0
0	1937	4.06	0.0
0	1938	4.05	1.08
0	1939	4.04	2.73
0	1940	4.04	0.0
0	1941	4.04	3.89
0	1942	4.03	1.79
0	1943	4.02	0.0
0	1944	4.01	0.0
0	1945	4.0	3.85
0	1946	4.0	3.09
0	1947	4.0	2.74
0	1948	3.99	0.0
0	1949	3.97	0.0
0	1950	3.97	1.12
0	1951	3.97	0.0
0	1952	3.96	0.0
0	1953	3.93	1.98
0	1954	3.92	0.0
0	1955	3.92	2.1
0	1956	3.92	1.66
0	1957	3.91	0.0
0	1958	3.91	0.0
0	1959	3.91	2.05
0	1960	3.9	0.0
0	1961	3.89	0.0
0	1962	3.88	0.0
0	1963	3.88	0.0
0	1964	3.88	0.62
0	1965	3.87	3.21
0	1966	3.86	0.81
0	1967	3.84	0.0
0	1968	3.84	3.09
0	1969	3.83	0.0
0	1970	3.82	0.0
0	1971	3.81	0.0
0	1972	3.81	3.45
0	1973	3.8	2.06
0	1974	3.78	0.0
0	1975	3.78	0.0
0	1976	3.77	0.0
0	1977	3.76	0.0
0	1978	3.75	3.31
0	1979	3.75	0.0
0	1980	3.75	0.95
0	1981	3.74	0.0
0	1982	3.72	0.0
0	1983	3.71	2.4
0	1984	3.68	2.75
0	1985	3.67	0.0
0	1986	3.67	0.0
0	1987	3.65	1.28
0	1988	3.64	0.0
0	1989	3.63	0.0
0	1990	3.63	0.0
0	1991	3.62	0.0
0	1992	3.6	3.16
0	1993	3.58	2.44
0	1994	3.57	0.0
0	1995	3.56	0.0
0	1996	3.54	0.0
0	1997	3.54	0.0
0	1998	3.53	0.0
0	1999	3.52	0.0
0	2000	3.52	0.0
0	2001	3.51	0.0
0	2002	3.51	0.0
0	2003	3.51	0.0
0	2004	3.51	3.36
0	2005	3.51	1.89
0	2006	3.5	2.65
0	2007	3.5	0.0
0	2008	3.49	0.0
0	2009	3.49	0.0
0	2010	3.49	0.0
0	2011	3.49	2.6
0	2012	3.49	0.02
0	2013	3.47	0.0
0	2014	3.45	0.0
0	2015	3.44	0.0
0	2016	3.43	1.37
0	2017	3.42	0.0
0	2018	3.42	0.0
0	2019	3.41	0.19
0	2020	3.4	0.0
0	2021	3.4	0.0
0	2022	3.38	0.0
0	2023	3.35	2.01
0	2024	3.35	0.0
0	2025	3.34	0.0
0	2026	3.33	0.0
0	2027	3.33	0.0
0	2028	3.32	0.0
0	2029	3.31	0.0
0	2030	3.3	3.27
0	2031	3.3	0.0
0	2032	3.29	0.0
0	2033	3.29	0.0
0	2034	3.29	0.0
0	2035	3.28	0.0
0	2036	3.28	2.7
0	2037	3.27	0.0
0	2038	3.24	0.0
0	2039	3.23	0.17
0	2040	3.23	0.0
0	2041	3.23	0.0
0	2042	3.21	0.0
0	2043	3.21	0.0
0	2044	3.2	0.0
0	2045	3.2	3.0
0	2046	3.2	2.13
0	2047	3.19	0.0
0	2048	3.19	1.32
0	2049	3.19	0.0
0	2050	3.19	2.78
0	2051	3.18	0.0
0	2052	3.16	2.02
0	2053	3.15	3.05
0	2054	3.15	0.0
0	2055	3.15	0.0
0	2056	3.13	0.0
0	2057	3.12	0.0
0	2058	3.12	0.0
0	2059	3.11	0.0
0	2060	3.11	0.0
0	2061	3.1	0.0
0	2062	3.1	0.0
0	2063	3.1	0.0
0	2064	3.09	0.0
0	2065	3.09	0.0
0	2066	3.08	0.0
0	2067	3.07	1.7
0	2068	3.07	0.0
0	2069	3.06	3.03
0	2070	3.06	0.0
0	2071	3.04	0.47
0	2072	3.04	0.0
0	2073	3.03	0.0
0	2074	3.03	0.0
0	2075	3.01	0.0
0	2076	3.01	0.0
0	2077	3.01	0.0
0	2078	2.98	0.0
0	2079	2.98	0.0
0	2080	2.97	0.0
0	2081	2.97	0.0
0	2082	2.96	2.83
0	2083	2.95	0.85
0	2084	2.95	0.0
0	2085	2.95	0.0
0	2086	2.93	0.0
0	2087	2.93	1.47
0	2088	2.92	0.0
0	2089	2.92	0.0
0	2090	2.92	0.0
0	2091	2.91	0.0
0	2092	2.91	0.0
0	2093	2.89	2.76
0	2094	2.88	0.0
0	2095	2.87	0.0
0	2096	2.87	0.0
0	2097	2.87	0.0
0	2098	2.85	0.0
0	2099	2.85	0.0
0	2100	2.83	0.0
0	2101	2.83	0.0
0	2102	2.83	0.0
0	2103	2.82	0.12
0	2104	2.79	1.09
0	2105	2.78	0.0
0	2106	2.77	0.0
0	2107	2.75	0.0
0	2108	2.75	1.06
0	2109	2.75	2.06
0	2110	2.75	0.17
0	2111	2.74	1.51
0	2112	2.74	0.74
0	2113	2.74	0.0
0	2114	2.71	0.0
0	2115	2.7	0.0
0	2116	2.68	2.02
0	2117	2.67	0.0
0	2118	2.67	1.93
0	2119	2.66	0.0
0	2120	2.65	0.0
0	2121	2.64	0.0
0	2122	2.63	0.0
0	2123	2.62	0.0
0	2124	2.62	0.0
0	2125	2.62	0.0
0	2126	2.62	0.0
0	2127	2.61	2.46
0	2128	2.61	0.0
0	2129	2.61	0.0
0	2130	2.61	0.0
0	2131	2.6	0.0
0	2132	2.59	0.0
0	2133	2.58	0.0
0	2134	2.58	0.0
0	2135	2.58	0.0
0	2136	2.58	0.0
0	2137	2.57	0.0
0	2138	2.56	0.0
0	2139	2.56	0.0
0	2140	2.56	1.26
0	2141	2.55	0.0
0	2142	2.55	0.0
0	2143	2.54	0.0
0	2144	2.54	2.22
0	2145	2.54	2.13
0	2146	2.52	0.0
0	2147	2.51	0.0
0	2148	2.51	0.0
0	2149	2.5	0.0
0	2150	2.5	0.56
0	2151	2.5	0.0
0	2152	2.47	1.36
0	2153	2.46	0.0
0	2154	2.46	0.0
0	2155	2.46	1.34
0	2156	2.46	1.3
0	2157	2.45	0.0
0	2158	2.44	0.0
0	2159	2.44	0.0
0	2160	2.44	0.0
0	2161	2.44	0.0
0	2162	2.43	0.0
0	2163	2.43	0.0
0	2164	2.42	0.0
0	2165	2.4	0.0
0	2166	2.4	0.97
0	2167	2.4	0.0
0	2168	2.4	0.0
0	2169	2.39	0.0
0	2170	2.38	0.0
0	2171	2.38	0.0
0	2172	2.38	0.0
0	2173	2.37	0.0
0	2174	2.36	0.0
0	2175	2.36	0.0
0	2176	2.34	0.0
0	2177	2.32	0.0
0	2178	2.32	0.0
0	2179	2.31	0.0
0	2180	2.3	0.0
0	2181	2.3	0.0
0	2182	2.29	0.0
0	2183	2.29	0.0
0	2184	2.28	0.0
0	2185	2.28	0.0
0	2186	2.28	1.24
0	2187	2.26	2.02
0	2188	2.25	0.0
0	2189	2.25	0.0
0	2190	2.24	0.0
0	2191	2.23	0.0
0	2192	2.23	0.0
0	2193	2.22	0.0
0	2194	2.22	0.0
0	2195	2.21	1.91
0	2196	2.21	0.0
0	2197	2.2	1.29
0	2198	2.2	0.0
0	2199	2.18	0.0
0	2200	2.17	0.0
0	2201	2.17	0.0
0	2202	2.17	0.0
0	2203	2.16	0.0
0	2204	2.16	0.0
0	2205	2.16	0.0
0	2206	2.16	0.0
0	2207	2.15	1.22
0	2208	2.15	0.0
0	2209	2.15	0.0
0	2210	2.14	0.0
0	2211	2.14	0.0
0	2212	2.12	0.0
0	2213	2.12	0.0
0	2214	2.11	0.0
0	2215	2.11	0.96
0	2216	2.11	0.0
0	2217	2.1	0.0
0	2218	2.1	0.15
0	2219	2.09	1.75
0	2220	2.08	1.38
0	2221	2.08	0.0
0	2222	2.08	1.23
0	2223	2.06	0.0
0	2224	2.05	0.0
0	2225	2.04	0.0
0	2226	2.04	0.0
0	2227	2.04	0.0
0	2228	2.04	0.0
0	2229	2.02	0.0
0	2230	2.02	0.0
0	2231	2.01	0.0
0	2232	1.99	0.0
0	2233	1.99	0.0
0	2234	1.98	0.02
0	2235	1.98	0.0
0	2236	1.98	0.0
0	2237	1.97	0.0
0	2238	1.96	0.0
0	2239	1.96	1.73
0	2240	1.95	0.0
0	2241	1.94	0.0
0	2242	1.94	0.0
0	2243	1.93	0.0
0	2244	1.93	0.0
0	2245	1.92	0.0
0	2246	1.92	0.0
0	2247	1.92	0.0
0	2248	1.91	0.0
0	2249	1.91	0.0
0	2250	1.91	0.0
0	2251	1.9	0.0
0	2252	1.9	0.0
0	2253	1.9	0.0
0	2254	1.89	1.38
0	2255	1.87	0.0
0	2256	1.86	0.0
0	2257	1.86	0.0
0	2258	1.85	0.23
0	2259	1.85	0.0
0	2260	1.84	0.0
0	2261	1.84	0.0
0	2262	1.83	0.06
0	2263	1.8	0.0
0	2264	1.79	0.0
0	2265	1.78	0.0
0	2266	1.78	0.0
0	2267	1.77	0.0
0	2268	1.77	0.0
0	2269	1.77	0.0
0	2270	1.76	0.13
0	2271	1.76	0.0
0	2272	1.74	0.55
0	2273	1.73	0.0
0	2274	1.72	0.0
0	2275	1.72	0.0
0	2276	1.71	0.0
0	2277	1.7	1.28
0	2278	1.68	0.0
0	2279	1.68	0.0
0	2280	1.67	0.0
0	2281	1.67	0.0
0	2282	1.66	0.61
0	2283	1.66	0.0
0	2284	1.66	0.0
0	2285	1.66	0.0
0	2286	1.65	0.0
0	2287	1.62	0.0
0	2288	1.61	0.0
0	2289	1.61	0.0
0	2290	1.61	0.59
0	2291	1.6	1.05
0	2292	1.59	0.0
0	2293	1.58	0.0
0	2294	1.57	0.0
0	2295	1.56	0.0
0	2296	1.56	0.0
0	2297	1.56	0.0
0	2298	1.55	0.0
0	2299	1.55	0.0
0	2300	1.54	0.0
0	2301	1.54	0.0
0	2302	1.53	0.0
0	2303	1.53	0.0
0	2304	1.52	0.0
0	2305	1.52	0.0
0	2306	1.51	0.0
0	2307	1.5	0.0
0	2308	1.5	0.0
0	2309	1.49	0.0
0	2310	1.49	0.0
0	2311	1.48	0.0
0	2312	1.47	0.0
0	2313	1.47	0.0
0	2314	1.46	0.0
0	2315	1.45	0.0
0	2316	1.44	0.0
0	2317	1.44	0.0
0	2318	1.43	0.99
0	2319	1.42	0.0
0	2320	1.41	0.0
0	2321	1.41	0.0
0	2322	1.39	0.95
0	2323	1.39	0.0
0	2324	1.39	0.0
0	2325	1.38	0.0
0	2326	1.38	0.0
0	2327	1.37	0.0
0	2328	1.37	0.86
0	2329	1.37	0.0
0	2330	1.36	0.0
0	2331	1.35	0.0
0	2332	1.35	0.0
0	2333	1.35	0.0
0	2334	1.35	0.0
0	2335	1.33	0.0
0	2336	1.33	0.0
0	2337	1.31	0.0
0	2338	1.3	0.0
0	2339	1.29	0.0
0	2340	1.29	0.0
0	2341	1.29	0.0
0	2342	1.28	0.0
0	2343	1.27	0.0
0	2344	1.27	0.0
0	2345	1.26	0.0
0	2346	1.26	0.0
0	2347	1.24	0.0
0	2348	1.24	0.0
0	2349	1.23	0.0
0	2350	1.23	0.0
0	2351	1.23	0.08
0	2352	1.22	0.0
0	2353	1.22	0.0
0	2354	1.22	0.0
0	2355	1.21	0.0
0	2356	1.2	0.82
0	2357	1.19	0.0
0	2358	1.18	0.0
0	2359	1.17	0.0
0	2360	1.17	0.0
0	2361	1.16	0.0
0	2362	1.15	0.0
0	2363	1.15	0.0
0	2364	1.14	0.55
0	2365	1.14	0.0
0	2366	1.13	0.0
0	2367	1.13	0.0
0	2368	1.12	0.0
0	2369	1.1	0.0
0	2370	1.08	0.0
0	2371	1.08	0.0
0	2372	1.07	0.0
0	2373	1.06	0.0
0	2374	1.04	0.0
0	2375	1.03	0.0
0	2376	1.03	0.0
0	2377	1.03	0.0
0	2378	1.02	0.0
0	2379	1.02	0.0
0	2380	1.02	0.0
0	2381	1.01	0.0
0	2382	1.01	0.0
0	2383	1.01	0.0
0	2384	0.99	0.0
0	2385	0.98	0.0
0	2386	0.98	0.0
0	2387	0.98	0.0
0	2388	0.96	0.0
0	2389	0.96	0.0
0	2390	0.96	0.0
0	2391	0.95	0.0
0	2392	0.94	0.0
0	2393	0.94	0.0
0	2394	0.93	0.0
0	2395	0.9	0.13
0	2396	0.9	0.0
0	2397	0.89	0.39
0	2398	0.89	0.0
0	2399	0.89	0.0
0	2400	0.88	0.0
0	2401	0.88	0.0
0	2402	0.88	0.0
0	2403	0.88	0.0
0	2404	0.86	0.0
0	2405	0.86	0.0
0	2406	0.84	0.0
0	2407	0.84	0.0
0	2408	0.84	0.0
0	2409	0.81	0.0
0	2410	0.81	0.0
0	2411	0.8	0.0
0	2412	0.79	0.14
0	2413	0.79	0.0
0	2414	0.76	0.0
0	2415	0.76	0.75
0	2416	0.76	0.0
0	2417	0.74	0.0
0	2418	0.74	0.0
0	2419	0.74	0.0
0	2420	0.74	0.0
0	2421	0.73	0.0
0	2422	0.73	0.0
0	2423	0.72	0.0
0	2424	0.72	0.0
0	2425	0.71	0.0
0	2426	0.71	0.0
0	2427	0.7	0.0
0	2428	0.7	0.0
0	2429	0.7	0.0
0	2430	0.69	0.0
0	2431	0.68	0.0
0	2432	0.68	0.0
0	2433	0.68	0.0
0	2434	0.67	0.0
0	2435	0.67	0.0
0	2436	0.65	0.0
0	2437	0.65	0.0
0	2438	0.64	0.0
0	2439	0.64	0.0
0	2440	0.63	0.0
0	2441	0.63	0.0
0	2442	0.62	0.0
0	2443	0.61	0.0
0	2444	0.61	0.0
0	2445	0.6	0.0
0	2446	0.6	0.0
0	2447	0.58	0.0
0	2448	0.58	0.0
0	2449	0.58	0.0
0	2450	0.57	0.0
0	2451	0.56	0.0
0	2452	0.55	0.0
0	2453	0.55	0.0
0	2454	0.55	0.0
0	2455	0.53	0.0
0	2456	0.53	0.0
0	2457	0.52	0.0
0	2458	0.52	0.0
0	2459	0.52	0.0
0	2460	0.51	0.0
0	2461	0.51	0.0
0	2462	0.51	0.0
0	2463	0.5	0.0
0	2464	0.49	0.0
0	2465	0.49	0.0
0	2466	0.48	0.0
0	2467	0.48	0.0
0	2468	0.48	0.0
0	2469	0.47	0.0
0	2470	0.46	0.0
0	2471	0.46	0.0
0	2472	0.44	0.0
0	2473	0.44	0.0
0	2474	0.44	0.0
0	2475	0.44	0.3
0	2476	0.44	0.0
0	2477	0.43	0.0
0	2478	0.43	0.0
0	2479	0.43	0.0
0	2480	0.42	0.0
0	2481	0.42	0.0
0	2482	0.41	0.21
0	2483	0.39	0.0
0	2484	0.37	0.0
0	2485	0.37	0.0
0	2486	0.37	0.0
0	2487	0.36	0.0
0	2488	0.36	0.0
0	2489	0.36	0.0
0	2490	0.35	0.0
0	2491	0.34	0.0
0	2492	0.34	0.0
0	2493	0.32	0.0
0	2494	0.32	0.0
0	2495	0.3	0.0
0	2496	0.3	0.0
0	2497	0.3	0.14
0	2498	0.28	0.0
0	2499	0.28	0.0
0	2500	0.27	0.0
0	2501	0.27	0.14
0	2502	0.27	0.0
0	2503	0.27	0.0
0	2504	0.27	0.0
0	2505	0.26	0.0
0	2506	0.26	0.0
0	2507	0.25	0.0
0	2508	0.25	0.0
0	2509	0.25	0.0
0	2510	0.24	0.0
0	2511	0.23	0.0
0	2512	0.23	0.0
0	2513	0.22	0.0
0	2514	0.21	0.0
0	2515	0.21	0.0
0	2516	0.2	0.0
0	2517	0.2	0.0
0	2518	0.2	0.0
0	2519	0.19	0.0
0	2520	0.17	0.0
0	2521	0.17	0.0
0	2522	0.16	0.0
0	2523	0.16	0.0
0	2524	0.15	0.02
0	2525	0.15	0.0
0	2526	0.14	0.0
0	2527	0.14	0.0
0	2528	0.13	0.0
0	2529	0.13	0.0
0	2530	0.11	0.0
0	2531	0.11	0.0
0	2532	0.09	0.0
0	2533	0.08	0.0
0	2534	0.07	0.0
0	2535	0.06	0.0
0	2536	0.06	0.0
0	2537	0.06	0.0
0	2538	0.03	0.0
0	2539	0.03	0.0
0	2540	0.03	0.0
0	2541	0.03	0.0
0	2542	0.03	0.0
0	2543	0.02	0.0
0	2544	0.02	0.0
0	2545	0.01	0.0
