clade	species	ts	te
0	1	100.0	72.46
0	2	94.87	87.67
0	3	91.02	79.55
0	4	87.44	82.47
0	5	84.97	80.55
0	6	84.05	53.08
0	7	83.85	73.63
0	8	80.32	79.18
0	9	79.31	67.27
0	10	78.98	71.51
0	11	78.13	75.9
0	12	77.71	70.38
0	13	77.49	50.29
0	14	77.07	74.22
0	15	76.5	34.14
0	16	75.55	74.26
0	17	75.51	73.97
0	18	75.35	72.61
0	19	74.97	71.5
0	20	74.71	58.14
0	21	74.51	59.79
0	22	74.37	70.75
0	23	74.0	70.7
0	24	73.61	68.69
0	25	73.46	60.52
0	26	72.92	51.17
0	27	72.39	69.9
0	28	71.56	48.23
0	29	70.29	65.51
0	30	69.2	59.67
0	31	68.92	67.6
0	32	67.86	65.64
0	33	67.43	38.76
0	34	66.92	53.64
0	35	66.59	62.59
0	36	66.57	58.28
0	37	66.44	63.52
0	38	66.14	43.26
0	39	65.17	59.58
0	40	65.02	52.34
0	41	64.57	62.08
0	42	64.31	63.66
0	43	63.23	58.88
0	44	62.33	46.48
0	45	62.21	58.36
0	46	62.04	28.93
0	47	61.44	59.33
0	48	61.35	57.74
0	49	61.26	46.03
0	50	60.69	52.5
0	51	60.44	58.41
0	52	60.33	58.05
0	53	60.28	54.05
0	54	60.07	52.15
0	55	59.96	55.1
0	56	59.94	54.68
0	57	59.8	38.43
0	58	59.71	54.09
0	59	59.53	43.32
0	60	59.1	56.86
0	61	58.84	42.69
0	62	58.64	48.96
0	63	58.29	27.41
0	64	57.97	57.4
0	65	57.81	48.52
0	66	57.39	54.97
0	67	57.18	51.86
0	68	56.84	50.42
0	69	56.29	24.04
0	70	56.28	37.97
0	71	56.26	50.23
0	72	56.16	49.36
0	73	56.1	50.48
0	74	55.54	52.35
0	75	55.5	40.74
0	76	55.5	55.31
0	77	55.29	52.49
0	78	55.02	50.39
0	79	54.44	52.47
0	80	54.41	44.77
0	81	54.41	28.79
0	82	54.33	50.95
0	83	54.31	49.06
0	84	54.22	53.45
0	85	54.16	27.24
0	86	54.06	42.64
0	87	54.02	53.29
0	88	53.71	39.27
0	89	53.26	51.26
0	90	53.26	49.23
0	91	53.14	42.98
0	92	52.96	45.59
0	93	52.95	43.58
0	94	52.73	33.09
0	95	52.44	43.64
0	96	52.4	48.2
0	97	51.98	50.72
0	98	51.83	46.86
0	99	51.76	44.17
0	100	51.51	45.77
0	101	51.21	41.55
0	102	51.2	44.28
0	103	51.03	47.42
0	104	50.95	48.04
0	105	50.92	41.31
0	106	50.82	48.24
0	107	50.8	48.38
0	108	50.56	42.56
0	109	50.56	26.45
0	110	50.31	45.37
0	111	49.65	41.37
0	112	49.42	21.79
0	113	49.4	39.77
0	114	49.34	38.77
0	115	49.07	47.06
0	116	49.0	36.89
0	117	48.79	37.38
0	118	48.34	45.01
0	119	48.18	28.05
0	120	47.7	43.82
0	121	47.63	14.54
0	122	47.61	41.34
0	123	47.56	41.96
0	124	47.4	31.56
0	125	47.34	43.21
0	126	47.33	24.53
0	127	47.08	39.92
0	128	47.07	44.68
0	129	46.95	42.74
0	130	46.92	43.49
0	131	46.87	44.97
0	132	46.79	40.55
0	133	46.71	44.88
0	134	46.58	4.0
0	135	46.48	41.29
0	136	46.38	30.13
0	137	46.32	44.43
0	138	46.3	20.01
0	139	46.26	26.06
0	140	46.19	32.47
0	141	45.99	28.06
0	142	45.64	34.82
0	143	45.32	42.06
0	144	45.23	39.94
0	145	45.17	17.84
0	146	45.03	42.31
0	147	44.98	34.08
0	148	44.88	30.83
0	149	44.87	36.34
0	150	44.75	34.46
0	151	44.7	32.16
0	152	44.4	44.03
0	153	44.3	29.76
0	154	44.27	35.42
0	155	43.99	34.71
0	156	43.78	29.52
0	157	43.68	41.32
0	158	43.44	28.72
0	159	43.44	41.12
0	160	43.43	37.31
0	161	43.37	39.17
0	162	43.18	20.38
0	163	42.9	23.29
0	164	42.86	35.16
0	165	42.73	41.03
0	166	42.71	41.67
0	167	42.65	41.42
0	168	42.54	40.94
0	169	42.34	41.8
0	170	42.19	31.74
0	171	42.14	27.37
0	172	41.94	39.7
0	173	41.93	39.8
0	174	41.79	8.21
0	175	41.69	33.03
0	176	41.49	37.08
0	177	41.48	35.57
0	178	41.48	29.73
0	179	41.41	22.21
0	180	41.25	28.68
0	181	41.15	21.35
0	182	41.1	25.12
0	183	40.71	33.01
0	184	40.7	22.57
0	185	40.55	39.88
0	186	40.38	23.54
0	187	40.33	36.71
0	188	40.27	23.63
0	189	40.27	36.67
0	190	40.17	11.11
0	191	40.14	30.15
0	192	40.13	22.41
0	193	40.07	33.97
0	194	40.04	13.53
0	195	40.02	31.25
0	196	39.88	33.96
0	197	39.7	36.93
0	198	39.62	39.51
0	199	39.58	33.36
0	200	39.57	35.66
0	201	39.54	25.54
0	202	39.29	35.3
0	203	39.27	32.48
0	204	39.05	28.99
0	205	39.0	28.9
0	206	38.98	27.73
0	207	38.85	38.84
0	208	38.82	29.64
0	209	38.65	29.78
0	210	38.65	25.2
0	211	38.5	15.7
0	212	38.4	22.17
0	213	38.35	1.69
0	214	38.2	32.31
0	215	38.08	28.04
0	216	38.05	33.86
0	217	38.02	15.12
0	218	37.91	12.81
0	219	37.89	24.24
0	220	37.86	0.0
0	221	37.73	31.15
0	222	37.73	36.43
0	223	37.59	33.0
0	224	37.48	34.78
0	225	37.43	25.36
0	226	37.33	12.74
0	227	37.22	34.85
0	228	37.2	29.9
0	229	37.19	31.43
0	230	37.18	4.99
0	231	37.17	33.53
0	232	37.16	32.85
0	233	37.11	32.12
0	234	37.04	33.82
0	235	37.01	36.86
0	236	37.0	25.3
0	237	36.98	36.74
0	238	36.94	29.32
0	239	36.85	35.1
0	240	36.78	29.96
0	241	36.73	2.96
0	242	36.64	33.06
0	243	36.59	14.48
0	244	36.5	30.42
0	245	36.39	35.99
0	246	36.37	30.6
0	247	36.35	31.35
0	248	36.35	32.26
0	249	36.26	27.33
0	250	36.2	25.87
0	251	36.2	33.57
0	252	36.16	33.28
0	253	36.12	14.61
0	254	36.02	34.75
0	255	35.97	33.63
0	256	35.93	29.97
0	257	35.93	13.25
0	258	35.93	27.83
0	259	35.75	22.1
0	260	35.71	32.8
0	261	35.65	19.94
0	262	35.61	28.84
0	263	35.3	28.86
0	264	35.25	16.48
0	265	35.19	22.86
0	266	35.09	17.75
0	267	35.08	34.31
0	268	35.07	29.3
0	269	34.98	17.34
0	270	34.91	20.72
0	271	34.88	0.0
0	272	34.71	26.84
0	273	34.71	18.49
0	274	34.7	27.59
0	275	34.59	27.94
0	276	34.56	27.43
0	277	34.54	27.57
0	278	34.51	22.22
0	279	34.47	32.33
0	280	34.46	0.0
0	281	34.44	32.03
0	282	34.29	19.7
0	283	34.26	24.78
0	284	34.21	11.86
0	285	34.18	0.0
0	286	34.13	18.62
0	287	33.91	26.46
0	288	33.87	32.18
0	289	33.85	29.57
0	290	33.82	26.96
0	291	33.72	16.33
0	292	33.64	8.11
0	293	33.59	17.66
0	294	33.56	19.66
0	295	33.54	31.69
0	296	33.46	28.51
0	297	33.44	31.19
0	298	33.42	18.37
0	299	33.41	8.72
0	300	33.39	27.73
0	301	33.38	25.78
0	302	33.33	25.14
0	303	33.32	19.64
0	304	33.27	26.91
0	305	33.24	32.67
0	306	33.18	31.11
0	307	32.81	21.67
0	308	32.8	25.34
0	309	32.71	7.15
0	310	32.7	18.32
0	311	32.63	30.12
0	312	32.56	27.99
0	313	32.5	29.34
0	314	32.47	31.21
0	315	32.4	32.33
0	316	32.32	26.76
0	317	32.26	23.41
0	318	32.18	24.43
0	319	32.05	21.88
0	320	32.01	24.97
0	321	31.98	15.56
0	322	31.92	19.24
0	323	31.86	27.76
0	324	31.85	21.6
0	325	31.66	25.89
0	326	31.65	26.78
0	327	31.64	31.38
0	328	31.64	17.08
0	329	31.61	26.93
0	330	31.5	11.65
0	331	31.48	27.02
0	332	31.47	10.3
0	333	31.42	29.92
0	334	31.41	30.06
0	335	31.41	18.91
0	336	31.41	22.93
0	337	31.4	23.48
0	338	31.27	23.42
0	339	31.26	27.9
0	340	31.18	28.39
0	341	31.15	30.72
0	342	31.12	26.96
0	343	30.95	0.0
0	344	30.92	15.06
0	345	30.88	14.13
0	346	30.84	30.37
0	347	30.82	25.4
0	348	30.79	29.25
0	349	30.76	30.7
0	350	30.74	29.73
0	351	30.72	17.04
0	352	30.71	26.48
0	353	30.66	26.5
0	354	30.53	24.02
0	355	30.49	23.73
0	356	30.45	27.62
0	357	30.45	29.74
0	358	30.4	13.35
0	359	30.4	6.55
0	360	30.39	18.71
0	361	30.33	15.85
0	362	30.32	21.63
0	363	30.17	23.8
0	364	30.11	22.64
0	365	30.03	26.12
0	366	29.99	25.42
0	367	29.94	29.07
0	368	29.93	29.8
0	369	29.86	28.44
0	370	29.85	13.03
0	371	29.83	11.99
0	372	29.8	27.97
0	373	29.79	19.94
0	374	29.75	19.88
0	375	29.68	24.62
0	376	29.53	28.6
0	377	29.41	22.78
0	378	29.32	0.67
0	379	29.28	25.74
0	380	29.21	23.1
0	381	29.19	3.97
0	382	29.18	9.22
0	383	29.18	5.63
0	384	29.17	2.37
0	385	29.13	28.31
0	386	29.12	28.65
0	387	29.11	18.33
0	388	29.1	0.25
0	389	29.07	0.0
0	390	29.01	26.3
0	391	28.98	23.53
0	392	28.97	27.6
0	393	28.96	24.53
0	394	28.82	21.11
0	395	28.82	22.23
0	396	28.79	20.93
0	397	28.74	15.88
0	398	28.68	28.51
0	399	28.63	26.08
0	400	28.63	27.55
0	401	28.54	28.29
0	402	28.53	19.59
0	403	28.53	22.49
0	404	28.51	25.23
0	405	28.49	20.19
0	406	28.48	20.54
0	407	28.46	28.06
0	408	28.41	2.95
0	409	28.36	27.95
0	410	28.35	27.36
0	411	28.32	21.45
0	412	28.25	11.36
0	413	28.21	2.62
0	414	28.15	27.0
0	415	28.06	1.82
0	416	28.04	12.98
0	417	27.98	25.51
0	418	27.9	27.19
0	419	27.9	27.74
0	420	27.88	26.91
0	421	27.83	23.64
0	422	27.82	22.49
0	423	27.81	27.63
0	424	27.79	21.25
0	425	27.76	21.28
0	426	27.76	17.21
0	427	27.74	26.29
0	428	27.71	21.86
0	429	27.68	20.2
0	430	27.66	24.09
0	431	27.66	27.37
0	432	27.65	14.69
0	433	27.64	25.82
0	434	27.63	5.24
0	435	27.58	9.96
0	436	27.56	15.72
0	437	27.56	21.53
0	438	27.55	0.0
0	439	27.53	18.17
0	440	27.38	27.29
0	441	27.33	14.5
0	442	27.24	24.86
0	443	27.21	12.88
0	444	27.08	23.63
0	445	27.05	24.14
0	446	27.01	22.27
0	447	26.84	23.34
0	448	26.81	20.88
0	449	26.74	12.75
0	450	26.69	9.16
0	451	26.66	19.61
0	452	26.66	19.4
0	453	26.57	12.63
0	454	26.47	21.5
0	455	26.45	7.92
0	456	26.43	25.04
0	457	26.43	16.11
0	458	26.4	19.83
0	459	26.37	26.15
0	460	26.36	25.18
0	461	26.31	11.06
0	462	26.25	25.5
0	463	26.24	13.45
0	464	26.23	25.7
0	465	26.23	14.58
0	466	26.21	6.57
0	467	26.21	23.24
0	468	26.19	18.95
0	469	26.12	17.54
0	470	26.07	16.96
0	471	26.03	23.38
0	472	26.01	19.56
0	473	26.01	19.46
0	474	25.98	21.74
0	475	25.97	21.85
0	476	25.92	20.71
0	477	25.91	0.0
0	478	25.89	19.71
0	479	25.84	0.0
0	480	25.78	12.05
0	481	25.75	25.6
0	482	25.67	0.0
0	483	25.55	12.05
0	484	25.54	17.03
0	485	25.47	23.89
0	486	25.45	23.23
0	487	25.43	5.03
0	488	25.37	21.92
0	489	25.31	9.29
0	490	25.27	12.3
0	491	25.25	10.03
0	492	25.23	8.38
0	493	25.22	7.86
0	494	25.17	21.5
0	495	25.15	13.66
0	496	25.14	0.0
0	497	25.11	18.75
0	498	25.09	19.68
0	499	25.07	17.06
0	500	25.07	12.47
0	501	25.04	24.18
0	502	25.02	14.71
0	503	24.98	19.32
0	504	24.97	0.0
0	505	24.93	11.48
0	506	24.93	19.5
0	507	24.92	24.7
0	508	24.84	4.55
0	509	24.8	14.35
0	510	24.78	17.7
0	511	24.76	22.99
0	512	24.5	0.0
0	513	24.49	14.43
0	514	24.42	16.05
0	515	24.34	13.15
0	516	24.33	9.77
0	517	24.33	4.07
0	518	24.33	20.33
0	519	24.33	23.92
0	520	24.24	9.91
0	521	24.23	0.0
0	522	24.2	18.48
0	523	24.19	11.46
0	524	24.18	3.68
0	525	24.18	11.84
0	526	24.17	11.55
0	527	24.16	14.38
0	528	24.15	23.8
0	529	24.14	14.57
0	530	24.14	4.34
0	531	24.13	8.97
0	532	24.11	20.83
0	533	24.09	22.41
0	534	24.08	12.4
0	535	24.05	19.16
0	536	24.03	23.74
0	537	24.01	15.78
0	538	24.0	21.38
0	539	23.94	2.62
0	540	23.87	23.61
0	541	23.87	12.63
0	542	23.87	14.72
0	543	23.85	18.38
0	544	23.81	2.53
0	545	23.79	10.76
0	546	23.68	18.89
0	547	23.68	15.99
0	548	23.64	19.72
0	549	23.63	8.39
0	550	23.61	0.0
0	551	23.52	0.0
0	552	23.5	12.42
0	553	23.4	16.15
0	554	23.38	22.07
0	555	23.33	10.13
0	556	23.32	22.38
0	557	23.31	20.24
0	558	23.3	21.39
0	559	23.26	19.14
0	560	23.23	1.19
0	561	23.22	15.73
0	562	23.2	15.97
0	563	23.19	0.96
0	564	23.16	15.64
0	565	23.14	18.59
0	566	23.12	21.75
0	567	23.12	21.34
0	568	23.11	0.0
0	569	23.08	15.1
0	570	23.03	19.03
0	571	22.99	16.81
0	572	22.99	22.55
0	573	22.98	22.54
0	574	22.91	22.89
0	575	22.91	19.76
0	576	22.89	12.14
0	577	22.88	11.74
0	578	22.86	22.03
0	579	22.83	15.04
0	580	22.79	21.79
0	581	22.79	11.61
0	582	22.72	6.56
0	583	22.7	20.76
0	584	22.7	17.96
0	585	22.69	0.0
0	586	22.69	11.27
0	587	22.68	16.34
0	588	22.67	22.22
0	589	22.6	20.87
0	590	22.59	0.29
0	591	22.57	12.63
0	592	22.56	17.71
0	593	22.52	12.7
0	594	22.5	21.09
0	595	22.49	20.87
0	596	22.47	11.04
0	597	22.45	10.55
0	598	22.44	12.67
0	599	22.3	17.83
0	600	22.26	19.66
0	601	22.22	11.87
0	602	22.22	21.23
0	603	22.22	21.17
0	604	22.21	21.84
0	605	22.19	0.0
0	606	22.15	9.48
0	607	22.11	20.89
0	608	22.11	9.1
0	609	22.09	19.54
0	610	22.03	17.77
0	611	22.03	21.96
0	612	22.02	19.77
0	613	21.98	18.45
0	614	21.96	9.71
0	615	21.96	7.87
0	616	21.93	17.55
0	617	21.92	16.9
0	618	21.91	15.53
0	619	21.86	17.15
0	620	21.84	18.43
0	621	21.82	19.9
0	622	21.8	14.26
0	623	21.77	21.23
0	624	21.77	20.54
0	625	21.74	16.64
0	626	21.71	5.67
0	627	21.7	8.81
0	628	21.68	6.62
0	629	21.65	20.92
0	630	21.63	15.45
0	631	21.61	4.74
0	632	21.59	8.6
0	633	21.57	13.65
0	634	21.51	0.0
0	635	21.5	21.27
0	636	21.49	18.46
0	637	21.45	2.58
0	638	21.45	15.75
0	639	21.45	18.18
0	640	21.45	14.82
0	641	21.44	8.53
0	642	21.44	1.39
0	643	21.43	21.19
0	644	21.42	4.85
0	645	21.4	18.24
0	646	21.39	17.46
0	647	21.39	19.62
0	648	21.33	15.71
0	649	21.32	4.58
0	650	21.27	15.94
0	651	21.23	20.58
0	652	21.23	12.34
0	653	21.23	15.5
0	654	21.14	16.89
0	655	21.08	0.0
0	656	21.08	20.45
0	657	21.06	17.02
0	658	21.06	17.1
0	659	21.03	16.01
0	660	20.98	12.08
0	661	20.98	15.86
0	662	20.97	4.94
0	663	20.97	16.27
0	664	20.95	1.86
0	665	20.95	15.16
0	666	20.91	17.51
0	667	20.91	2.04
0	668	20.91	17.4
0	669	20.89	5.24
0	670	20.87	16.03
0	671	20.87	6.32
0	672	20.83	20.59
0	673	20.77	12.31
0	674	20.75	8.73
0	675	20.75	17.01
0	676	20.74	16.59
0	677	20.72	17.17
0	678	20.69	9.09
0	679	20.67	9.87
0	680	20.58	12.1
0	681	20.57	20.54
0	682	20.55	19.14
0	683	20.55	12.16
0	684	20.55	20.35
0	685	20.54	17.61
0	686	20.53	0.0
0	687	20.49	0.0
0	688	20.46	6.35
0	689	20.45	17.62
0	690	20.45	10.86
0	691	20.44	18.05
0	692	20.44	15.65
0	693	20.42	14.26
0	694	20.41	18.94
0	695	20.39	13.48
0	696	20.38	0.0
0	697	20.27	20.16
0	698	20.23	17.75
0	699	20.22	0.0
0	700	20.2	8.1
0	701	20.18	7.45
0	702	20.15	5.88
0	703	20.1	19.39
0	704	20.1	14.77
0	705	20.09	19.28
0	706	20.0	13.04
0	707	20.0	1.88
0	708	19.99	12.17
0	709	19.97	19.91
0	710	19.9	14.33
0	711	19.88	8.39
0	712	19.86	17.66
0	713	19.86	18.48
0	714	19.85	17.5
0	715	19.85	15.79
0	716	19.83	10.42
0	717	19.8	18.23
0	718	19.8	6.37
0	719	19.8	4.3
0	720	19.79	18.08
0	721	19.79	16.99
0	722	19.77	18.43
0	723	19.75	10.77
0	724	19.75	8.4
0	725	19.74	15.69
0	726	19.67	19.52
0	727	19.65	0.0
0	728	19.64	18.06
0	729	19.62	0.0
0	730	19.62	9.46
0	731	19.61	19.09
0	732	19.61	15.67
0	733	19.52	5.57
0	734	19.52	18.52
0	735	19.48	16.83
0	736	19.46	7.72
0	737	19.44	0.0
0	738	19.44	15.05
0	739	19.43	11.25
0	740	19.42	18.11
0	741	19.41	0.36
0	742	19.39	18.65
0	743	19.32	10.62
0	744	19.31	8.5
0	745	19.31	0.0
0	746	19.28	16.44
0	747	19.23	0.0
0	748	19.21	18.0
0	749	19.17	2.82
0	750	19.16	17.87
0	751	19.14	0.0
0	752	19.13	12.41
0	753	19.11	17.56
0	754	19.11	0.0
0	755	19.1	3.23
0	756	19.09	14.82
0	757	19.04	0.0
0	758	19.03	6.57
0	759	19.02	5.64
0	760	18.97	4.88
0	761	18.97	11.65
0	762	18.96	11.2
0	763	18.91	15.05
0	764	18.9	8.61
0	765	18.86	12.17
0	766	18.85	0.0
0	767	18.8	9.3
0	768	18.79	0.0
0	769	18.76	0.0
0	770	18.65	12.81
0	771	18.61	0.0
0	772	18.6	15.53
0	773	18.54	15.85
0	774	18.53	3.5
0	775	18.53	3.89
0	776	18.52	7.98
0	777	18.52	16.29
0	778	18.5	16.76
0	779	18.5	13.79
0	780	18.49	15.77
0	781	18.46	9.15
0	782	18.41	7.86
0	783	18.4	0.0
0	784	18.37	12.13
0	785	18.35	7.48
0	786	18.35	11.07
0	787	18.32	4.83
0	788	18.3	0.0
0	789	18.3	16.92
0	790	18.25	5.61
0	791	18.23	0.0
0	792	18.22	14.39
0	793	18.22	13.13
0	794	18.22	0.0
0	795	18.21	9.09
0	796	18.2	5.35
0	797	18.2	1.99
0	798	18.18	11.93
0	799	18.14	0.0
0	800	18.13	16.76
0	801	18.13	17.19
0	802	18.13	5.4
0	803	18.11	17.56
0	804	18.11	16.86
0	805	18.07	15.99
0	806	18.05	8.69
0	807	17.97	11.99
0	808	17.95	11.07
0	809	17.92	14.5
0	810	17.92	6.96
0	811	17.9	0.0
0	812	17.86	11.72
0	813	17.83	5.8
0	814	17.83	0.0
0	815	17.83	0.0
0	816	17.83	12.9
0	817	17.82	1.57
0	818	17.8	13.96
0	819	17.8	0.0
0	820	17.79	13.6
0	821	17.74	15.98
0	822	17.72	5.12
0	823	17.68	4.03
0	824	17.66	13.53
0	825	17.66	14.88
0	826	17.63	12.8
0	827	17.62	11.73
0	828	17.6	0.0
0	829	17.6	9.92
0	830	17.59	2.42
0	831	17.56	0.0
0	832	17.56	0.0
0	833	17.53	15.85
0	834	17.53	13.47
0	835	17.5	15.82
0	836	17.49	0.0
0	837	17.48	0.0
0	838	17.46	3.84
0	839	17.46	9.94
0	840	17.44	0.0
0	841	17.43	15.42
0	842	17.42	11.04
0	843	17.41	12.1
0	844	17.41	4.19
0	845	17.39	11.26
0	846	17.32	16.01
0	847	17.31	8.8
0	848	17.3	4.0
0	849	17.28	12.33
0	850	17.28	16.55
0	851	17.22	8.56
0	852	17.21	8.01
0	853	17.2	0.0
0	854	17.17	15.93
0	855	17.12	4.75
0	856	17.1	0.0
0	857	17.08	10.36
0	858	17.02	15.54
0	859	17.02	4.19
0	860	16.99	15.46
0	861	16.97	8.61
0	862	16.95	16.5
0	863	16.93	4.1
0	864	16.93	8.63
0	865	16.93	0.1
0	866	16.91	0.0
0	867	16.87	9.83
0	868	16.86	4.9
0	869	16.86	2.05
0	870	16.8	11.92
0	871	16.78	14.37
0	872	16.77	16.43
0	873	16.77	0.0
0	874	16.77	10.77
0	875	16.74	14.97
0	876	16.74	0.0
0	877	16.71	14.75
0	878	16.71	6.2
0	879	16.69	11.48
0	880	16.6	11.46
0	881	16.6	0.0
0	882	16.58	14.68
0	883	16.56	12.83
0	884	16.55	9.4
0	885	16.55	0.3
0	886	16.54	12.93
0	887	16.53	16.51
0	888	16.52	10.72
0	889	16.52	13.04
0	890	16.51	7.99
0	891	16.49	15.44
0	892	16.49	0.0
0	893	16.47	13.36
0	894	16.45	10.6
0	895	16.45	10.28
0	896	16.45	8.41
0	897	16.44	13.93
0	898	16.44	13.93
0	899	16.43	6.3
0	900	16.43	0.0
0	901	16.43	11.68
0	902	16.42	14.47
0	903	16.42	3.45
0	904	16.38	0.0
0	905	16.38	13.05
0	906	16.35	0.0
0	907	16.35	11.81
0	908	16.32	11.18
0	909	16.31	10.89
0	910	16.28	11.43
0	911	16.24	0.0
0	912	16.2	0.0
0	913	16.12	12.0
0	914	16.11	10.51
0	915	16.11	14.2
0	916	16.1	6.55
0	917	16.05	12.29
0	918	16.02	0.0
0	919	16.01	0.0
0	920	16.0	0.0
0	921	15.97	0.0
0	922	15.97	0.0
0	923	15.95	0.0
0	924	15.95	13.71
0	925	15.94	14.76
0	926	15.93	0.0
0	927	15.92	15.83
0	928	15.9	12.7
0	929	15.89	12.84
0	930	15.89	0.0
0	931	15.89	8.32
0	932	15.87	5.49
0	933	15.83	9.89
0	934	15.75	14.99
0	935	15.74	3.24
0	936	15.67	0.0
0	937	15.66	7.5
0	938	15.65	9.74
0	939	15.64	3.27
0	940	15.62	10.83
0	941	15.62	12.53
0	942	15.61	10.51
0	943	15.58	0.0
0	944	15.56	15.02
0	945	15.56	0.0
0	946	15.52	0.0
0	947	15.52	0.0
0	948	15.48	5.75
0	949	15.47	14.15
0	950	15.45	8.57
0	951	15.4	5.68
0	952	15.4	10.31
0	953	15.39	15.17
0	954	15.38	0.0
0	955	15.38	0.0
0	956	15.36	3.08
0	957	15.33	0.0
0	958	15.32	13.65
0	959	15.29	12.98
0	960	15.24	15.17
0	961	15.23	0.0
0	962	15.21	0.0
0	963	15.18	13.58
0	964	15.18	7.64
0	965	15.14	12.98
0	966	15.12	0.0
0	967	15.12	3.36
0	968	15.11	10.9
0	969	15.09	0.0
0	970	15.08	0.0
0	971	15.04	12.13
0	972	15.04	4.66
0	973	15.02	0.0
0	974	14.99	0.0
0	975	14.95	11.88
0	976	14.91	13.79
0	977	14.9	14.29
0	978	14.89	12.53
0	979	14.88	7.28
0	980	14.87	6.3
0	981	14.86	14.29
0	982	14.86	0.07
0	983	14.82	10.42
0	984	14.81	0.0
0	985	14.81	5.45
0	986	14.79	10.69
0	987	14.78	6.96
0	988	14.77	8.59
0	989	14.77	0.21
0	990	14.77	13.3
0	991	14.76	6.51
0	992	14.76	13.42
0	993	14.73	10.61
0	994	14.73	12.5
0	995	14.71	0.0
0	996	14.65	9.29
0	997	14.65	7.25
0	998	14.63	2.76
0	999	14.63	0.0
0	1000	14.61	0.0
0	1001	14.56	6.26
0	1002	14.51	7.32
0	1003	14.51	3.26
0	1004	14.51	11.42
0	1005	14.51	0.0
0	1006	14.45	5.21
0	1007	14.43	14.13
0	1008	14.43	9.45
0	1009	14.42	4.39
0	1010	14.42	5.56
0	1011	14.41	0.0
0	1012	14.4	3.81
0	1013	14.4	11.33
0	1014	14.34	0.0
0	1015	14.33	2.17
0	1016	14.31	9.39
0	1017	14.27	0.81
0	1018	14.26	10.47
0	1019	14.26	13.61
0	1020	14.26	5.59
0	1021	14.26	11.97
0	1022	14.22	12.31
0	1023	14.21	0.0
0	1024	14.21	0.0
0	1025	14.2	13.96
0	1026	14.18	0.54
0	1027	14.18	0.0
0	1028	14.17	0.0
0	1029	14.15	5.66
0	1030	14.15	10.06
0	1031	14.15	8.6
0	1032	14.13	11.3
0	1033	14.12	11.13
0	1034	14.12	5.27
0	1035	14.12	10.1
0	1036	14.12	11.34
0	1037	14.11	2.99
0	1038	14.11	5.03
0	1039	14.08	13.65
0	1040	14.03	0.0
0	1041	14.02	0.0
0	1042	14.01	2.28
0	1043	14.01	9.56
0	1044	14.01	4.09
0	1045	14.01	9.47
0	1046	13.99	12.32
0	1047	13.98	0.0
0	1048	13.97	8.44
0	1049	13.96	11.61
0	1050	13.91	0.0
0	1051	13.89	5.48
0	1052	13.87	8.08
0	1053	13.85	0.0
0	1054	13.84	6.77
0	1055	13.82	2.36
0	1056	13.79	0.0
0	1057	13.74	11.96
0	1058	13.73	11.62
0	1059	13.68	0.0
0	1060	13.64	6.31
0	1061	13.64	10.58
0	1062	13.63	0.0
0	1063	13.61	11.05
0	1064	13.58	10.91
0	1065	13.57	12.42
0	1066	13.57	0.0
0	1067	13.56	2.43
0	1068	13.55	0.0
0	1069	13.54	13.04
0	1070	13.53	12.07
0	1071	13.48	9.31
0	1072	13.46	4.01
0	1073	13.44	9.27
0	1074	13.44	12.0
0	1075	13.44	10.91
0	1076	13.44	0.0
0	1077	13.41	9.53
0	1078	13.4	0.0
0	1079	13.39	3.76
0	1080	13.35	8.06
0	1081	13.35	0.0
0	1082	13.33	6.84
0	1083	13.31	0.0
0	1084	13.3	0.0
0	1085	13.28	8.64
0	1086	13.27	8.56
0	1087	13.27	9.28
0	1088	13.26	0.0
0	1089	13.25	5.13
0	1090	13.25	1.86
0	1091	13.21	6.85
0	1092	13.2	10.96
0	1093	13.2	5.31
0	1094	13.2	8.05
0	1095	13.19	11.31
0	1096	13.19	2.52
0	1097	13.19	0.0
0	1098	13.18	12.9
0	1099	13.18	13.17
0	1100	13.17	0.0
0	1101	13.16	9.89
0	1102	13.13	0.0
0	1103	13.13	10.7
0	1104	13.12	0.0
0	1105	13.11	10.94
0	1106	13.1	8.62
0	1107	13.08	12.75
0	1108	13.07	0.0
0	1109	13.06	4.69
0	1110	13.06	5.61
0	1111	13.04	0.0
0	1112	13.01	0.0
0	1113	12.98	1.33
0	1114	12.97	5.86
0	1115	12.96	7.15
0	1116	12.96	0.0
0	1117	12.96	5.16
0	1118	12.94	0.0
0	1119	12.93	10.24
0	1120	12.92	0.0
0	1121	12.92	1.92
0	1122	12.9	1.94
0	1123	12.9	4.75
0	1124	12.89	0.8
0	1125	12.89	0.0
0	1126	12.88	12.27
0	1127	12.84	9.29
0	1128	12.84	0.0
0	1129	12.81	10.75
0	1130	12.8	0.0
0	1131	12.79	0.0
0	1132	12.75	0.0
0	1133	12.74	9.58
0	1134	12.72	9.89
0	1135	12.72	11.63
0	1136	12.71	12.68
0	1137	12.7	12.62
0	1138	12.68	2.84
0	1139	12.65	6.11
0	1140	12.62	7.01
0	1141	12.61	4.83
0	1142	12.49	0.0
0	1143	12.49	7.52
0	1144	12.48	7.37
0	1145	12.44	11.97
0	1146	12.44	5.07
0	1147	12.42	1.06
0	1148	12.4	4.54
0	1149	12.4	0.0
0	1150	12.39	11.24
0	1151	12.35	10.12
0	1152	12.34	6.63
0	1153	12.3	0.0
0	1154	12.29	9.17
0	1155	12.29	0.0
0	1156	12.25	0.0
0	1157	12.25	1.14
0	1158	12.25	10.06
0	1159	12.24	0.0
0	1160	12.24	0.0
0	1161	12.23	5.31
0	1162	12.19	9.69
0	1163	12.15	0.0
0	1164	12.14	3.14
0	1165	12.12	9.08
0	1166	12.12	11.2
0	1167	12.11	10.01
0	1168	12.1	7.16
0	1169	12.09	10.79
0	1170	12.08	8.0
0	1171	12.07	5.74
0	1172	12.07	0.0
0	1173	12.06	0.0
0	1174	12.06	0.0
0	1175	12.05	4.71
0	1176	12.04	0.0
0	1177	12.03	2.19
0	1178	12.0	8.59
0	1179	12.0	9.99
0	1180	12.0	0.0
0	1181	11.99	3.85
0	1182	11.98	0.0
0	1183	11.95	9.18
0	1184	11.94	6.85
0	1185	11.93	0.0
0	1186	11.91	11.02
0	1187	11.87	11.5
0	1188	11.86	0.0
0	1189	11.82	10.13
0	1190	11.81	6.3
0	1191	11.77	0.05
0	1192	11.77	0.0
0	1193	11.74	5.78
0	1194	11.73	11.47
0	1195	11.73	8.43
0	1196	11.71	10.6
0	1197	11.7	4.19
0	1198	11.69	9.29
0	1199	11.67	1.93
0	1200	11.65	0.07
0	1201	11.63	2.51
0	1202	11.63	10.37
0	1203	11.62	4.93
0	1204	11.57	2.58
0	1205	11.57	0.0
0	1206	11.57	8.26
0	1207	11.54	9.85
0	1208	11.51	9.11
0	1209	11.51	2.25
0	1210	11.5	8.64
0	1211	11.44	0.0
0	1212	11.43	0.0
0	1213	11.43	3.45
0	1214	11.39	0.0
0	1215	11.37	10.78
0	1216	11.36	7.07
0	1217	11.36	0.0
0	1218	11.34	8.16
0	1219	11.33	5.86
0	1220	11.32	0.0
0	1221	11.32	9.4
0	1222	11.31	10.5
0	1223	11.31	0.16
0	1224	11.31	10.74
0	1225	11.3	9.46
0	1226	11.3	2.53
0	1227	11.28	0.0
0	1228	11.28	8.77
0	1229	11.26	8.78
0	1230	11.22	0.0
0	1231	11.18	0.0
0	1232	11.18	8.86
0	1233	11.18	9.28
0	1234	11.17	0.0
0	1235	11.17	6.0
0	1236	11.15	0.0
0	1237	11.14	0.0
0	1238	11.13	4.4
0	1239	11.12	0.0
0	1240	11.12	5.79
0	1241	11.1	10.71
0	1242	11.06	3.23
0	1243	11.05	0.0
0	1244	11.02	0.0
0	1245	11.02	0.0
0	1246	10.99	2.6
0	1247	10.98	3.63
0	1248	10.98	0.0
0	1249	10.97	0.71
0	1250	10.97	9.76
0	1251	10.95	7.94
0	1252	10.94	0.0
0	1253	10.93	8.8
0	1254	10.91	8.92
0	1255	10.89	0.0
0	1256	10.89	0.0
0	1257	10.89	0.0
0	1258	10.87	9.18
0	1259	10.87	0.0
0	1260	10.81	10.51
0	1261	10.81	0.0
0	1262	10.8	0.0
0	1263	10.79	0.0
0	1264	10.79	0.0
0	1265	10.79	10.24
0	1266	10.78	4.33
0	1267	10.78	6.1
0	1268	10.74	7.41
0	1269	10.74	5.1
0	1270	10.73	6.09
0	1271	10.72	0.0
0	1272	10.71	6.31
0	1273	10.7	6.6
0	1274	10.69	7.54
0	1275	10.68	4.01
0	1276	10.67	6.77
0	1277	10.67	0.0
0	1278	10.63	0.0
0	1279	10.62	9.94
0	1280	10.54	0.0
0	1281	10.48	3.11
0	1282	10.47	0.0
0	1283	10.46	0.0
0	1284	10.45	0.0
0	1285	10.4	8.36
0	1286	10.4	6.66
0	1287	10.4	4.7
0	1288	10.39	0.0
0	1289	10.36	0.0
0	1290	10.34	0.0
0	1291	10.34	9.3
0	1292	10.32	0.0
0	1293	10.28	0.0
0	1294	10.27	6.39
0	1295	10.26	0.0
0	1296	10.25	0.0
0	1297	10.24	8.57
0	1298	10.22	0.0
0	1299	10.21	2.39
0	1300	10.2	6.56
0	1301	10.16	0.0
0	1302	10.16	7.45
0	1303	10.15	0.0
0	1304	10.15	1.91
0	1305	10.15	5.78
0	1306	10.15	3.72
0	1307	10.14	4.8
0	1308	10.14	0.15
0	1309	10.14	4.96
0	1310	10.12	0.0
0	1311	10.12	2.86
0	1312	10.1	0.0
0	1313	10.1	7.83
0	1314	10.1	6.84
0	1315	10.07	9.56
0	1316	10.07	0.8
0	1317	10.06	0.0
0	1318	10.06	6.83
0	1319	10.05	0.0
0	1320	10.05	0.0
0	1321	10.05	0.0
0	1322	10.03	0.0
0	1323	10.01	8.0
0	1324	9.99	9.07
0	1325	9.98	0.0
0	1326	9.96	0.58
0	1327	9.93	0.0
0	1328	9.92	0.0
0	1329	9.91	0.0
0	1330	9.9	7.82
0	1331	9.9	0.0
0	1332	9.89	0.0
0	1333	9.88	0.0
0	1334	9.87	5.83
0	1335	9.86	0.0
0	1336	9.83	6.17
0	1337	9.83	5.03
0	1338	9.82	0.0
0	1339	9.81	7.15
0	1340	9.8	7.77
0	1341	9.79	0.0
0	1342	9.78	3.35
0	1343	9.77	7.15
0	1344	9.76	0.0
0	1345	9.73	9.65
0	1346	9.71	0.0
0	1347	9.7	6.39
0	1348	9.69	0.0
0	1349	9.67	3.79
0	1350	9.67	0.24
0	1351	9.67	0.0
0	1352	9.67	3.58
0	1353	9.66	0.0
0	1354	9.65	0.0
0	1355	9.65	0.0
0	1356	9.65	4.98
0	1357	9.65	0.0
0	1358	9.63	6.39
0	1359	9.62	0.0
0	1360	9.59	7.93
0	1361	9.59	1.94
0	1362	9.59	0.0
0	1363	9.58	0.19
0	1364	9.58	3.27
0	1365	9.57	5.68
0	1366	9.57	0.0
0	1367	9.55	0.0
0	1368	9.55	9.27
0	1369	9.55	8.64
0	1370	9.54	0.0
0	1371	9.54	0.0
0	1372	9.53	5.8
0	1373	9.52	5.09
0	1374	9.52	7.05
0	1375	9.51	5.87
0	1376	9.48	4.04
0	1377	9.48	8.42
0	1378	9.47	0.0
0	1379	9.47	4.83
0	1380	9.47	5.18
0	1381	9.43	8.1
0	1382	9.41	0.0
0	1383	9.36	0.0
0	1384	9.35	0.0
0	1385	9.33	0.0
0	1386	9.32	0.0
0	1387	9.32	0.02
0	1388	9.31	3.37
0	1389	9.3	7.09
0	1390	9.3	0.0
0	1391	9.3	0.0
0	1392	9.29	6.98
0	1393	9.28	0.0
0	1394	9.27	4.56
0	1395	9.24	2.86
0	1396	9.23	0.0
0	1397	9.21	7.47
0	1398	9.21	0.0
0	1399	9.2	9.02
0	1400	9.2	0.69
0	1401	9.19	0.0
0	1402	9.19	8.99
0	1403	9.18	0.0
0	1404	9.17	0.81
0	1405	9.17	2.75
0	1406	9.13	7.84
0	1407	9.13	0.0
0	1408	9.12	8.79
0	1409	9.12	5.06
0	1410	9.09	0.0
0	1411	9.08	8.68
0	1412	9.08	5.44
0	1413	9.06	5.38
0	1414	9.06	8.87
0	1415	9.06	0.0
0	1416	9.06	3.67
0	1417	9.05	1.25
0	1418	9.05	0.0
0	1419	9.04	0.85
0	1420	9.03	0.0
0	1421	9.02	1.96
0	1422	9.02	0.79
0	1423	9.01	4.75
0	1424	9.0	5.29
0	1425	9.0	0.68
0	1426	8.98	0.0
0	1427	8.97	0.0
0	1428	8.96	2.82
0	1429	8.95	8.31
0	1430	8.92	7.58
0	1431	8.91	6.74
0	1432	8.89	0.0
0	1433	8.88	0.29
0	1434	8.87	0.0
0	1435	8.86	1.57
0	1436	8.85	0.0
0	1437	8.85	0.0
0	1438	8.8	4.05
0	1439	8.79	4.08
0	1440	8.78	8.37
0	1441	8.76	0.0
0	1442	8.75	8.64
0	1443	8.74	0.0
0	1444	8.73	0.0
0	1445	8.73	1.16
0	1446	8.72	5.1
0	1447	8.7	5.87
0	1448	8.7	1.77
0	1449	8.66	3.01
0	1450	8.65	6.53
0	1451	8.65	0.0
0	1452	8.62	0.0
0	1453	8.61	0.0
0	1454	8.61	0.0
0	1455	8.59	0.0
0	1456	8.57	0.0
0	1457	8.56	8.11
0	1458	8.55	0.0
0	1459	8.53	4.59
0	1460	8.53	0.0
0	1461	8.53	0.0
0	1462	8.52	2.42
0	1463	8.51	7.98
0	1464	8.51	0.0
0	1465	8.5	0.0
0	1466	8.48	8.33
0	1467	8.47	1.05
0	1468	8.47	6.23
0	1469	8.47	7.09
0	1470	8.44	0.0
0	1471	8.42	0.0
0	1472	8.42	7.24
0	1473	8.39	0.72
0	1474	8.37	0.0
0	1475	8.37	4.57
0	1476	8.37	0.59
0	1477	8.36	0.0
0	1478	8.36	3.15
0	1479	8.34	0.0
0	1480	8.32	0.14
0	1481	8.32	5.31
0	1482	8.32	0.0
0	1483	8.3	8.14
0	1484	8.25	3.34
0	1485	8.25	5.99
0	1486	8.25	0.0
0	1487	8.25	6.14
0	1488	8.24	0.0
0	1489	8.23	2.65
0	1490	8.17	6.46
0	1491	8.14	2.55
0	1492	8.14	5.99
0	1493	8.14	7.06
0	1494	8.12	0.0
0	1495	8.12	0.0
0	1496	8.09	0.0
0	1497	8.09	0.0
0	1498	8.08	8.0
0	1499	8.04	7.57
0	1500	8.04	0.0
0	1501	8.03	6.88
0	1502	8.02	0.0
0	1503	8.01	0.0
0	1504	7.99	4.07
0	1505	7.98	1.93
0	1506	7.94	7.22
0	1507	7.93	0.0
0	1508	7.93	3.05
0	1509	7.93	7.2
0	1510	7.92	0.0
0	1511	7.92	0.0
0	1512	7.92	6.64
0	1513	7.88	0.0
0	1514	7.88	0.76
0	1515	7.87	0.0
0	1516	7.87	0.0
0	1517	7.85	3.79
0	1518	7.85	0.0
0	1519	7.83	1.64
0	1520	7.83	2.25
0	1521	7.83	0.0
0	1522	7.82	0.0
0	1523	7.81	5.54
0	1524	7.81	6.8
0	1525	7.8	0.0
0	1526	7.8	7.39
0	1527	7.79	7.68
0	1528	7.77	0.17
0	1529	7.77	6.38
0	1530	7.76	0.0
0	1531	7.75	4.61
0	1532	7.75	0.0
0	1533	7.75	1.68
0	1534	7.75	6.73
0	1535	7.73	1.0
0	1536	7.72	6.53
0	1537	7.72	0.0
0	1538	7.69	3.84
0	1539	7.68	6.91
0	1540	7.68	6.09
0	1541	7.66	4.76
0	1542	7.64	1.83
0	1543	7.64	7.57
0	1544	7.63	3.98
0	1545	7.62	0.42
0	1546	7.6	0.0
0	1547	7.59	0.0
0	1548	7.57	4.79
0	1549	7.56	7.32
0	1550	7.55	3.5
0	1551	7.52	3.34
0	1552	7.5	5.57
0	1553	7.5	1.6
0	1554	7.48	0.0
0	1555	7.48	1.09
0	1556	7.48	7.37
0	1557	7.45	5.99
0	1558	7.45	4.53
0	1559	7.42	0.0
0	1560	7.4	4.04
0	1561	7.4	5.95
0	1562	7.39	1.36
0	1563	7.39	0.0
0	1564	7.37	0.0
0	1565	7.37	3.06
0	1566	7.36	2.18
0	1567	7.35	1.13
0	1568	7.35	0.0
0	1569	7.35	5.11
0	1570	7.35	7.06
0	1571	7.33	0.0
0	1572	7.32	6.88
0	1573	7.31	5.95
0	1574	7.3	0.0
0	1575	7.3	0.0
0	1576	7.28	5.88
0	1577	7.26	0.0
0	1578	7.26	5.82
0	1579	7.25	5.07
0	1580	7.25	0.0
0	1581	7.24	3.53
0	1582	7.24	4.04
0	1583	7.23	0.0
0	1584	7.23	6.49
0	1585	7.23	0.0
0	1586	7.22	0.0
0	1587	7.22	5.4
0	1588	7.21	0.0
0	1589	7.21	0.0
0	1590	7.2	0.0
0	1591	7.2	0.0
0	1592	7.18	1.03
0	1593	7.17	0.0
0	1594	7.16	6.54
0	1595	7.15	1.13
0	1596	7.13	0.0
0	1597	7.12	3.37
0	1598	7.11	5.87
0	1599	7.1	0.0
0	1600	7.09	5.42
0	1601	7.08	0.0
0	1602	7.07	5.96
0	1603	7.07	6.22
0	1604	7.04	5.35
0	1605	7.03	0.0
0	1606	7.03	0.28
0	1607	7.03	0.0
0	1608	7.03	0.0
0	1609	7.01	0.0
0	1610	6.99	0.0
0	1611	6.99	2.29
0	1612	6.97	0.0
0	1613	6.96	0.0
0	1614	6.93	2.85
0	1615	6.93	0.0
0	1616	6.91	0.0
0	1617	6.91	0.0
0	1618	6.9	3.28
0	1619	6.9	0.35
0	1620	6.89	0.0
0	1621	6.89	6.52
0	1622	6.87	4.0
0	1623	6.87	5.45
0	1624	6.87	6.74
0	1625	6.86	0.0
0	1626	6.85	2.99
0	1627	6.8	0.0
0	1628	6.77	0.0
0	1629	6.76	0.0
0	1630	6.75	2.99
0	1631	6.72	5.48
0	1632	6.72	0.0
0	1633	6.71	0.0
0	1634	6.69	1.73
0	1635	6.68	0.0
0	1636	6.65	0.0
0	1637	6.64	3.81
0	1638	6.64	4.41
0	1639	6.64	5.96
0	1640	6.64	1.36
0	1641	6.62	0.0
0	1642	6.59	0.24
0	1643	6.58	6.18
0	1644	6.58	5.55
0	1645	6.57	0.0
0	1646	6.54	0.0
0	1647	6.54	0.0
0	1648	6.53	0.0
0	1649	6.53	0.0
0	1650	6.5	5.3
0	1651	6.5	0.0
0	1652	6.49	5.7
0	1653	6.48	0.0
0	1654	6.48	0.0
0	1655	6.47	0.0
0	1656	6.47	5.65
0	1657	6.47	0.0
0	1658	6.45	0.0
0	1659	6.45	2.15
0	1660	6.44	2.19
0	1661	6.43	4.7
0	1662	6.43	3.87
0	1663	6.43	0.0
0	1664	6.42	6.33
0	1665	6.41	3.8
0	1666	6.41	0.0
0	1667	6.41	0.0
0	1668	6.38	1.07
0	1669	6.38	4.63
0	1670	6.38	0.0
0	1671	6.37	0.0
0	1672	6.36	0.0
0	1673	6.35	3.23
0	1674	6.35	0.0
0	1675	6.34	0.0
0	1676	6.32	0.0
0	1677	6.32	5.64
0	1678	6.31	0.0
0	1679	6.3	0.0
0	1680	6.3	0.0
0	1681	6.3	0.0
0	1682	6.28	0.0
0	1683	6.27	4.32
0	1684	6.27	6.01
0	1685	6.26	0.0
0	1686	6.26	0.0
0	1687	6.25	0.0
0	1688	6.24	4.26
0	1689	6.24	3.28
0	1690	6.23	5.05
0	1691	6.21	4.43
0	1692	6.18	0.0
0	1693	6.17	0.79
0	1694	6.17	1.49
0	1695	6.16	0.0
0	1696	6.16	1.76
0	1697	6.16	5.84
0	1698	6.14	0.0
0	1699	6.14	0.0
0	1700	6.13	4.89
0	1701	6.12	3.47
0	1702	6.12	4.55
0	1703	6.1	1.75
0	1704	6.07	0.0
0	1705	6.07	4.83
0	1706	6.07	4.94
0	1707	6.06	0.0
0	1708	6.05	0.0
0	1709	6.05	2.87
0	1710	6.05	0.0
0	1711	6.04	0.0
0	1712	6.02	1.44
0	1713	6.01	1.46
0	1714	6.01	0.0
0	1715	5.99	0.0
0	1716	5.99	0.0
0	1717	5.99	5.47
0	1718	5.98	0.0
0	1719	5.97	2.05
0	1720	5.95	2.39
0	1721	5.94	0.0
0	1722	5.93	4.87
0	1723	5.92	0.0
0	1724	5.91	0.0
0	1725	5.9	0.0
0	1726	5.89	0.0
0	1727	5.89	0.0
0	1728	5.89	4.46
0	1729	5.89	5.25
0	1730	5.88	1.26
0	1731	5.87	0.0
0	1732	5.86	0.0
0	1733	5.85	0.0
0	1734	5.83	2.0
0	1735	5.81	2.38
0	1736	5.81	5.36
0	1737	5.8	0.0
0	1738	5.79	0.0
0	1739	5.76	0.0
0	1740	5.75	0.0
0	1741	5.73	1.55
0	1742	5.72	0.0
0	1743	5.71	4.69
0	1744	5.7	0.0
0	1745	5.69	0.0
0	1746	5.69	1.91
0	1747	5.67	0.0
0	1748	5.67	0.0
0	1749	5.67	5.06
0	1750	5.66	0.0
0	1751	5.66	3.16
0	1752	5.65	0.0
0	1753	5.65	0.0
0	1754	5.65	4.11
0	1755	5.64	0.0
0	1756	5.64	4.28
0	1757	5.64	0.0
0	1758	5.64	0.0
0	1759	5.64	1.83
0	1760	5.63	0.0
0	1761	5.63	0.0
0	1762	5.6	0.0
0	1763	5.6	4.75
0	1764	5.58	2.72
0	1765	5.58	1.03
0	1766	5.58	0.2
0	1767	5.57	1.09
0	1768	5.55	0.0
0	1769	5.54	4.17
0	1770	5.53	0.0
0	1771	5.52	1.02
0	1772	5.52	0.0
0	1773	5.52	0.0
0	1774	5.5	0.0
0	1775	5.5	0.0
0	1776	5.5	0.0
0	1777	5.5	4.09
0	1778	5.44	2.75
0	1779	5.43	4.35
0	1780	5.43	0.0
0	1781	5.41	0.0
0	1782	5.41	1.92
0	1783	5.38	4.57
0	1784	5.36	0.0
0	1785	5.34	0.0
0	1786	5.33	0.0
0	1787	5.32	3.53
0	1788	5.32	0.0
0	1789	5.31	0.0
0	1790	5.31	0.0
0	1791	5.31	0.0
0	1792	5.3	0.0
0	1793	5.29	0.0
0	1794	5.28	0.0
0	1795	5.28	3.05
0	1796	5.28	0.0
0	1797	5.27	0.0
0	1798	5.26	0.0
0	1799	5.26	4.98
0	1800	5.25	0.0
0	1801	5.23	0.0
0	1802	5.22	1.82
0	1803	5.21	0.0
0	1804	5.2	4.1
0	1805	5.2	2.66
0	1806	5.18	0.0
0	1807	5.17	0.0
0	1808	5.16	0.0
0	1809	5.14	2.28
0	1810	5.14	0.0
0	1811	5.12	4.57
0	1812	5.12	4.82
0	1813	5.12	3.88
0	1814	5.11	0.0
0	1815	5.1	0.47
0	1816	5.1	1.17
0	1817	5.09	0.0
0	1818	5.09	0.0
0	1819	5.08	3.22
0	1820	5.07	4.98
0	1821	5.07	4.88
0	1822	5.06	0.0
0	1823	5.06	2.04
0	1824	5.04	0.0
0	1825	5.04	2.05
0	1826	5.04	0.0
0	1827	5.01	0.72
0	1828	4.97	0.0
0	1829	4.97	0.0
0	1830	4.97	1.52
0	1831	4.97	2.33
0	1832	4.97	2.45
0	1833	4.96	0.0
0	1834	4.95	0.0
0	1835	4.94	0.0
0	1836	4.93	0.0
0	1837	4.9	0.0
0	1838	4.9	0.0
0	1839	4.88	1.68
0	1840	4.88	0.0
0	1841	4.87	0.0
0	1842	4.86	0.0
0	1843	4.83	0.37
0	1844	4.83	3.27
0	1845	4.83	4.44
0	1846	4.82	0.0
0	1847	4.81	2.0
0	1848	4.8	2.55
0	1849	4.77	0.0
0	1850	4.77	0.0
0	1851	4.73	3.58
0	1852	4.72	0.0
0	1853	4.71	3.81
0	1854	4.7	4.52
0	1855	4.69	2.77
0	1856	4.69	0.0
0	1857	4.68	0.4
0	1858	4.66	0.0
0	1859	4.66	0.0
0	1860	4.65	0.4
0	1861	4.65	0.0
0	1862	4.64	0.0
0	1863	4.63	0.0
0	1864	4.62	0.76
0	1865	4.61	0.0
0	1866	4.61	0.0
0	1867	4.59	2.27
0	1868	4.59	3.33
0	1869	4.59	0.0
0	1870	4.59	4.12
0	1871	4.57	2.07
0	1872	4.57	1.01
0	1873	4.56	0.0
0	1874	4.56	0.0
0	1875	4.54	0.69
0	1876	4.54	0.0
0	1877	4.54	4.35
0	1878	4.51	0.0
0	1879	4.51	1.44
0	1880	4.51	0.0
0	1881	4.5	0.0
0	1882	4.49	0.0
0	1883	4.49	0.0
0	1884	4.47	0.0
0	1885	4.46	0.0
0	1886	4.46	0.32
0	1887	4.45	0.0
0	1888	4.45	0.0
0	1889	4.44	0.0
0	1890	4.44	0.0
0	1891	4.43	0.0
0	1892	4.43	0.0
0	1893	4.41	3.82
0	1894	4.37	0.0
0	1895	4.35	0.0
0	1896	4.35	0.84
0	1897	4.34	0.0
0	1898	4.33	3.95
0	1899	4.33	0.0
0	1900	4.31	0.0
0	1901	4.3	0.0
0	1902	4.29	0.0
0	1903	4.28	0.0
0	1904	4.27	0.0
0	1905	4.27	0.0
0	1906	4.25	3.61
0	1907	4.25	2.75
0	1908	4.24	0.0
0	1909	4.24	0.0
0	1910	4.23	1.51
0	1911	4.23	0.0
0	1912	4.23	0.0
0	1913	4.22	0.0
0	1914	4.22	0.0
0	1915	4.21	0.0
0	1916	4.2	1.82
0	1917	4.18	0.0
0	1918	4.17	0.39
0	1919	4.17	0.0
0	1920	4.17	0.32
0	1921	4.16	0.0
0	1922	4.16	0.0
0	1923	4.14	0.0
0	1924	4.14	0.77
0	1925	4.13	0.0
0	1926	4.1	3.55
0	1927	4.1	0.0
0	1928	4.1	0.0
0	1929	4.09	2.77
0	1930	4.08	0.0
0	1931	4.07	0.0
0	1932	4.07	0.0
0	1933	4.07	0.0
0	1934	4.05	0.97
0	1935	4.04	0.0
0	1936	4.04	0.0
0	1937	4.02	0.0
0	1938	4.02	2.26
0	1939	4.01	2.93
0	1940	4.01	2.2
0	1941	4.0	0.0
0	1942	3.98	0.0
0	1943	3.98	0.0
0	1944	3.97	3.48
0	1945	3.97	2.99
0	1946	3.95	1.33
0	1947	3.94	0.0
0	1948	3.93	0.0
0	1949	3.92	0.0
0	1950	3.92	1.67
0	1951	3.91	3.2
0	1952	3.91	0.0
0	1953	3.91	2.08
0	1954	3.9	0.55
0	1955	3.9	0.0
0	1956	3.89	0.0
0	1957	3.88	0.0
0	1958	3.88	0.0
0	1959	3.87	0.0
0	1960	3.87	0.48
0	1961	3.86	1.0
0	1962	3.86	0.0
0	1963	3.85	0.73
0	1964	3.85	3.45
0	1965	3.84	1.68
0	1966	3.83	0.0
0	1967	3.83	0.0
0	1968	3.83	3.81
0	1969	3.83	2.85
0	1970	3.81	0.97
0	1971	3.79	0.0
0	1972	3.79	0.0
0	1973	3.78	0.0
0	1974	3.77	0.0
0	1975	3.77	3.14
0	1976	3.77	2.32
0	1977	3.77	0.0
0	1978	3.76	1.77
0	1979	3.75	1.88
0	1980	3.75	0.0
0	1981	3.74	0.48
0	1982	3.73	1.92
0	1983	3.71	0.0
0	1984	3.68	0.0
0	1985	3.67	0.0
0	1986	3.67	0.0
0	1987	3.67	0.0
0	1988	3.66	0.0
0	1989	3.66	1.27
0	1990	3.65	0.0
0	1991	3.65	2.99
0	1992	3.64	0.0
0	1993	3.64	0.0
0	1994	3.64	0.0
0	1995	3.63	0.0
0	1996	3.62	2.44
0	1997	3.61	3.07
0	1998	3.61	0.0
0	1999	3.6	0.0
0	2000	3.59	0.0
0	2001	3.59	0.0
0	2002	3.58	0.25
0	2003	3.58	3.09
0	2004	3.57	0.0
0	2005	3.57	0.58
0	2006	3.57	0.0
0	2007	3.57	0.0
0	2008	3.55	1.47
0	2009	3.54	3.48
0	2010	3.54	0.0
0	2011	3.54	2.05
0	2012	3.54	0.73
0	2013	3.53	0.0
0	2014	3.52	1.63
0	2015	3.52	0.0
0	2016	3.51	2.95
0	2017	3.49	0.26
0	2018	3.46	1.71
0	2019	3.41	0.0
0	2020	3.4	0.0
0	2021	3.39	0.0
0	2022	3.39	2.39
0	2023	3.38	0.0
0	2024	3.38	1.21
0	2025	3.38	0.0
0	2026	3.38	0.0
0	2027	3.37	0.0
0	2028	3.37	0.0
0	2029	3.37	0.0
0	2030	3.35	0.0
0	2031	3.34	0.0
0	2032	3.34	0.0
0	2033	3.33	1.32
0	2034	3.33	0.0
0	2035	3.33	0.0
0	2036	3.32	0.0
0	2037	3.32	0.0
0	2038	3.31	0.0
0	2039	3.31	0.0
0	2040	3.31	0.69
0	2041	3.3	0.0
0	2042	3.29	0.0
0	2043	3.28	0.0
0	2044	3.28	0.0
0	2045	3.28	0.0
0	2046	3.27	0.0
0	2047	3.27	0.0
0	2048	3.26	0.0
0	2049	3.26	0.0
0	2050	3.25	0.0
0	2051	3.25	0.0
0	2052	3.25	0.0
0	2053	3.25	0.0
0	2054	3.24	1.26
0	2055	3.24	0.0
0	2056	3.22	0.0
0	2057	3.22	0.0
0	2058	3.21	0.0
0	2059	3.2	0.0
0	2060	3.19	0.0
0	2061	3.18	2.61
0	2062	3.17	2.1
0	2063	3.17	2.05
0	2064	3.16	0.0
0	2065	3.16	2.77
0	2066	3.15	0.0
0	2067	3.15	1.06
0	2068	3.15	0.0
0	2069	3.14	0.0
0	2070	3.14	0.42
0	2071	3.13	0.0
0	2072	3.13	0.86
0	2073	3.1	0.0
0	2074	3.09	0.74
0	2075	3.08	0.0
0	2076	3.05	0.0
0	2077	3.05	0.0
0	2078	3.05	0.0
0	2079	3.04	0.0
0	2080	3.02	0.0
0	2081	3.02	0.0
0	2082	3.01	0.0
0	2083	3.01	0.0
0	2084	3.0	1.36
0	2085	3.0	0.42
0	2086	3.0	0.15
0	2087	2.99	0.0
0	2088	2.98	1.81
0	2089	2.97	1.91
0	2090	2.96	0.0
0	2091	2.96	0.0
0	2092	2.96	0.0
0	2093	2.96	0.0
0	2094	2.95	0.0
0	2095	2.93	0.0
0	2096	2.92	0.0
0	2097	2.92	2.66
0	2098	2.9	0.0
0	2099	2.9	0.0
0	2100	2.89	2.75
0	2101	2.89	0.0
0	2102	2.88	0.0
0	2103	2.86	0.0
0	2104	2.85	0.0
0	2105	2.85	0.0
0	2106	2.83	0.0
0	2107	2.83	0.0
0	2108	2.82	0.0
0	2109	2.82	0.0
0	2110	2.82	0.0
0	2111	2.82	1.06
0	2112	2.81	1.89
0	2113	2.79	0.0
0	2114	2.78	0.0
0	2115	2.75	0.0
0	2116	2.75	0.0
0	2117	2.74	0.0
0	2118	2.74	0.17
0	2119	2.73	0.0
0	2120	2.72	0.0
0	2121	2.72	0.0
0	2122	2.69	2.08
0	2123	2.69	0.0
0	2124	2.68	2.55
0	2125	2.66	0.6
0	2126	2.65	2.23
0	2127	2.65	1.18
0	2128	2.64	0.0
0	2129	2.64	0.0
0	2130	2.64	0.0
0	2131	2.64	0.0
0	2132	2.62	1.57
0	2133	2.62	1.26
0	2134	2.61	0.57
0	2135	2.6	0.0
0	2136	2.6	1.47
0	2137	2.59	0.0
0	2138	2.57	0.0
0	2139	2.57	0.0
0	2140	2.56	0.0
0	2141	2.54	0.13
0	2142	2.54	0.7
0	2143	2.53	0.02
0	2144	2.51	0.0
0	2145	2.51	0.0
0	2146	2.51	0.0
0	2147	2.51	0.0
0	2148	2.48	0.0
0	2149	2.48	0.0
0	2150	2.47	0.0
0	2151	2.47	0.0
0	2152	2.46	0.0
0	2153	2.46	2.22
0	2154	2.46	0.0
0	2155	2.45	0.0
0	2156	2.44	0.0
0	2157	2.44	2.4
0	2158	2.43	0.6
0	2159	2.42	0.0
0	2160	2.42	2.38
0	2161	2.39	0.0
0	2162	2.38	0.0
0	2163	2.38	0.0
0	2164	2.37	0.0
0	2165	2.36	0.95
0	2166	2.36	0.0
0	2167	2.35	0.0
0	2168	2.34	0.0
0	2169	2.34	0.0
0	2170	2.33	0.4
0	2171	2.32	0.82
0	2172	2.31	0.86
0	2173	2.3	0.0
0	2174	2.3	0.0
0	2175	2.28	0.0
0	2176	2.28	0.0
0	2177	2.26	0.0
0	2178	2.26	0.0
0	2179	2.23	0.0
0	2180	2.23	2.09
0	2181	2.23	0.01
0	2182	2.22	1.47
0	2183	2.22	1.65
0	2184	2.22	0.0
0	2185	2.22	0.0
0	2186	2.22	0.0
0	2187	2.2	0.0
0	2188	2.2	0.0
0	2189	2.19	0.0
0	2190	2.18	0.0
0	2191	2.17	0.0
0	2192	2.17	1.19
0	2193	2.14	1.14
0	2194	2.14	0.0
0	2195	2.12	0.0
0	2196	2.12	0.0
0	2197	2.11	0.0
0	2198	2.11	0.0
0	2199	2.1	0.0
0	2200	2.1	0.0
0	2201	2.1	0.0
0	2202	2.09	0.0
0	2203	2.09	0.0
0	2204	2.09	0.0
0	2205	2.08	1.87
0	2206	2.08	0.0
0	2207	2.05	0.0
0	2208	2.05	0.0
0	2209	2.04	0.0
0	2210	2.03	0.0
0	2211	2.01	0.0
0	2212	2.01	0.0
0	2213	2.01	0.0
0	2214	1.98	0.0
0	2215	1.98	0.0
0	2216	1.97	0.0
0	2217	1.97	0.0
0	2218	1.96	0.0
0	2219	1.95	0.0
0	2220	1.94	1.72
0	2221	1.94	0.0
0	2222	1.94	0.0
0	2223	1.93	0.0
0	2224	1.93	0.0
0	2225	1.92	0.0
0	2226	1.89	0.0
0	2227	1.88	0.0
0	2228	1.87	1.25
0	2229	1.87	0.0
0	2230	1.86	0.0
0	2231	1.86	0.0
0	2232	1.85	0.0
0	2233	1.85	1.41
0	2234	1.85	0.0
0	2235	1.84	0.0
0	2236	1.84	0.0
0	2237	1.83	0.0
0	2238	1.83	1.23
0	2239	1.82	1.34
0	2240	1.81	0.0
0	2241	1.81	0.0
0	2242	1.8	0.0
0	2243	1.79	0.17
0	2244	1.79	0.0
0	2245	1.79	0.0
0	2246	1.78	0.0
0	2247	1.77	0.0
0	2248	1.76	0.0
0	2249	1.76	0.0
0	2250	1.75	0.0
0	2251	1.74	0.0
0	2252	1.74	0.0
0	2253	1.73	1.07
0	2254	1.73	0.0
0	2255	1.72	1.36
0	2256	1.72	0.0
0	2257	1.72	0.0
0	2258	1.71	0.0
0	2259	1.7	0.0
0	2260	1.68	0.0
0	2261	1.68	0.0
0	2262	1.66	0.0
0	2263	1.65	0.0
0	2264	1.65	0.0
0	2265	1.63	0.0
0	2266	1.63	0.0
0	2267	1.63	1.01
0	2268	1.6	1.36
0	2269	1.59	0.0
0	2270	1.58	0.0
0	2271	1.57	0.0
0	2272	1.57	0.0
0	2273	1.57	0.0
0	2274	1.54	0.0
0	2275	1.53	0.0
0	2276	1.52	0.0
0	2277	1.51	0.0
0	2278	1.5	0.0
0	2279	1.5	1.47
0	2280	1.5	0.0
0	2281	1.49	0.0
0	2282	1.47	0.2
0	2283	1.46	0.0
0	2284	1.45	0.0
0	2285	1.44	0.0
0	2286	1.44	0.0
0	2287	1.43	0.0
0	2288	1.43	0.0
0	2289	1.42	1.11
0	2290	1.42	0.0
0	2291	1.41	0.5
0	2292	1.4	0.0
0	2293	1.38	0.0
0	2294	1.35	0.0
0	2295	1.34	0.0
0	2296	1.33	0.0
0	2297	1.31	0.0
0	2298	1.29	0.0
0	2299	1.27	0.0
0	2300	1.26	0.0
0	2301	1.26	1.12
0	2302	1.26	0.16
0	2303	1.26	0.0
0	2304	1.25	0.0
0	2305	1.23	0.0
0	2306	1.21	0.0
0	2307	1.21	0.0
0	2308	1.21	0.0
0	2309	1.21	0.0
0	2310	1.21	0.0
0	2311	1.21	0.0
0	2312	1.21	0.0
0	2313	1.17	0.0
0	2314	1.16	0.0
0	2315	1.16	0.0
0	2316	1.14	0.0
0	2317	1.13	0.0
0	2318	1.13	0.0
0	2319	1.12	0.0
0	2320	1.12	0.0
0	2321	1.12	0.0
0	2322	1.11	0.0
0	2323	1.11	0.0
0	2324	1.11	0.0
0	2325	1.09	0.0
0	2326	1.09	0.0
0	2327	1.08	0.0
0	2328	1.07	0.0
0	2329	1.07	0.0
0	2330	1.06	0.0
0	2331	1.06	0.0
0	2332	1.05	0.0
0	2333	1.03	0.0
0	2334	1.02	0.0
0	2335	1.01	0.0
0	2336	1.01	0.0
0	2337	1.01	0.0
0	2338	1.01	0.0
0	2339	1.01	0.0
0	2340	1.01	0.0
0	2341	1.0	0.28
0	2342	0.99	0.22
0	2343	0.98	0.0
0	2344	0.98	0.0
0	2345	0.98	0.89
0	2346	0.98	0.0
0	2347	0.97	0.75
0	2348	0.96	0.0
0	2349	0.95	0.0
0	2350	0.94	0.0
0	2351	0.93	0.85
0	2352	0.93	0.02
0	2353	0.93	0.0
0	2354	0.92	0.0
0	2355	0.92	0.64
0	2356	0.91	0.0
0	2357	0.9	0.0
0	2358	0.9	0.0
0	2359	0.89	0.0
0	2360	0.88	0.0
0	2361	0.87	0.0
0	2362	0.87	0.0
0	2363	0.86	0.0
0	2364	0.86	0.0
0	2365	0.85	0.0
0	2366	0.85	0.0
0	2367	0.83	0.0
0	2368	0.82	0.0
0	2369	0.81	0.0
0	2370	0.8	0.0
0	2371	0.78	0.0
0	2372	0.78	0.0
0	2373	0.77	0.0
0	2374	0.77	0.38
0	2375	0.77	0.0
0	2376	0.77	0.0
0	2377	0.77	0.0
0	2378	0.76	0.0
0	2379	0.75	0.0
0	2380	0.74	0.0
0	2381	0.74	0.0
0	2382	0.74	0.0
0	2383	0.73	0.0
0	2384	0.73	0.0
0	2385	0.72	0.0
0	2386	0.72	0.01
0	2387	0.72	0.45
0	2388	0.71	0.0
0	2389	0.71	0.0
0	2390	0.7	0.0
0	2391	0.7	0.51
0	2392	0.69	0.0
0	2393	0.67	0.0
0	2394	0.67	0.59
0	2395	0.66	0.6
0	2396	0.65	0.59
0	2397	0.65	0.0
0	2398	0.64	0.0
0	2399	0.62	0.0
0	2400	0.62	0.0
0	2401	0.61	0.0
0	2402	0.61	0.0
0	2403	0.6	0.42
0	2404	0.58	0.0
0	2405	0.58	0.0
0	2406	0.57	0.0
0	2407	0.57	0.0
0	2408	0.57	0.06
0	2409	0.56	0.0
0	2410	0.56	0.0
0	2411	0.55	0.0
0	2412	0.55	0.0
0	2413	0.54	0.0
0	2414	0.53	0.0
0	2415	0.53	0.0
0	2416	0.53	0.0
0	2417	0.53	0.0
0	2418	0.52	0.0
0	2419	0.51	0.0
0	2420	0.51	0.0
0	2421	0.5	0.0
0	2422	0.5	0.0
0	2423	0.49	0.0
0	2424	0.49	0.0
0	2425	0.47	0.0
0	2426	0.47	0.0
0	2427	0.46	0.0
0	2428	0.45	0.0
0	2429	0.45	0.0
0	2430	0.43	0.0
0	2431	0.42	0.0
0	2432	0.42	0.0
0	2433	0.42	0.0
0	2434	0.41	0.0
0	2435	0.39	0.0
0	2436	0.38	0.0
0	2437	0.38	0.0
0	2438	0.37	0.0
0	2439	0.36	0.0
0	2440	0.36	0.0
0	2441	0.36	0.0
0	2442	0.35	0.0
0	2443	0.34	0.0
0	2444	0.33	0.0
0	2445	0.33	0.0
0	2446	0.32	0.0
0	2447	0.3	0.0
0	2448	0.3	0.0
0	2449	0.29	0.0
0	2450	0.28	0.0
0	2451	0.28	0.0
0	2452	0.28	0.0
0	2453	0.27	0.0
0	2454	0.27	0.0
0	2455	0.27	0.0
0	2456	0.26	0.0
0	2457	0.26	0.0
0	2458	0.25	0.0
0	2459	0.25	0.0
0	2460	0.24	0.0
0	2461	0.24	0.0
0	2462	0.24	0.0
0	2463	0.24	0.0
0	2464	0.24	0.0
0	2465	0.24	0.0
0	2466	0.23	0.0
0	2467	0.23	0.0
0	2468	0.22	0.0
0	2469	0.21	0.0
0	2470	0.2	0.01
0	2471	0.19	0.0
0	2472	0.19	0.0
0	2473	0.19	0.0
0	2474	0.18	0.0
0	2475	0.18	0.0
0	2476	0.18	0.0
0	2477	0.17	0.0
0	2478	0.17	0.0
0	2479	0.15	0.0
0	2480	0.15	0.0
0	2481	0.15	0.0
0	2482	0.14	0.0
0	2483	0.13	0.0
0	2484	0.13	0.04
0	2485	0.13	0.0
0	2486	0.12	0.0
0	2487	0.12	0.0
0	2488	0.11	0.0
0	2489	0.1	0.0
0	2490	0.1	0.0
0	2491	0.1	0.0
0	2492	0.1	0.0
0	2493	0.09	0.0
0	2494	0.08	0.0
0	2495	0.08	0.0
0	2496	0.07	0.0
0	2497	0.07	0.0
0	2498	0.05	0.0
0	2499	0.05	0.0
0	2500	0.05	0.0
0	2501	0.05	0.0
0	2502	0.04	0.0
0	2503	0.03	0.0
0	2504	0.03	0.0
