clade	species	ts	te
0	1	100.0	85.31
0	2	98.7	83.89
0	3	98.61	96.66
0	4	91.24	75.47
0	5	85.44	66.39
0	6	84.09	70.46
0	7	82.12	78.92
0	8	81.86	73.86
0	9	80.41	45.4
0	10	78.58	66.12
0	11	77.5	76.09
0	12	77.17	69.45
0	13	76.81	57.79
0	14	75.18	22.8
0	15	74.69	32.25
0	16	73.75	58.18
0	17	72.91	60.91
0	18	72.72	68.97
0	19	72.33	44.29
0	20	70.1	66.94
0	21	70.06	66.76
0	22	69.63	47.23
0	23	69.26	60.45
0	24	67.67	53.38
0	25	67.35	41.16
0	26	66.82	43.66
0	27	66.59	64.7
0	28	66.43	64.01
0	29	65.99	43.92
0	30	65.44	60.44
0	31	64.08	62.37
0	32	63.96	63.86
0	33	63.56	48.04
0	34	62.95	49.61
0	35	62.31	51.77
0	36	62.15	47.04
0	37	61.25	50.83
0	38	60.93	60.11
0	39	60.8	58.05
0	40	60.72	32.51
0	41	60.29	39.69
0	42	60.13	58.83
0	43	59.29	41.78
0	44	59.16	55.19
0	45	58.26	53.05
0	46	57.81	56.09
0	47	57.5	50.54
0	48	56.79	50.0
0	49	56.78	51.26
0	50	56.49	46.65
0	51	56.34	42.42
0	52	55.87	42.66
0	53	55.34	14.48
0	54	55.07	51.13
0	55	54.83	52.98
0	56	54.76	53.31
0	57	54.4	41.44
0	58	54.1	49.32
0	59	53.69	39.55
0	60	53.65	32.46
0	61	53.45	52.38
0	62	53.35	43.95
0	63	53.32	39.49
0	64	53.19	43.21
0	65	53.17	34.78
0	66	52.77	42.74
0	67	52.12	41.27
0	68	51.9	31.46
0	69	51.78	49.47
0	70	51.23	36.87
0	71	51.11	46.55
0	72	50.48	28.59
0	73	50.46	44.8
0	74	50.3	43.66
0	75	49.9	40.64
0	76	49.79	47.67
0	77	49.43	47.96
0	78	49.18	38.18
0	79	49.16	46.08
0	80	48.92	31.59
0	81	48.88	45.68
0	82	48.84	42.87
0	83	48.79	48.67
0	84	48.62	47.54
0	85	48.59	43.9
0	86	48.39	39.04
0	87	48.33	46.11
0	88	48.17	48.11
0	89	47.96	42.37
0	90	47.86	45.42
0	91	47.85	41.07
0	92	47.7	42.83
0	93	47.59	44.7
0	94	47.22	32.12
0	95	46.98	41.17
0	96	46.96	46.51
0	97	46.5	43.48
0	98	46.47	32.0
0	99	46.41	31.06
0	100	46.13	35.41
0	101	46.09	26.45
0	102	46.04	32.24
0	103	45.96	36.75
0	104	45.89	43.96
0	105	45.79	21.19
0	106	45.54	45.0
0	107	45.48	28.3
0	108	45.43	18.59
0	109	45.34	35.18
0	110	45.15	43.37
0	111	45.12	27.11
0	112	44.78	31.28
0	113	44.65	43.56
0	114	44.53	41.61
0	115	44.17	22.06
0	116	44.1	39.94
0	117	44.0	34.53
0	118	43.88	42.83
0	119	43.72	41.09
0	120	43.66	30.02
0	121	43.59	38.65
0	122	43.49	42.33
0	123	43.3	33.56
0	124	43.12	29.87
0	125	42.71	38.31
0	126	42.66	40.7
0	127	42.61	22.92
0	128	42.46	38.06
0	129	42.4	35.06
0	130	42.35	25.76
0	131	42.25	31.96
0	132	42.16	41.76
0	133	42.16	34.76
0	134	42.07	30.82
0	135	42.05	38.7
0	136	42.03	23.45
0	137	41.71	31.69
0	138	41.53	40.22
0	139	41.43	33.04
0	140	41.42	32.29
0	141	41.22	7.13
0	142	41.05	38.35
0	143	40.86	30.63
0	144	40.84	37.61
0	145	40.79	30.7
0	146	40.66	29.68
0	147	40.51	36.54
0	148	40.5	29.77
0	149	40.47	38.36
0	150	40.26	7.8
0	151	40.05	38.27
0	152	39.98	39.41
0	153	39.91	20.8
0	154	39.76	35.47
0	155	39.73	34.45
0	156	39.69	31.02
0	157	39.53	37.86
0	158	39.46	31.65
0	159	39.44	36.24
0	160	39.44	14.12
0	161	39.28	37.43
0	162	39.2	28.9
0	163	39.08	34.58
0	164	38.97	37.01
0	165	38.82	33.45
0	166	38.76	14.37
0	167	38.55	35.36
0	168	38.42	22.7
0	169	38.33	11.38
0	170	38.14	37.66
0	171	37.84	30.37
0	172	37.67	23.7
0	173	37.61	32.71
0	174	37.58	37.46
0	175	37.57	27.05
0	176	37.4	26.09
0	177	37.35	33.54
0	178	37.35	29.59
0	179	36.86	34.77
0	180	36.83	33.21
0	181	36.77	17.15
0	182	36.63	24.94
0	183	36.44	30.66
0	184	36.42	32.64
0	185	36.36	35.61
0	186	36.35	14.69
0	187	36.34	35.78
0	188	36.25	19.06
0	189	36.17	11.39
0	190	35.96	30.3
0	191	35.89	0.0
0	192	35.89	2.23
0	193	35.88	35.1
0	194	35.84	30.61
0	195	35.8	23.9
0	196	35.78	25.39
0	197	35.78	35.59
0	198	35.76	29.71
0	199	35.74	22.95
0	200	35.71	33.01
0	201	35.7	33.01
0	202	35.63	33.24
0	203	35.59	0.0
0	204	35.59	32.55
0	205	35.57	5.48
0	206	35.51	19.49
0	207	35.5	33.18
0	208	35.49	13.48
0	209	35.39	13.02
0	210	35.34	8.39
0	211	35.3	31.87
0	212	35.05	16.39
0	213	34.95	34.44
0	214	34.89	28.38
0	215	34.83	33.65
0	216	34.82	13.65
0	217	34.73	31.41
0	218	34.72	30.85
0	219	34.71	21.45
0	220	34.7	32.69
0	221	34.62	11.79
0	222	34.61	10.58
0	223	34.6	17.72
0	224	34.58	34.02
0	225	34.51	12.82
0	226	34.46	28.87
0	227	34.38	22.1
0	228	34.26	17.08
0	229	34.14	26.17
0	230	34.1	13.18
0	231	34.1	23.91
0	232	34.03	17.86
0	233	33.98	33.93
0	234	33.94	31.91
0	235	33.92	33.82
0	236	33.92	25.75
0	237	33.89	31.64
0	238	33.88	33.28
0	239	33.87	0.0
0	240	33.83	22.46
0	241	33.79	33.49
0	242	33.73	33.08
0	243	33.61	16.77
0	244	33.47	30.29
0	245	33.47	33.42
0	246	33.36	7.29
0	247	33.35	14.51
0	248	33.3	25.27
0	249	33.3	17.08
0	250	33.29	28.05
0	251	33.25	32.47
0	252	33.24	11.9
0	253	33.21	24.6
0	254	33.2	32.71
0	255	33.2	27.64
0	256	33.15	30.75
0	257	33.08	28.75
0	258	33.04	30.53
0	259	33.04	32.42
0	260	32.94	24.32
0	261	32.93	13.57
0	262	32.91	8.47
0	263	32.85	15.01
0	264	32.82	18.48
0	265	32.8	28.48
0	266	32.76	29.12
0	267	32.76	17.08
0	268	32.75	31.64
0	269	32.67	29.87
0	270	32.67	20.76
0	271	32.59	20.75
0	272	32.47	16.33
0	273	32.44	25.0
0	274	32.23	30.13
0	275	31.98	28.71
0	276	31.97	29.86
0	277	31.95	4.11
0	278	31.91	29.62
0	279	31.9	23.35
0	280	31.88	10.89
0	281	31.88	12.35
0	282	31.87	26.69
0	283	31.87	9.37
0	284	31.86	12.25
0	285	31.81	0.0
0	286	31.7	18.62
0	287	31.7	30.76
0	288	31.66	31.06
0	289	31.62	30.29
0	290	31.61	31.45
0	291	31.61	30.92
0	292	31.54	20.19
0	293	31.49	20.47
0	294	31.46	24.73
0	295	31.44	24.15
0	296	31.44	21.45
0	297	31.41	30.89
0	298	31.4	22.56
0	299	31.38	19.35
0	300	31.32	18.32
0	301	31.24	27.0
0	302	31.22	25.42
0	303	31.13	30.43
0	304	31.1	20.02
0	305	31.1	28.0
0	306	31.07	3.17
0	307	31.0	30.64
0	308	30.99	30.61
0	309	30.94	30.86
0	310	30.91	16.39
0	311	30.86	13.78
0	312	30.86	17.05
0	313	30.85	0.0
0	314	30.82	30.6
0	315	30.7	15.19
0	316	30.68	20.07
0	317	30.68	25.63
0	318	30.65	23.37
0	319	30.63	28.92
0	320	30.63	27.13
0	321	30.59	29.7
0	322	30.56	15.63
0	323	30.27	24.58
0	324	30.26	27.6
0	325	30.19	22.25
0	326	30.19	20.21
0	327	30.13	27.5
0	328	30.12	24.17
0	329	30.12	28.24
0	330	30.1	22.22
0	331	30.01	17.54
0	332	29.9	20.96
0	333	29.87	14.57
0	334	29.85	24.3
0	335	29.82	29.23
0	336	29.71	23.53
0	337	29.7	20.73
0	338	29.7	3.86
0	339	29.61	23.26
0	340	29.61	27.77
0	341	29.6	27.42
0	342	29.57	20.28
0	343	29.51	23.31
0	344	29.5	27.49
0	345	29.36	10.97
0	346	29.32	21.31
0	347	29.28	25.45
0	348	29.17	0.0
0	349	29.14	23.55
0	350	29.12	3.65
0	351	29.1	11.43
0	352	29.09	6.49
0	353	29.05	23.69
0	354	29.05	27.45
0	355	29.02	28.51
0	356	29.01	25.01
0	357	28.99	28.22
0	358	28.92	0.0
0	359	28.83	11.85
0	360	28.78	25.61
0	361	28.75	19.27
0	362	28.7	25.2
0	363	28.54	18.34
0	364	28.48	23.89
0	365	28.45	8.24
0	366	28.45	18.34
0	367	28.34	18.89
0	368	28.26	12.44
0	369	28.26	27.75
0	370	28.26	26.17
0	371	28.22	26.02
0	372	28.16	24.61
0	373	28.15	23.03
0	374	28.13	18.17
0	375	28.07	20.68
0	376	28.04	24.68
0	377	28.0	9.69
0	378	28.0	23.36
0	379	28.0	26.47
0	380	27.92	27.82
0	381	27.78	27.18
0	382	27.76	14.65
0	383	27.68	0.0
0	384	27.54	25.72
0	385	27.53	0.0
0	386	27.5	22.44
0	387	27.47	24.49
0	388	27.46	23.93
0	389	27.44	24.13
0	390	27.43	26.12
0	391	27.4	22.45
0	392	27.32	26.46
0	393	27.28	25.78
0	394	27.27	21.61
0	395	26.97	22.68
0	396	26.94	20.01
0	397	26.92	20.51
0	398	26.78	2.21
0	399	26.74	8.42
0	400	26.71	22.89
0	401	26.68	24.45
0	402	26.66	14.29
0	403	26.62	22.61
0	404	26.61	9.43
0	405	26.61	20.27
0	406	26.55	1.03
0	407	26.52	0.0
0	408	26.45	24.72
0	409	26.3	17.28
0	410	26.28	0.0
0	411	26.27	23.67
0	412	26.22	6.28
0	413	26.18	2.85
0	414	26.14	24.59
0	415	26.09	0.0
0	416	26.07	15.37
0	417	26.06	24.55
0	418	26.05	25.04
0	419	26.02	23.19
0	420	25.96	10.2
0	421	25.96	19.17
0	422	25.95	23.09
0	423	25.89	6.38
0	424	25.69	8.24
0	425	25.61	18.98
0	426	25.58	24.05
0	427	25.58	10.61
0	428	25.58	5.25
0	429	25.54	20.45
0	430	25.5	16.48
0	431	25.5	0.0
0	432	25.48	21.79
0	433	25.4	8.33
0	434	25.39	22.02
0	435	25.34	0.0
0	436	25.31	19.49
0	437	25.27	24.19
0	438	25.27	21.09
0	439	25.23	21.6
0	440	25.22	23.43
0	441	25.19	10.83
0	442	25.19	19.31
0	443	25.15	23.72
0	444	25.13	5.91
0	445	25.11	20.25
0	446	25.11	0.0
0	447	25.1	21.0
0	448	25.08	23.44
0	449	25.06	9.27
0	450	24.97	24.66
0	451	24.94	1.1
0	452	24.94	21.73
0	453	24.94	9.08
0	454	24.82	24.54
0	455	24.77	21.79
0	456	24.76	19.25
0	457	24.73	22.16
0	458	24.73	22.82
0	459	24.7	14.37
0	460	24.68	20.12
0	461	24.57	24.42
0	462	24.56	18.68
0	463	24.55	8.42
0	464	24.52	23.66
0	465	24.47	21.6
0	466	24.45	16.45
0	467	24.45	14.02
0	468	24.44	3.43
0	469	24.4	13.52
0	470	24.38	17.31
0	471	24.37	0.0
0	472	24.35	13.24
0	473	24.33	21.34
0	474	24.31	3.75
0	475	24.23	20.76
0	476	24.21	8.79
0	477	24.18	21.17
0	478	24.13	20.99
0	479	24.08	4.21
0	480	23.99	0.0
0	481	23.98	22.61
0	482	23.98	14.18
0	483	23.94	23.08
0	484	23.86	16.34
0	485	23.8	16.09
0	486	23.8	19.83
0	487	23.79	16.43
0	488	23.7	4.69
0	489	23.65	18.33
0	490	23.64	0.0
0	491	23.63	2.14
0	492	23.61	13.09
0	493	23.59	20.32
0	494	23.45	23.24
0	495	23.44	21.11
0	496	23.41	1.24
0	497	23.39	22.38
0	498	23.38	0.0
0	499	23.31	23.21
0	500	23.26	6.94
0	501	23.26	23.06
0	502	23.21	3.83
0	503	23.18	0.0
0	504	23.17	16.49
0	505	23.14	21.48
0	506	23.12	11.65
0	507	23.08	16.02
0	508	23.06	15.42
0	509	23.03	9.54
0	510	22.98	16.1
0	511	22.94	0.0
0	512	22.86	18.71
0	513	22.84	5.21
0	514	22.83	13.95
0	515	22.78	22.36
0	516	22.74	22.38
0	517	22.7	21.23
0	518	22.7	22.05
0	519	22.65	0.2
0	520	22.65	13.43
0	521	22.59	22.2
0	522	22.59	18.27
0	523	22.58	11.68
0	524	22.55	0.0
0	525	22.5	14.26
0	526	22.43	19.73
0	527	22.4	10.19
0	528	22.39	9.45
0	529	22.38	13.9
0	530	22.36	6.02
0	531	22.34	5.9
0	532	22.29	21.5
0	533	22.28	5.64
0	534	22.27	18.22
0	535	22.26	19.26
0	536	22.19	14.46
0	537	22.19	22.09
0	538	22.19	4.64
0	539	22.18	0.0
0	540	22.17	16.91
0	541	22.14	7.75
0	542	22.1	21.36
0	543	22.09	0.0
0	544	22.08	20.42
0	545	22.02	11.98
0	546	22.01	11.02
0	547	22.01	14.5
0	548	21.96	9.7
0	549	21.92	0.0
0	550	21.89	9.08
0	551	21.87	15.64
0	552	21.85	18.7
0	553	21.85	0.0
0	554	21.83	15.84
0	555	21.82	16.4
0	556	21.79	0.0
0	557	21.72	16.63
0	558	21.72	18.48
0	559	21.72	19.3
0	560	21.68	4.45
0	561	21.63	20.67
0	562	21.62	12.15
0	563	21.6	20.12
0	564	21.59	15.41
0	565	21.57	18.19
0	566	21.54	20.65
0	567	21.46	0.0
0	568	21.45	18.5
0	569	21.43	20.52
0	570	21.42	18.31
0	571	21.41	6.55
0	572	21.37	19.75
0	573	21.34	17.11
0	574	21.3	19.53
0	575	21.25	19.42
0	576	21.23	6.29
0	577	21.23	0.0
0	578	21.22	19.56
0	579	21.17	15.54
0	580	21.17	8.54
0	581	21.08	20.31
0	582	21.01	20.39
0	583	20.98	4.66
0	584	20.96	6.5
0	585	20.95	7.28
0	586	20.86	18.43
0	587	20.85	4.06
0	588	20.8	19.74
0	589	20.79	19.64
0	590	20.75	0.0
0	591	20.74	0.43
0	592	20.71	19.1
0	593	20.71	19.17
0	594	20.69	16.49
0	595	20.69	17.58
0	596	20.68	7.48
0	597	20.68	11.93
0	598	20.58	0.6
0	599	20.51	16.03
0	600	20.5	19.05
0	601	20.46	10.61
0	602	20.41	13.33
0	603	20.36	17.18
0	604	20.34	8.7
0	605	20.32	18.46
0	606	20.3	3.53
0	607	20.26	18.43
0	608	20.25	15.98
0	609	20.17	5.54
0	610	20.16	1.51
0	611	20.15	15.52
0	612	20.12	14.44
0	613	20.11	0.0
0	614	20.04	12.16
0	615	20.02	13.87
0	616	20.0	6.22
0	617	19.99	0.0
0	618	19.98	18.15
0	619	19.97	14.25
0	620	19.95	0.0
0	621	19.94	14.32
0	622	19.91	0.0
0	623	19.89	19.42
0	624	19.87	14.92
0	625	19.81	15.16
0	626	19.76	4.41
0	627	19.69	18.88
0	628	19.67	12.46
0	629	19.65	12.88
0	630	19.63	14.88
0	631	19.63	0.0
0	632	19.63	19.19
0	633	19.62	0.0
0	634	19.6	0.0
0	635	19.55	17.22
0	636	19.51	0.0
0	637	19.47	0.0
0	638	19.46	0.0
0	639	19.45	0.0
0	640	19.39	0.0
0	641	19.37	17.35
0	642	19.36	0.0
0	643	19.34	17.32
0	644	19.33	6.16
0	645	19.31	17.64
0	646	19.31	0.0
0	647	19.29	15.48
0	648	19.29	0.0
0	649	19.22	0.0
0	650	19.2	9.29
0	651	19.14	15.52
0	652	19.13	13.31
0	653	19.13	0.0
0	654	19.12	4.65
0	655	19.09	16.87
0	656	19.02	5.53
0	657	19.01	6.42
0	658	18.97	16.32
0	659	18.93	17.9
0	660	18.91	10.18
0	661	18.9	14.44
0	662	18.88	18.8
0	663	18.87	18.21
0	664	18.85	9.01
0	665	18.76	15.21
0	666	18.75	2.85
0	667	18.72	13.91
0	668	18.71	0.0
0	669	18.69	14.73
0	670	18.68	18.0
0	671	18.63	12.76
0	672	18.61	4.53
0	673	18.57	13.08
0	674	18.57	0.0
0	675	18.52	15.84
0	676	18.52	14.17
0	677	18.51	17.98
0	678	18.51	7.93
0	679	18.45	17.64
0	680	18.43	13.82
0	681	18.42	8.84
0	682	18.39	8.98
0	683	18.36	14.31
0	684	18.36	18.0
0	685	18.32	15.45
0	686	18.31	0.0
0	687	18.27	16.25
0	688	18.25	18.22
0	689	18.22	16.84
0	690	18.21	0.0
0	691	18.14	0.0
0	692	18.14	11.34
0	693	18.14	17.5
0	694	18.14	13.77
0	695	18.13	11.99
0	696	18.12	2.22
0	697	18.12	16.22
0	698	18.11	17.21
0	699	18.08	14.57
0	700	18.07	15.13
0	701	18.03	17.5
0	702	18.03	7.27
0	703	17.99	0.0
0	704	17.97	2.35
0	705	17.97	15.27
0	706	17.92	14.2
0	707	17.91	11.24
0	708	17.9	0.0
0	709	17.89	0.0
0	710	17.88	7.85
0	711	17.78	16.64
0	712	17.77	11.13
0	713	17.75	15.14
0	714	17.75	9.22
0	715	17.72	7.8
0	716	17.72	1.02
0	717	17.7	16.38
0	718	17.67	16.51
0	719	17.64	14.7
0	720	17.64	12.26
0	721	17.63	16.11
0	722	17.59	0.0
0	723	17.59	16.75
0	724	17.56	12.48
0	725	17.56	6.73
0	726	17.54	14.27
0	727	17.5	5.47
0	728	17.46	9.49
0	729	17.46	10.83
0	730	17.44	11.87
0	731	17.43	16.44
0	732	17.42	16.12
0	733	17.4	0.49
0	734	17.39	15.56
0	735	17.31	12.65
0	736	17.31	0.84
0	737	17.3	3.4
0	738	17.27	0.0
0	739	17.24	13.36
0	740	17.21	0.0
0	741	17.18	7.44
0	742	17.18	11.63
0	743	17.17	0.0
0	744	17.17	14.59
0	745	17.07	15.16
0	746	17.06	4.53
0	747	17.03	9.64
0	748	16.97	7.95
0	749	16.97	2.8
0	750	16.96	12.12
0	751	16.92	0.0
0	752	16.86	7.23
0	753	16.75	2.98
0	754	16.74	10.35
0	755	16.74	12.54
0	756	16.74	14.61
0	757	16.7	15.85
0	758	16.68	0.0
0	759	16.68	7.91
0	760	16.66	15.88
0	761	16.62	15.66
0	762	16.61	13.43
0	763	16.6	9.87
0	764	16.58	13.48
0	765	16.55	0.0
0	766	16.55	16.21
0	767	16.54	13.94
0	768	16.49	2.46
0	769	16.48	0.0
0	770	16.48	14.85
0	771	16.39	15.55
0	772	16.39	15.93
0	773	16.37	0.0
0	774	16.36	8.1
0	775	16.34	8.37
0	776	16.27	3.17
0	777	16.24	3.2
0	778	16.19	8.73
0	779	16.16	8.99
0	780	16.11	11.12
0	781	16.11	15.58
0	782	16.1	15.27
0	783	16.07	5.49
0	784	16.07	1.14
0	785	16.05	14.66
0	786	16.03	4.5
0	787	16.03	15.35
0	788	16.01	11.07
0	789	15.94	15.77
0	790	15.93	15.66
0	791	15.9	13.81
0	792	15.87	13.78
0	793	15.87	1.45
0	794	15.85	0.0
0	795	15.82	0.0
0	796	15.82	8.85
0	797	15.8	10.06
0	798	15.78	11.17
0	799	15.78	5.85
0	800	15.71	10.88
0	801	15.69	10.78
0	802	15.65	5.1
0	803	15.64	8.94
0	804	15.63	6.63
0	805	15.62	14.6
0	806	15.6	6.27
0	807	15.6	4.56
0	808	15.59	15.32
0	809	15.59	10.16
0	810	15.57	14.96
0	811	15.52	12.2
0	812	15.49	13.76
0	813	15.49	0.0
0	814	15.47	0.0
0	815	15.45	11.16
0	816	15.43	11.98
0	817	15.41	9.65
0	818	15.4	14.02
0	819	15.39	14.24
0	820	15.35	0.0
0	821	15.35	0.0
0	822	15.34	12.78
0	823	15.33	7.18
0	824	15.32	0.0
0	825	15.31	9.5
0	826	15.31	6.4
0	827	15.31	1.99
0	828	15.27	0.0
0	829	15.23	13.39
0	830	15.17	10.87
0	831	15.17	0.0
0	832	15.16	13.57
0	833	15.14	0.0
0	834	15.14	4.38
0	835	15.12	9.84
0	836	15.11	13.38
0	837	15.1	14.32
0	838	15.08	10.76
0	839	15.07	3.15
0	840	15.02	3.96
0	841	15.01	13.72
0	842	14.97	10.32
0	843	14.96	13.91
0	844	14.95	1.91
0	845	14.94	0.0
0	846	14.87	13.36
0	847	14.85	13.08
0	848	14.84	8.94
0	849	14.84	0.0
0	850	14.82	11.66
0	851	14.81	13.91
0	852	14.78	12.08
0	853	14.78	0.0
0	854	14.77	0.0
0	855	14.77	4.76
0	856	14.76	12.33
0	857	14.74	0.0
0	858	14.74	0.0
0	859	14.73	10.29
0	860	14.71	12.77
0	861	14.69	13.46
0	862	14.67	3.4
0	863	14.66	8.08
0	864	14.66	4.36
0	865	14.65	13.3
0	866	14.61	11.47
0	867	14.59	13.3
0	868	14.58	12.32
0	869	14.58	9.42
0	870	14.57	0.0
0	871	14.57	11.3
0	872	14.56	1.13
0	873	14.56	0.0
0	874	14.56	1.05
0	875	14.5	7.9
0	876	14.49	0.0
0	877	14.47	9.76
0	878	14.44	12.38
0	879	14.39	0.0
0	880	14.38	4.23
0	881	14.37	0.0
0	882	14.37	10.21
0	883	14.36	0.0
0	884	14.36	9.76
0	885	14.31	0.0
0	886	14.3	13.44
0	887	14.28	0.0
0	888	14.28	0.0
0	889	14.25	6.98
0	890	14.24	0.0
0	891	14.24	0.0
0	892	14.22	0.0
0	893	14.22	0.0
0	894	14.21	7.83
0	895	14.21	13.3
0	896	14.19	8.88
0	897	14.16	10.36
0	898	14.15	6.78
0	899	14.15	0.0
0	900	14.09	13.97
0	901	14.08	0.0
0	902	14.05	13.5
0	903	14.03	9.66
0	904	14.0	4.07
0	905	13.99	0.0
0	906	13.97	8.46
0	907	13.95	1.99
0	908	13.95	12.82
0	909	13.93	11.56
0	910	13.92	0.0
0	911	13.91	4.92
0	912	13.91	0.0
0	913	13.9	0.67
0	914	13.9	10.75
0	915	13.88	2.02
0	916	13.88	0.0
0	917	13.85	4.6
0	918	13.85	3.02
0	919	13.83	5.48
0	920	13.83	0.0
0	921	13.82	10.88
0	922	13.81	7.18
0	923	13.81	7.35
0	924	13.8	9.41
0	925	13.79	0.0
0	926	13.78	12.75
0	927	13.76	10.09
0	928	13.71	0.0
0	929	13.7	1.96
0	930	13.65	3.39
0	931	13.65	0.0
0	932	13.64	7.34
0	933	13.63	0.0
0	934	13.63	0.0
0	935	13.61	8.54
0	936	13.59	7.51
0	937	13.58	0.0
0	938	13.58	7.31
0	939	13.56	10.72
0	940	13.56	0.0
0	941	13.53	3.7
0	942	13.52	12.05
0	943	13.5	0.0
0	944	13.5	13.3
0	945	13.46	11.16
0	946	13.43	12.66
0	947	13.42	10.2
0	948	13.4	7.23
0	949	13.39	0.0
0	950	13.39	8.3
0	951	13.38	2.99
0	952	13.37	8.2
0	953	13.36	0.0
0	954	13.33	8.45
0	955	13.28	10.43
0	956	13.28	1.89
0	957	13.27	0.0
0	958	13.25	0.0
0	959	13.22	10.75
0	960	13.2	8.76
0	961	13.19	9.64
0	962	13.18	2.83
0	963	13.17	0.0
0	964	13.17	7.09
0	965	13.17	0.0
0	966	13.15	0.0
0	967	13.15	5.61
0	968	13.14	0.0
0	969	13.12	3.2
0	970	13.07	8.09
0	971	13.04	0.0
0	972	13.03	8.31
0	973	13.03	0.0
0	974	13.03	12.93
0	975	13.02	2.82
0	976	13.02	12.81
0	977	13.01	0.0
0	978	13.0	12.21
0	979	12.97	9.54
0	980	12.95	3.7
0	981	12.92	10.11
0	982	12.89	0.0
0	983	12.86	6.18
0	984	12.86	0.0
0	985	12.85	10.88
0	986	12.83	12.63
0	987	12.77	0.0
0	988	12.77	11.22
0	989	12.77	10.77
0	990	12.75	9.48
0	991	12.74	2.29
0	992	12.74	2.13
0	993	12.72	7.16
0	994	12.71	0.0
0	995	12.7	11.8
0	996	12.67	0.0
0	997	12.67	5.96
0	998	12.66	11.67
0	999	12.65	4.35
0	1000	12.64	8.96
0	1001	12.61	1.32
0	1002	12.6	10.14
0	1003	12.59	0.0
0	1004	12.58	4.41
0	1005	12.58	1.2
0	1006	12.57	7.14
0	1007	12.56	0.0
0	1008	12.54	6.81
0	1009	12.53	0.0
0	1010	12.53	0.0
0	1011	12.53	0.0
0	1012	12.51	7.22
0	1013	12.5	12.15
0	1014	12.47	0.0
0	1015	12.47	7.52
0	1016	12.47	3.08
0	1017	12.44	10.34
0	1018	12.42	0.0
0	1019	12.4	7.66
0	1020	12.38	8.48
0	1021	12.36	0.0
0	1022	12.36	7.58
0	1023	12.36	0.0
0	1024	12.36	11.37
0	1025	12.36	0.59
0	1026	12.36	7.97
0	1027	12.35	3.34
0	1028	12.35	10.24
0	1029	12.28	0.0
0	1030	12.28	9.75
0	1031	12.27	3.52
0	1032	12.25	8.6
0	1033	12.23	0.79
0	1034	12.23	11.44
0	1035	12.22	11.0
0	1036	12.21	7.92
0	1037	12.21	0.0
0	1038	12.21	12.0
0	1039	12.2	4.14
0	1040	12.18	9.85
0	1041	12.17	6.14
0	1042	12.17	7.2
0	1043	12.16	0.0
0	1044	12.15	5.98
0	1045	12.14	11.43
0	1046	12.12	11.11
0	1047	12.1	2.46
0	1048	12.08	11.63
0	1049	12.07	6.82
0	1050	12.07	6.72
0	1051	12.03	8.65
0	1052	12.03	0.0
0	1053	12.0	0.0
0	1054	11.98	7.7
0	1055	11.96	10.31
0	1056	11.96	0.0
0	1057	11.93	10.97
0	1058	11.92	3.03
0	1059	11.91	10.6
0	1060	11.91	9.37
0	1061	11.88	2.96
0	1062	11.85	0.0
0	1063	11.85	0.0
0	1064	11.82	11.69
0	1065	11.79	3.25
0	1066	11.78	0.81
0	1067	11.73	0.0
0	1068	11.73	11.62
0	1069	11.72	5.32
0	1070	11.71	6.52
0	1071	11.68	0.0
0	1072	11.68	10.32
0	1073	11.68	0.0
0	1074	11.6	8.56
0	1075	11.59	10.2
0	1076	11.54	0.0
0	1077	11.54	3.99
0	1078	11.53	0.0
0	1079	11.5	6.26
0	1080	11.49	0.0
0	1081	11.48	0.0
0	1082	11.48	8.06
0	1083	11.47	6.83
0	1084	11.46	9.84
0	1085	11.44	9.5
0	1086	11.43	0.0
0	1087	11.4	6.94
0	1088	11.39	8.41
0	1089	11.38	0.0
0	1090	11.37	10.36
0	1091	11.35	11.06
0	1092	11.33	0.0
0	1093	11.33	5.42
0	1094	11.31	0.0
0	1095	11.31	5.33
0	1096	11.29	4.23
0	1097	11.28	10.69
0	1098	11.27	9.87
0	1099	11.27	8.13
0	1100	11.25	0.0
0	1101	11.25	6.97
0	1102	11.23	6.06
0	1103	11.23	0.0
0	1104	11.23	0.0
0	1105	11.22	2.13
0	1106	11.2	2.36
0	1107	11.2	0.27
0	1108	11.19	6.06
0	1109	11.18	0.0
0	1110	11.13	4.86
0	1111	11.12	6.75
0	1112	11.12	4.36
0	1113	11.12	0.0
0	1114	11.1	0.0
0	1115	11.1	11.03
0	1116	11.08	2.92
0	1117	11.07	10.91
0	1118	11.06	10.94
0	1119	11.06	0.0
0	1120	11.05	4.45
0	1121	11.05	10.47
0	1122	11.01	0.0
0	1123	10.99	3.09
0	1124	10.99	1.1
0	1125	10.98	0.0
0	1126	10.97	0.0
0	1127	10.97	0.0
0	1128	10.95	7.59
0	1129	10.94	2.84
0	1130	10.94	8.44
0	1131	10.91	0.0
0	1132	10.9	0.0
0	1133	10.88	7.06
0	1134	10.87	5.25
0	1135	10.85	3.74
0	1136	10.83	0.0
0	1137	10.82	8.02
0	1138	10.81	2.62
0	1139	10.81	6.42
0	1140	10.8	8.93
0	1141	10.78	0.36
0	1142	10.75	0.0
0	1143	10.74	0.0
0	1144	10.74	2.92
0	1145	10.72	0.0
0	1146	10.72	0.08
0	1147	10.7	0.0
0	1148	10.68	8.45
0	1149	10.67	7.61
0	1150	10.66	0.0
0	1151	10.64	9.78
0	1152	10.64	9.25
0	1153	10.63	0.0
0	1154	10.62	0.0
0	1155	10.62	0.0
0	1156	10.6	3.68
0	1157	10.6	0.0
0	1158	10.57	6.98
0	1159	10.54	0.0
0	1160	10.54	1.07
0	1161	10.53	0.55
0	1162	10.53	8.34
0	1163	10.52	8.48
0	1164	10.51	0.0
0	1165	10.51	0.0
0	1166	10.51	0.0
0	1167	10.5	0.0
0	1168	10.49	3.54
0	1169	10.49	0.0
0	1170	10.48	0.0
0	1171	10.46	7.67
0	1172	10.45	5.98
0	1173	10.45	5.63
0	1174	10.45	2.4
0	1175	10.43	0.0
0	1176	10.43	5.17
0	1177	10.43	8.9
0	1178	10.42	6.2
0	1179	10.41	2.7
0	1180	10.4	4.81
0	1181	10.4	6.6
0	1182	10.4	0.0
0	1183	10.38	0.0
0	1184	10.38	0.0
0	1185	10.37	0.0
0	1186	10.36	0.0
0	1187	10.35	10.17
0	1188	10.33	5.66
0	1189	10.33	0.0
0	1190	10.33	0.0
0	1191	10.33	0.0
0	1192	10.26	0.0
0	1193	10.24	3.56
0	1194	10.22	5.98
0	1195	10.22	9.01
0	1196	10.21	0.96
0	1197	10.21	6.16
0	1198	10.21	5.63
0	1199	10.2	0.0
0	1200	10.19	9.65
0	1201	10.18	6.17
0	1202	10.17	8.76
0	1203	10.17	0.0
0	1204	10.17	2.66
0	1205	10.15	9.89
0	1206	10.14	3.19
0	1207	10.14	0.21
0	1208	10.13	3.36
0	1209	10.11	0.0
0	1210	10.09	0.0
0	1211	10.08	2.93
0	1212	10.08	0.0
0	1213	10.03	5.63
0	1214	10.03	6.64
0	1215	10.03	1.58
0	1216	10.01	0.0
0	1217	10.01	0.0
0	1218	10.0	0.0
0	1219	9.96	6.16
0	1220	9.94	0.0
0	1221	9.93	0.0
0	1222	9.92	8.59
0	1223	9.91	5.56
0	1224	9.89	8.33
0	1225	9.87	0.0
0	1226	9.87	0.0
0	1227	9.86	0.0
0	1228	9.85	5.89
0	1229	9.84	5.04
0	1230	9.83	0.0
0	1231	9.83	0.0
0	1232	9.83	5.39
0	1233	9.82	7.3
0	1234	9.82	5.27
0	1235	9.81	9.18
0	1236	9.78	0.0
0	1237	9.77	9.33
0	1238	9.75	0.0
0	1239	9.73	0.0
0	1240	9.73	0.0
0	1241	9.71	6.12
0	1242	9.7	0.0
0	1243	9.67	0.0
0	1244	9.67	7.36
0	1245	9.65	4.46
0	1246	9.62	0.0
0	1247	9.62	0.0
0	1248	9.61	2.16
0	1249	9.6	0.0
0	1250	9.59	0.92
0	1251	9.59	9.17
0	1252	9.59	0.0
0	1253	9.58	8.55
0	1254	9.58	8.23
0	1255	9.55	0.0
0	1256	9.53	4.4
0	1257	9.52	5.94
0	1258	9.51	0.05
0	1259	9.51	9.14
0	1260	9.49	0.0
0	1261	9.48	4.5
0	1262	9.46	0.0
0	1263	9.43	3.67
0	1264	9.42	0.0
0	1265	9.41	7.94
0	1266	9.41	0.0
0	1267	9.4	0.0
0	1268	9.39	6.72
0	1269	9.38	6.0
0	1270	9.38	2.87
0	1271	9.37	0.0
0	1272	9.35	7.18
0	1273	9.3	0.0
0	1274	9.29	0.0
0	1275	9.26	0.0
0	1276	9.24	0.0
0	1277	9.22	5.49
0	1278	9.22	0.0
0	1279	9.21	7.16
0	1280	9.2	0.0
0	1281	9.2	4.56
0	1282	9.2	5.94
0	1283	9.19	7.36
0	1284	9.16	0.0
0	1285	9.16	6.24
0	1286	9.14	0.0
0	1287	9.14	7.78
0	1288	9.13	7.7
0	1289	9.13	4.04
0	1290	9.12	6.75
0	1291	9.09	6.64
0	1292	9.09	0.0
0	1293	9.09	0.0
0	1294	9.08	7.74
0	1295	9.07	0.0
0	1296	9.06	0.0
0	1297	9.05	4.95
0	1298	9.04	7.75
0	1299	9.03	5.59
0	1300	9.03	0.0
0	1301	9.03	8.8
0	1302	9.02	0.0
0	1303	9.01	1.65
0	1304	9.01	0.0
0	1305	9.0	1.94
0	1306	9.0	8.6
0	1307	8.93	0.0
0	1308	8.92	0.0
0	1309	8.92	5.38
0	1310	8.9	0.0
0	1311	8.89	3.59
0	1312	8.89	2.4
0	1313	8.88	0.0
0	1314	8.86	0.0
0	1315	8.85	4.88
0	1316	8.85	8.42
0	1317	8.85	5.6
0	1318	8.81	0.0
0	1319	8.8	0.0
0	1320	8.8	0.0
0	1321	8.78	0.0
0	1322	8.77	5.33
0	1323	8.77	4.31
0	1324	8.74	0.0
0	1325	8.74	8.29
0	1326	8.74	0.0
0	1327	8.73	0.0
0	1328	8.73	8.24
0	1329	8.73	0.0
0	1330	8.71	7.57
0	1331	8.7	5.93
0	1332	8.68	3.98
0	1333	8.66	6.46
0	1334	8.64	1.93
0	1335	8.63	2.71
0	1336	8.62	2.37
0	1337	8.62	8.44
0	1338	8.61	5.41
0	1339	8.6	0.0
0	1340	8.6	0.0
0	1341	8.58	5.26
0	1342	8.56	0.16
0	1343	8.55	5.27
0	1344	8.54	0.0
0	1345	8.54	6.11
0	1346	8.54	0.0
0	1347	8.51	7.11
0	1348	8.5	4.32
0	1349	8.49	0.0
0	1350	8.48	0.0
0	1351	8.48	8.24
0	1352	8.47	0.0
0	1353	8.46	8.12
0	1354	8.46	3.75
0	1355	8.45	2.23
0	1356	8.44	7.13
0	1357	8.44	2.61
0	1358	8.44	0.0
0	1359	8.44	8.4
0	1360	8.41	7.49
0	1361	8.41	0.0
0	1362	8.4	2.3
0	1363	8.39	0.0
0	1364	8.39	4.13
0	1365	8.37	0.0
0	1366	8.35	4.25
0	1367	8.33	0.0
0	1368	8.32	3.35
0	1369	8.32	5.98
0	1370	8.3	0.0
0	1371	8.29	0.0
0	1372	8.27	0.0
0	1373	8.27	0.0
0	1374	8.27	5.74
0	1375	8.25	7.49
0	1376	8.25	0.0
0	1377	8.25	7.86
0	1378	8.24	0.0
0	1379	8.24	5.92
0	1380	8.23	0.0
0	1381	8.23	1.78
0	1382	8.23	0.0
0	1383	8.16	0.0
0	1384	8.13	0.0
0	1385	8.12	6.11
0	1386	8.12	1.7
0	1387	8.12	0.0
0	1388	8.09	6.55
0	1389	8.08	0.0
0	1390	8.08	2.42
0	1391	8.07	0.0
0	1392	8.06	0.0
0	1393	8.04	0.0
0	1394	8.04	3.07
0	1395	8.01	0.88
0	1396	8.0	5.91
0	1397	7.98	0.0
0	1398	7.97	6.19
0	1399	7.97	0.0
0	1400	7.97	4.45
0	1401	7.95	0.0
0	1402	7.95	0.0
0	1403	7.94	0.0
0	1404	7.94	1.56
0	1405	7.94	6.73
0	1406	7.94	4.35
0	1407	7.92	4.62
0	1408	7.9	7.57
0	1409	7.9	0.0
0	1410	7.9	0.0
0	1411	7.87	0.0
0	1412	7.86	2.86
0	1413	7.86	6.11
0	1414	7.85	0.0
0	1415	7.82	2.27
0	1416	7.81	3.66
0	1417	7.81	0.0
0	1418	7.8	5.95
0	1419	7.8	0.45
0	1420	7.8	7.72
0	1421	7.78	0.0
0	1422	7.76	0.0
0	1423	7.75	3.83
0	1424	7.75	5.45
0	1425	7.74	6.53
0	1426	7.74	1.12
0	1427	7.73	4.84
0	1428	7.73	0.0
0	1429	7.73	3.51
0	1430	7.73	2.25
0	1431	7.73	2.65
0	1432	7.72	0.0
0	1433	7.71	0.0
0	1434	7.7	7.12
0	1435	7.7	0.0
0	1436	7.68	0.0
0	1437	7.68	6.23
0	1438	7.68	0.03
0	1439	7.67	1.65
0	1440	7.67	7.27
0	1441	7.65	2.92
0	1442	7.63	0.0
0	1443	7.59	0.0
0	1444	7.58	6.29
0	1445	7.58	1.16
0	1446	7.58	0.0
0	1447	7.57	4.89
0	1448	7.55	0.0
0	1449	7.55	0.0
0	1450	7.55	6.37
0	1451	7.55	4.89
0	1452	7.54	0.0
0	1453	7.54	0.3
0	1454	7.54	0.0
0	1455	7.54	5.09
0	1456	7.5	7.2
0	1457	7.48	0.0
0	1458	7.47	6.75
0	1459	7.47	0.0
0	1460	7.46	7.34
0	1461	7.46	2.33
0	1462	7.45	0.0
0	1463	7.43	1.16
0	1464	7.42	0.0
0	1465	7.42	0.0
0	1466	7.41	0.45
0	1467	7.41	0.0
0	1468	7.41	6.56
0	1469	7.39	0.0
0	1470	7.39	0.0
0	1471	7.39	0.0
0	1472	7.37	4.19
0	1473	7.37	0.0
0	1474	7.36	0.0
0	1475	7.36	7.13
0	1476	7.34	0.0
0	1477	7.32	0.0
0	1478	7.32	1.38
0	1479	7.32	2.89
0	1480	7.3	6.04
0	1481	7.29	0.22
0	1482	7.28	3.58
0	1483	7.27	5.73
0	1484	7.26	0.0
0	1485	7.26	2.56
0	1486	7.26	0.04
0	1487	7.25	0.02
0	1488	7.25	1.98
0	1489	7.23	6.8
0	1490	7.23	4.7
0	1491	7.23	0.0
0	1492	7.22	0.0
0	1493	7.21	6.93
0	1494	7.2	0.0
0	1495	7.2	0.95
0	1496	7.19	6.34
0	1497	7.18	0.0
0	1498	7.16	1.79
0	1499	7.16	0.0
0	1500	7.15	3.88
0	1501	7.15	3.03
0	1502	7.14	0.0
0	1503	7.11	4.17
0	1504	7.1	5.06
0	1505	7.1	3.87
0	1506	7.1	0.0
0	1507	7.1	0.0
0	1508	7.08	0.0
0	1509	7.07	0.0
0	1510	7.07	0.0
0	1511	7.06	0.72
0	1512	7.06	0.0
0	1513	7.05	6.88
0	1514	7.04	0.0
0	1515	7.03	2.05
0	1516	7.03	0.23
0	1517	7.02	5.53
0	1518	7.0	5.91
0	1519	7.0	4.38
0	1520	6.98	0.0
0	1521	6.97	0.0
0	1522	6.97	0.0
0	1523	6.96	4.78
0	1524	6.95	2.38
0	1525	6.92	0.0
0	1526	6.9	3.95
0	1527	6.87	6.77
0	1528	6.86	0.0
0	1529	6.86	2.25
0	1530	6.85	1.17
0	1531	6.85	5.36
0	1532	6.85	0.0
0	1533	6.84	0.0
0	1534	6.83	0.09
0	1535	6.82	4.64
0	1536	6.81	0.0
0	1537	6.81	6.22
0	1538	6.77	3.14
0	1539	6.76	0.0
0	1540	6.75	0.0
0	1541	6.74	0.0
0	1542	6.73	4.58
0	1543	6.72	0.0
0	1544	6.71	3.45
0	1545	6.71	0.0
0	1546	6.69	0.43
0	1547	6.68	4.29
0	1548	6.67	0.0
0	1549	6.67	5.07
0	1550	6.67	6.3
0	1551	6.67	0.48
0	1552	6.66	0.0
0	1553	6.66	0.28
0	1554	6.65	6.48
0	1555	6.64	5.11
0	1556	6.63	0.0
0	1557	6.62	0.0
0	1558	6.62	0.0
0	1559	6.61	0.0
0	1560	6.6	0.0
0	1561	6.59	0.0
0	1562	6.56	2.17
0	1563	6.56	2.65
0	1564	6.56	0.0
0	1565	6.55	6.16
0	1566	6.55	0.0
0	1567	6.53	0.0
0	1568	6.53	2.44
0	1569	6.52	3.7
0	1570	6.49	5.39
0	1571	6.48	0.0
0	1572	6.47	0.0
0	1573	6.47	0.0
0	1574	6.47	0.0
0	1575	6.46	0.0
0	1576	6.44	3.77
0	1577	6.44	0.0
0	1578	6.44	5.82
0	1579	6.43	4.15
0	1580	6.41	0.0
0	1581	6.41	0.89
0	1582	6.39	0.0
0	1583	6.38	0.0
0	1584	6.37	2.35
0	1585	6.37	5.91
0	1586	6.37	0.0
0	1587	6.37	0.0
0	1588	6.36	2.4
0	1589	6.36	0.0
0	1590	6.36	5.62
0	1591	6.35	0.0
0	1592	6.34	3.02
0	1593	6.34	0.0
0	1594	6.34	0.0
0	1595	6.33	4.24
0	1596	6.33	0.0
0	1597	6.31	5.2
0	1598	6.31	3.32
0	1599	6.31	3.21
0	1600	6.29	6.11
0	1601	6.28	4.57
0	1602	6.28	2.47
0	1603	6.27	1.57
0	1604	6.26	0.0
0	1605	6.26	0.0
0	1606	6.25	0.0
0	1607	6.25	5.52
0	1608	6.25	0.0
0	1609	6.24	3.68
0	1610	6.23	4.93
0	1611	6.23	4.94
0	1612	6.22	0.0
0	1613	6.21	0.0
0	1614	6.21	1.38
0	1615	6.2	0.0
0	1616	6.17	5.12
0	1617	6.17	0.0
0	1618	6.17	0.0
0	1619	6.16	0.0
0	1620	6.15	0.0
0	1621	6.14	0.0
0	1622	6.13	4.02
0	1623	6.13	1.59
0	1624	6.13	1.92
0	1625	6.11	0.0
0	1626	6.1	1.27
0	1627	6.1	3.96
0	1628	6.09	3.31
0	1629	6.09	5.99
0	1630	6.07	4.19
0	1631	6.07	4.93
0	1632	6.06	0.0
0	1633	6.06	0.0
0	1634	6.06	2.2
0	1635	6.05	3.32
0	1636	6.05	0.0
0	1637	6.04	3.55
0	1638	6.04	0.0
0	1639	6.03	0.0
0	1640	6.03	0.0
0	1641	6.03	0.0
0	1642	6.03	3.88
0	1643	6.02	0.0
0	1644	6.01	0.0
0	1645	6.01	4.68
0	1646	5.99	0.0
0	1647	5.98	0.0
0	1648	5.97	0.0
0	1649	5.97	2.08
0	1650	5.97	0.0
0	1651	5.96	0.0
0	1652	5.96	0.0
0	1653	5.96	4.68
0	1654	5.96	0.0
0	1655	5.95	0.0
0	1656	5.95	0.0
0	1657	5.92	0.0
0	1658	5.9	0.0
0	1659	5.9	0.0
0	1660	5.89	5.03
0	1661	5.88	0.0
0	1662	5.87	2.51
0	1663	5.87	3.56
0	1664	5.87	4.99
0	1665	5.86	0.0
0	1666	5.86	0.0
0	1667	5.86	0.0
0	1668	5.84	0.0
0	1669	5.84	4.19
0	1670	5.84	5.52
0	1671	5.82	0.0
0	1672	5.82	5.49
0	1673	5.8	0.0
0	1674	5.77	4.16
0	1675	5.77	0.0
0	1676	5.75	0.0
0	1677	5.74	0.0
0	1678	5.73	0.0
0	1679	5.73	0.0
0	1680	5.7	3.07
0	1681	5.7	0.0
0	1682	5.7	4.36
0	1683	5.68	0.0
0	1684	5.68	0.0
0	1685	5.67	0.0
0	1686	5.65	5.19
0	1687	5.64	0.98
0	1688	5.63	0.0
0	1689	5.61	0.23
0	1690	5.61	1.48
0	1691	5.6	0.22
0	1692	5.59	0.0
0	1693	5.59	0.0
0	1694	5.58	2.61
0	1695	5.58	0.0
0	1696	5.58	0.0
0	1697	5.57	4.72
0	1698	5.56	5.28
0	1699	5.55	3.5
0	1700	5.55	0.0
0	1701	5.54	0.0
0	1702	5.52	0.0
0	1703	5.52	0.0
0	1704	5.5	0.0
0	1705	5.5	0.0
0	1706	5.49	3.75
0	1707	5.48	3.5
0	1708	5.48	0.0
0	1709	5.48	3.08
0	1710	5.47	0.94
0	1711	5.45	0.0
0	1712	5.45	2.54
0	1713	5.44	4.86
0	1714	5.44	4.18
0	1715	5.43	0.0
0	1716	5.43	0.0
0	1717	5.43	2.3
0	1718	5.42	0.0
0	1719	5.4	1.58
0	1720	5.4	5.05
0	1721	5.4	0.0
0	1722	5.4	0.0
0	1723	5.39	1.24
0	1724	5.38	4.66
0	1725	5.38	0.0
0	1726	5.36	0.0
0	1727	5.35	0.0
0	1728	5.33	0.0
0	1729	5.32	0.0
0	1730	5.31	0.0
0	1731	5.31	2.57
0	1732	5.3	5.1
0	1733	5.3	0.0
0	1734	5.3	4.29
0	1735	5.28	0.0
0	1736	5.28	0.0
0	1737	5.28	0.0
0	1738	5.27	0.15
0	1739	5.27	0.0
0	1740	5.24	3.87
0	1741	5.24	0.0
0	1742	5.23	4.13
0	1743	5.23	0.0
0	1744	5.23	0.0
0	1745	5.22	4.5
0	1746	5.21	0.0
0	1747	5.2	0.0
0	1748	5.2	2.97
0	1749	5.17	3.44
0	1750	5.17	0.0
0	1751	5.17	4.31
0	1752	5.16	0.0
0	1753	5.15	0.0
0	1754	5.15	0.0
0	1755	5.15	4.27
0	1756	5.14	0.0
0	1757	5.14	0.45
0	1758	5.11	0.0
0	1759	5.1	0.0
0	1760	5.09	2.79
0	1761	5.09	2.23
0	1762	5.07	0.0
0	1763	5.05	0.0
0	1764	5.04	3.77
0	1765	5.03	3.34
0	1766	5.03	0.0
0	1767	5.03	0.0
0	1768	5.02	0.0
0	1769	4.99	0.0
0	1770	4.97	0.0
0	1771	4.96	0.62
0	1772	4.94	3.04
0	1773	4.94	0.0
0	1774	4.93	0.0
0	1775	4.89	3.53
0	1776	4.86	1.67
0	1777	4.83	0.0
0	1778	4.82	0.0
0	1779	4.81	0.0
0	1780	4.81	0.0
0	1781	4.8	0.39
0	1782	4.8	0.0
0	1783	4.79	0.0
0	1784	4.78	4.63
0	1785	4.78	4.16
0	1786	4.77	0.0
0	1787	4.77	3.07
0	1788	4.77	0.0
0	1789	4.76	0.0
0	1790	4.75	0.0
0	1791	4.75	4.71
0	1792	4.75	0.0
0	1793	4.75	0.0
0	1794	4.73	1.02
0	1795	4.73	2.38
0	1796	4.72	0.0
0	1797	4.7	2.46
0	1798	4.69	0.0
0	1799	4.69	0.0
0	1800	4.68	1.86
0	1801	4.67	0.0
0	1802	4.67	1.95
0	1803	4.66	4.14
0	1804	4.64	1.83
0	1805	4.64	0.0
0	1806	4.63	3.93
0	1807	4.62	0.0
0	1808	4.58	0.0
0	1809	4.56	3.76
0	1810	4.56	2.37
0	1811	4.56	0.0
0	1812	4.56	0.0
0	1813	4.56	0.34
0	1814	4.54	0.0
0	1815	4.53	4.08
0	1816	4.53	3.36
0	1817	4.51	0.0
0	1818	4.51	3.36
0	1819	4.49	0.0
0	1820	4.49	0.0
0	1821	4.49	0.53
0	1822	4.49	0.0
0	1823	4.48	0.0
0	1824	4.48	0.0
0	1825	4.48	0.0
0	1826	4.47	0.0
0	1827	4.46	0.0
0	1828	4.45	0.0
0	1829	4.45	0.0
0	1830	4.45	0.0
0	1831	4.44	3.98
0	1832	4.44	0.0
0	1833	4.43	0.0
0	1834	4.42	3.78
0	1835	4.42	0.0
0	1836	4.42	0.0
0	1837	4.41	0.0
0	1838	4.4	0.0
0	1839	4.4	0.11
0	1840	4.39	0.0
0	1841	4.38	0.0
0	1842	4.38	0.0
0	1843	4.38	0.0
0	1844	4.36	0.0
0	1845	4.35	2.95
0	1846	4.35	0.0
0	1847	4.34	0.7
0	1848	4.3	0.0
0	1849	4.3	0.0
0	1850	4.3	3.92
0	1851	4.3	0.95
0	1852	4.29	3.97
0	1853	4.29	0.0
0	1854	4.29	2.73
0	1855	4.29	0.0
0	1856	4.28	0.0
0	1857	4.28	1.82
0	1858	4.24	0.0
0	1859	4.24	2.27
0	1860	4.23	0.0
0	1861	4.23	0.0
0	1862	4.21	0.0
0	1863	4.21	0.0
0	1864	4.2	3.62
0	1865	4.2	0.0
0	1866	4.19	0.0
0	1867	4.19	0.0
0	1868	4.18	0.0
0	1869	4.17	0.0
0	1870	4.16	1.71
0	1871	4.16	0.0
0	1872	4.13	2.63
0	1873	4.13	0.0
0	1874	4.13	0.0
0	1875	4.13	0.0
0	1876	4.13	0.0
0	1877	4.13	0.0
0	1878	4.12	0.0
0	1879	4.12	0.0
0	1880	4.12	0.0
0	1881	4.11	0.0
0	1882	4.11	0.0
0	1883	4.11	1.05
0	1884	4.09	0.0
0	1885	4.09	1.15
0	1886	4.09	0.0
0	1887	4.06	0.0
0	1888	4.04	0.0
0	1889	4.04	0.0
0	1890	4.04	3.14
0	1891	4.03	0.0
0	1892	4.03	0.0
0	1893	4.01	0.0
0	1894	4.0	2.19
0	1895	4.0	0.0
0	1896	3.99	0.0
0	1897	3.99	0.0
0	1898	3.99	1.63
0	1899	3.98	1.5
0	1900	3.97	0.0
0	1901	3.96	0.0
0	1902	3.96	0.0
0	1903	3.96	0.0
0	1904	3.95	0.0
0	1905	3.93	0.0
0	1906	3.93	0.0
0	1907	3.92	0.0
0	1908	3.92	0.0
0	1909	3.91	0.0
0	1910	3.9	0.0
0	1911	3.9	0.0
0	1912	3.89	0.0
0	1913	3.89	0.0
0	1914	3.89	0.0
0	1915	3.88	0.0
0	1916	3.87	0.9
0	1917	3.87	0.0
0	1918	3.87	3.43
0	1919	3.86	0.0
0	1920	3.85	2.25
0	1921	3.84	2.96
0	1922	3.83	0.0
0	1923	3.82	0.0
0	1924	3.82	2.63
0	1925	3.77	1.81
0	1926	3.76	0.0
0	1927	3.75	0.0
0	1928	3.74	3.63
0	1929	3.73	0.0
0	1930	3.72	0.0
0	1931	3.72	1.5
0	1932	3.72	0.0
0	1933	3.72	0.0
0	1934	3.69	0.0
0	1935	3.69	0.0
0	1936	3.69	0.0
0	1937	3.67	1.39
0	1938	3.67	0.0
0	1939	3.66	2.33
0	1940	3.66	1.4
0	1941	3.66	1.49
0	1942	3.64	2.87
0	1943	3.63	1.78
0	1944	3.63	0.0
0	1945	3.62	0.0
0	1946	3.62	0.0
0	1947	3.61	0.0
0	1948	3.61	0.0
0	1949	3.61	0.0
0	1950	3.6	0.0
0	1951	3.59	0.0
0	1952	3.58	0.0
0	1953	3.58	1.25
0	1954	3.57	0.0
0	1955	3.55	3.09
0	1956	3.55	0.03
0	1957	3.53	2.8
0	1958	3.5	0.0
0	1959	3.49	0.0
0	1960	3.49	0.0
0	1961	3.48	0.0
0	1962	3.48	0.0
0	1963	3.47	0.0
0	1964	3.47	0.0
0	1965	3.46	2.87
0	1966	3.45	2.53
0	1967	3.45	0.0
0	1968	3.45	1.41
0	1969	3.44	0.0
0	1970	3.43	0.0
0	1971	3.42	0.0
0	1972	3.41	0.0
0	1973	3.38	0.0
0	1974	3.38	0.0
0	1975	3.38	0.0
0	1976	3.38	0.0
0	1977	3.37	0.0
0	1978	3.37	0.0
0	1979	3.36	0.0
0	1980	3.35	3.25
0	1981	3.35	0.0
0	1982	3.35	0.0
0	1983	3.34	0.0
0	1984	3.33	0.0
0	1985	3.32	2.46
0	1986	3.32	0.0
0	1987	3.31	1.7
0	1988	3.3	0.0
0	1989	3.3	0.0
0	1990	3.29	0.0
0	1991	3.27	2.09
0	1992	3.26	0.0
0	1993	3.26	0.0
0	1994	3.26	2.37
0	1995	3.26	0.0
0	1996	3.23	0.0
0	1997	3.23	0.0
0	1998	3.22	0.0
0	1999	3.2	0.0
0	2000	3.2	0.0
0	2001	3.2	0.0
0	2002	3.2	2.27
0	2003	3.19	2.06
0	2004	3.18	2.89
0	2005	3.15	0.0
0	2006	3.13	0.0
0	2007	3.13	0.0
0	2008	3.13	0.0
0	2009	3.13	2.92
0	2010	3.12	0.0
0	2011	3.11	0.43
0	2012	3.11	0.0
0	2013	3.1	0.0
0	2014	3.1	0.0
0	2015	3.08	0.45
0	2016	3.08	0.0
0	2017	3.07	0.0
0	2018	3.07	0.0
0	2019	3.07	0.0
0	2020	3.06	0.0
0	2021	3.05	0.9
0	2022	3.04	0.0
0	2023	3.02	2.03
0	2024	3.01	0.03
0	2025	3.01	0.0
0	2026	3.01	0.0
0	2027	3.0	0.0
0	2028	3.0	0.0
0	2029	3.0	2.85
0	2030	3.0	0.25
0	2031	2.97	0.0
0	2032	2.96	0.0
0	2033	2.95	0.0
0	2034	2.94	0.79
0	2035	2.94	2.22
0	2036	2.94	0.0
0	2037	2.94	0.0
0	2038	2.93	0.0
0	2039	2.93	1.94
0	2040	2.92	0.7
0	2041	2.9	0.0
0	2042	2.9	0.0
0	2043	2.89	2.09
0	2044	2.89	0.0
0	2045	2.89	0.0
0	2046	2.87	2.4
0	2047	2.87	0.0
0	2048	2.87	2.54
0	2049	2.86	0.0
0	2050	2.86	0.0
0	2051	2.86	0.0
0	2052	2.86	2.08
0	2053	2.86	0.0
0	2054	2.84	0.13
0	2055	2.84	0.0
0	2056	2.84	2.7
0	2057	2.84	0.0
0	2058	2.83	1.92
0	2059	2.83	0.0
0	2060	2.83	0.0
0	2061	2.82	0.0
0	2062	2.81	0.0
0	2063	2.8	0.0
0	2064	2.79	2.7
0	2065	2.79	0.0
0	2066	2.79	0.0
0	2067	2.79	0.0
0	2068	2.78	0.0
0	2069	2.78	0.0
0	2070	2.78	0.0
0	2071	2.77	0.0
0	2072	2.76	0.0
0	2073	2.76	0.0
0	2074	2.76	0.0
0	2075	2.76	0.0
0	2076	2.75	0.0
0	2077	2.75	2.35
0	2078	2.75	0.0
0	2079	2.72	0.0
0	2080	2.72	0.0
0	2081	2.71	0.0
0	2082	2.67	2.51
0	2083	2.67	0.62
0	2084	2.66	0.0
0	2085	2.66	0.0
0	2086	2.65	0.0
0	2087	2.64	0.0
0	2088	2.64	0.0
0	2089	2.64	1.91
0	2090	2.61	0.0
0	2091	2.61	0.0
0	2092	2.59	0.25
0	2093	2.59	0.0
0	2094	2.58	0.0
0	2095	2.58	2.02
0	2096	2.58	0.0
0	2097	2.58	0.0
0	2098	2.56	0.0
0	2099	2.56	0.0
0	2100	2.56	0.0
0	2101	2.55	0.0
0	2102	2.54	0.0
0	2103	2.53	0.0
0	2104	2.53	0.94
0	2105	2.52	0.0
0	2106	2.52	0.0
0	2107	2.51	0.0
0	2108	2.51	0.0
0	2109	2.51	0.0
0	2110	2.5	0.0
0	2111	2.5	0.0
0	2112	2.5	0.0
0	2113	2.5	0.23
0	2114	2.5	0.0
0	2115	2.49	0.81
0	2116	2.47	1.14
0	2117	2.45	1.76
0	2118	2.45	0.0
0	2119	2.44	0.0
0	2120	2.44	0.0
0	2121	2.44	0.0
0	2122	2.42	0.0
0	2123	2.41	0.0
0	2124	2.41	0.0
0	2125	2.4	1.48
0	2126	2.4	2.07
0	2127	2.4	0.59
0	2128	2.38	0.0
0	2129	2.37	0.0
0	2130	2.36	2.27
0	2131	2.36	0.0
0	2132	2.35	0.0
0	2133	2.34	0.0
0	2134	2.34	0.0
0	2135	2.34	0.0
0	2136	2.33	0.0
0	2137	2.33	0.0
0	2138	2.32	0.0
0	2139	2.32	0.24
0	2140	2.32	0.0
0	2141	2.31	0.0
0	2142	2.31	0.87
0	2143	2.31	0.29
0	2144	2.31	0.0
0	2145	2.3	0.0
0	2146	2.3	0.0
0	2147	2.3	0.0
0	2148	2.29	0.0
0	2149	2.28	0.0
0	2150	2.28	0.0
0	2151	2.27	0.0
0	2152	2.27	0.0
0	2153	2.26	0.0
0	2154	2.25	0.74
0	2155	2.25	0.0
0	2156	2.25	0.0
0	2157	2.24	0.0
0	2158	2.23	0.0
0	2159	2.23	1.97
0	2160	2.22	1.2
0	2161	2.22	0.0
0	2162	2.22	0.0
0	2163	2.21	0.0
0	2164	2.2	0.0
0	2165	2.2	0.0
0	2166	2.19	0.0
0	2167	2.18	0.0
0	2168	2.17	0.0
0	2169	2.15	2.12
0	2170	2.15	0.0
0	2171	2.15	0.05
0	2172	2.14	0.61
0	2173	2.13	0.0
0	2174	2.13	2.03
0	2175	2.13	0.0
0	2176	2.13	0.0
0	2177	2.13	0.0
0	2178	2.12	0.0
0	2179	2.11	0.0
0	2180	2.11	0.0
0	2181	2.1	0.0
0	2182	2.1	1.51
0	2183	2.1	2.08
0	2184	2.1	1.14
0	2185	2.08	0.0
0	2186	2.08	0.0
0	2187	2.08	0.0
0	2188	2.07	0.0
0	2189	2.06	1.86
0	2190	2.06	0.0
0	2191	2.05	0.0
0	2192	2.05	0.0
0	2193	2.04	0.0
0	2194	2.03	0.0
0	2195	2.03	1.81
0	2196	2.02	0.81
0	2197	2.02	0.0
0	2198	2.01	0.0
0	2199	2.0	0.42
0	2200	2.0	0.0
0	2201	1.98	0.0
0	2202	1.98	0.0
0	2203	1.96	0.0
0	2204	1.96	0.0
0	2205	1.94	0.0
0	2206	1.94	0.0
0	2207	1.93	0.0
0	2208	1.92	0.0
0	2209	1.91	0.0
0	2210	1.9	0.0
0	2211	1.89	0.0
0	2212	1.89	0.0
0	2213	1.89	0.0
0	2214	1.89	1.41
0	2215	1.89	0.0
0	2216	1.87	1.54
0	2217	1.87	0.0
0	2218	1.86	0.0
0	2219	1.86	0.0
0	2220	1.85	0.0
0	2221	1.84	1.11
0	2222	1.84	0.0
0	2223	1.84	0.0
0	2224	1.83	0.0
0	2225	1.83	0.0
0	2226	1.82	0.0
0	2227	1.82	0.0
0	2228	1.82	0.0
0	2229	1.81	0.0
0	2230	1.8	0.93
0	2231	1.8	0.0
0	2232	1.8	0.0
0	2233	1.8	0.0
0	2234	1.8	0.0
0	2235	1.78	0.0
0	2236	1.77	1.1
0	2237	1.77	0.0
0	2238	1.76	0.0
0	2239	1.75	0.0
0	2240	1.74	0.47
0	2241	1.74	0.0
0	2242	1.74	0.0
0	2243	1.73	0.0
0	2244	1.71	0.0
0	2245	1.71	0.0
0	2246	1.7	0.0
0	2247	1.69	1.21
0	2248	1.68	0.0
0	2249	1.68	0.0
0	2250	1.66	1.32
0	2251	1.65	0.0
0	2252	1.65	1.0
0	2253	1.65	0.0
0	2254	1.63	0.0
0	2255	1.63	0.0
0	2256	1.62	0.0
0	2257	1.62	0.03
0	2258	1.62	1.4
0	2259	1.61	0.0
0	2260	1.61	0.0
0	2261	1.58	0.0
0	2262	1.57	0.0
0	2263	1.56	0.0
0	2264	1.56	0.0
0	2265	1.56	0.0
0	2266	1.56	0.0
0	2267	1.55	0.0
0	2268	1.55	1.5
0	2269	1.54	0.0
0	2270	1.54	0.0
0	2271	1.52	0.0
0	2272	1.52	0.0
0	2273	1.52	0.0
0	2274	1.51	0.0
0	2275	1.51	0.0
0	2276	1.51	0.0
0	2277	1.5	0.0
0	2278	1.49	0.0
0	2279	1.48	0.0
0	2280	1.47	0.0
0	2281	1.47	0.78
0	2282	1.47	0.0
0	2283	1.46	0.0
0	2284	1.46	0.0
0	2285	1.46	0.0
0	2286	1.45	0.0
0	2287	1.44	0.0
0	2288	1.44	0.0
0	2289	1.44	0.0
0	2290	1.43	0.0
0	2291	1.43	0.0
0	2292	1.42	0.0
0	2293	1.42	0.0
0	2294	1.42	0.0
0	2295	1.42	0.0
0	2296	1.41	0.0
0	2297	1.41	0.0
0	2298	1.41	0.0
0	2299	1.41	0.0
0	2300	1.41	0.0
0	2301	1.4	0.0
0	2302	1.4	0.0
0	2303	1.39	0.0
0	2304	1.39	0.0
0	2305	1.39	0.0
0	2306	1.39	0.0
0	2307	1.38	1.27
0	2308	1.37	0.0
0	2309	1.36	0.0
0	2310	1.34	0.08
0	2311	1.34	0.0
0	2312	1.33	0.0
0	2313	1.32	0.0
0	2314	1.32	0.99
0	2315	1.32	0.0
0	2316	1.31	0.0
0	2317	1.29	0.0
0	2318	1.28	0.0
0	2319	1.28	0.0
0	2320	1.28	0.0
0	2321	1.28	0.0
0	2322	1.28	0.64
0	2323	1.24	0.25
0	2324	1.23	0.0
0	2325	1.23	0.0
0	2326	1.23	0.0
0	2327	1.22	0.0
0	2328	1.22	0.0
0	2329	1.21	0.0
0	2330	1.21	0.0
0	2331	1.21	0.0
0	2332	1.21	0.0
0	2333	1.21	0.0
0	2334	1.2	0.0
0	2335	1.2	0.0
0	2336	1.19	0.0
0	2337	1.19	0.0
0	2338	1.19	0.0
0	2339	1.18	0.0
0	2340	1.18	0.0
0	2341	1.18	0.0
0	2342	1.18	0.0
0	2343	1.17	0.0
0	2344	1.17	0.0
0	2345	1.16	0.0
0	2346	1.14	0.0
0	2347	1.14	0.0
0	2348	1.13	0.38
0	2349	1.11	0.0
0	2350	1.11	0.0
0	2351	1.1	0.0
0	2352	1.1	0.0
0	2353	1.09	0.0
0	2354	1.08	0.0
0	2355	1.08	0.0
0	2356	1.07	0.0
0	2357	1.07	0.0
0	2358	1.06	0.0
0	2359	1.06	0.0
0	2360	1.05	0.0
0	2361	1.04	0.0
0	2362	1.04	0.0
0	2363	1.04	0.08
0	2364	1.04	0.0
0	2365	1.04	0.25
0	2366	1.03	0.97
0	2367	1.03	0.0
0	2368	1.03	0.0
0	2369	1.03	0.0
0	2370	1.02	0.0
0	2371	1.02	0.0
0	2372	1.01	0.0
0	2373	1.0	0.0
0	2374	0.99	0.0
0	2375	0.98	0.0
0	2376	0.98	0.0
0	2377	0.98	0.0
0	2378	0.97	0.0
0	2379	0.97	0.0
0	2380	0.97	0.0
0	2381	0.96	0.0
0	2382	0.95	0.0
0	2383	0.93	0.0
0	2384	0.93	0.0
0	2385	0.93	0.0
0	2386	0.92	0.0
0	2387	0.92	0.0
0	2388	0.91	0.0
0	2389	0.9	0.0
0	2390	0.89	0.0
0	2391	0.89	0.0
0	2392	0.89	0.57
0	2393	0.89	0.0
0	2394	0.88	0.0
0	2395	0.88	0.0
0	2396	0.86	0.0
0	2397	0.85	0.0
0	2398	0.85	0.0
0	2399	0.85	0.0
0	2400	0.83	0.0
0	2401	0.83	0.52
0	2402	0.82	0.0
0	2403	0.79	0.0
0	2404	0.78	0.0
0	2405	0.78	0.2
0	2406	0.78	0.0
0	2407	0.78	0.0
0	2408	0.76	0.0
0	2409	0.76	0.0
0	2410	0.76	0.0
0	2411	0.76	0.0
0	2412	0.75	0.0
0	2413	0.75	0.0
0	2414	0.75	0.0
0	2415	0.75	0.0
0	2416	0.74	0.0
0	2417	0.74	0.0
0	2418	0.73	0.0
0	2419	0.73	0.0
0	2420	0.72	0.0
0	2421	0.72	0.0
0	2422	0.7	0.0
0	2423	0.7	0.0
0	2424	0.7	0.0
0	2425	0.7	0.0
0	2426	0.7	0.0
0	2427	0.69	0.0
0	2428	0.68	0.0
0	2429	0.68	0.0
0	2430	0.67	0.0
0	2431	0.66	0.0
0	2432	0.66	0.0
0	2433	0.66	0.0
0	2434	0.65	0.0
0	2435	0.65	0.0
0	2436	0.64	0.0
0	2437	0.64	0.0
0	2438	0.63	0.0
0	2439	0.62	0.0
0	2440	0.61	0.0
0	2441	0.61	0.31
0	2442	0.61	0.0
0	2443	0.6	0.0
0	2444	0.58	0.0
0	2445	0.58	0.0
0	2446	0.58	0.0
0	2447	0.57	0.0
0	2448	0.57	0.0
0	2449	0.57	0.0
0	2450	0.56	0.0
0	2451	0.56	0.0
0	2452	0.56	0.37
0	2453	0.54	0.0
0	2454	0.54	0.0
0	2455	0.53	0.0
0	2456	0.53	0.0
0	2457	0.52	0.37
0	2458	0.52	0.0
0	2459	0.52	0.0
0	2460	0.52	0.0
0	2461	0.52	0.0
0	2462	0.51	0.0
0	2463	0.49	0.0
0	2464	0.49	0.0
0	2465	0.48	0.0
0	2466	0.48	0.0
0	2467	0.48	0.0
0	2468	0.47	0.0
0	2469	0.47	0.0
0	2470	0.46	0.0
0	2471	0.45	0.0
0	2472	0.45	0.0
0	2473	0.44	0.0
0	2474	0.44	0.0
0	2475	0.43	0.0
0	2476	0.42	0.0
0	2477	0.38	0.0
0	2478	0.38	0.0
0	2479	0.37	0.0
0	2480	0.36	0.0
0	2481	0.34	0.0
0	2482	0.34	0.0
0	2483	0.32	0.0
0	2484	0.32	0.0
0	2485	0.32	0.0
0	2486	0.32	0.0
0	2487	0.3	0.0
0	2488	0.3	0.0
0	2489	0.3	0.0
0	2490	0.3	0.0
0	2491	0.3	0.0
0	2492	0.29	0.0
0	2493	0.28	0.0
0	2494	0.28	0.0
0	2495	0.27	0.0
0	2496	0.26	0.0
0	2497	0.26	0.0
0	2498	0.26	0.0
0	2499	0.25	0.0
0	2500	0.23	0.0
0	2501	0.23	0.0
0	2502	0.23	0.17
0	2503	0.22	0.0
0	2504	0.22	0.0
0	2505	0.22	0.0
0	2506	0.22	0.0
0	2507	0.22	0.0
0	2508	0.21	0.0
0	2509	0.2	0.0
0	2510	0.19	0.0
0	2511	0.19	0.0
0	2512	0.18	0.0
0	2513	0.18	0.0
0	2514	0.18	0.0
0	2515	0.18	0.0
0	2516	0.17	0.0
0	2517	0.16	0.0
0	2518	0.16	0.0
0	2519	0.15	0.0
0	2520	0.15	0.0
0	2521	0.15	0.0
0	2522	0.14	0.0
0	2523	0.13	0.0
0	2524	0.13	0.0
0	2525	0.11	0.0
0	2526	0.1	0.0
0	2527	0.1	0.0
0	2528	0.09	0.0
0	2529	0.09	0.0
0	2530	0.07	0.0
0	2531	0.07	0.0
0	2532	0.07	0.0
0	2533	0.07	0.0
0	2534	0.06	0.0
0	2535	0.05	0.0
0	2536	0.03	0.0
0	2537	0.03	0.0
0	2538	0.02	0.0
0	2539	0.02	0.0
0	2540	0.01	0.0
0	2541	0.01	0.0
