clade	species	ts	te
0	1	100.0	98.27
0	2	98.98	86.35
0	3	89.08	76.74
0	4	87.81	83.69
0	5	82.13	62.57
0	6	69.96	55.17
0	7	68.67	53.59
0	8	66.73	66.04
0	9	66.62	53.55
0	10	65.61	58.38
0	11	65.35	55.64
0	12	65.16	60.54
0	13	63.51	51.28
0	14	61.61	52.15
0	15	60.88	45.4
0	16	60.77	47.85
0	17	60.43	53.04
0	18	59.92	52.82
0	19	58.7	52.94
0	20	58.63	43.05
0	21	58.37	56.44
0	22	58.18	38.8
0	23	57.66	52.8
0	24	57.57	43.32
0	25	57.38	36.36
0	26	57.08	48.65
0	27	56.07	49.41
0	28	55.91	51.9
0	29	55.64	55.51
0	30	55.04	49.9
0	31	54.61	38.04
0	32	54.6	48.57
0	33	54.46	48.23
0	34	54.11	51.54
0	35	53.92	52.95
0	36	53.73	46.4
0	37	53.56	45.14
0	38	52.38	50.5
0	39	52.23	30.66
0	40	51.7	16.36
0	41	51.05	49.5
0	42	50.81	0.24
0	43	50.67	48.67
0	44	50.59	29.57
0	45	49.49	49.14
0	46	49.1	45.21
0	47	48.96	43.15
0	48	48.96	38.19
0	49	48.9	46.95
0	50	48.83	46.05
0	51	48.81	23.63
0	52	48.53	17.63
0	53	48.34	45.06
0	54	47.88	41.85
0	55	47.53	43.67
0	56	47.01	46.51
0	57	46.45	45.55
0	58	46.14	42.14
0	59	46.02	41.46
0	60	45.93	34.3
0	61	45.6	31.07
0	62	45.29	33.45
0	63	44.96	38.46
0	64	44.82	41.97
0	65	44.74	38.56
0	66	43.89	42.53
0	67	43.88	27.92
0	68	43.44	41.8
0	69	43.4	36.93
0	70	43.37	41.25
0	71	43.18	37.81
0	72	42.66	22.49
0	73	42.57	32.32
0	74	42.49	26.8
0	75	42.25	42.08
0	76	42.19	34.55
0	77	42.19	34.35
0	78	41.98	39.05
0	79	41.97	33.58
0	80	41.91	39.79
0	81	41.82	34.17
0	82	41.81	39.79
0	83	41.78	34.24
0	84	41.62	34.84
0	85	41.41	38.33
0	86	41.38	40.85
0	87	41.28	39.3
0	88	40.75	21.73
0	89	40.57	7.9
0	90	40.49	34.61
0	91	40.07	24.24
0	92	40.05	0.0
0	93	39.96	29.57
0	94	39.89	35.33
0	95	39.82	31.32
0	96	39.81	38.41
0	97	39.62	26.89
0	98	39.59	27.16
0	99	39.52	35.02
0	100	39.37	32.45
0	101	39.11	0.0
0	102	38.91	36.42
0	103	38.7	34.17
0	104	38.7	27.23
0	105	38.69	23.32
0	106	38.38	36.23
0	107	38.12	33.84
0	108	37.9	33.68
0	109	37.86	32.13
0	110	37.77	36.12
0	111	37.75	32.56
0	112	37.47	30.31
0	113	37.43	32.84
0	114	37.31	32.94
0	115	36.95	8.94
0	116	36.88	26.48
0	117	36.66	35.87
0	118	36.48	15.26
0	119	36.47	23.26
0	120	36.39	25.23
0	121	36.23	31.67
0	122	36.18	17.18
0	123	36.18	23.74
0	124	36.15	34.05
0	125	36.13	0.0
0	126	36.05	32.06
0	127	35.99	27.43
0	128	35.82	33.76
0	129	35.78	28.67
0	130	35.69	22.26
0	131	35.68	27.85
0	132	35.54	34.66
0	133	35.45	18.58
0	134	35.35	32.29
0	135	35.21	34.77
0	136	35.14	21.77
0	137	35.03	0.0
0	138	34.9	32.24
0	139	34.72	19.64
0	140	34.63	26.23
0	141	34.62	16.56
0	142	34.58	10.16
0	143	34.45	18.48
0	144	34.38	32.72
0	145	34.33	30.75
0	146	34.24	29.52
0	147	34.21	25.28
0	148	34.2	3.16
0	149	34.07	14.64
0	150	33.78	20.47
0	151	33.42	4.54
0	152	33.41	3.94
0	153	33.3	28.34
0	154	33.27	0.0
0	155	33.19	30.45
0	156	33.17	30.58
0	157	33.14	14.41
0	158	33.03	15.56
0	159	33.02	32.64
0	160	32.94	30.6
0	161	32.87	11.7
0	162	32.86	22.35
0	163	32.8	30.38
0	164	32.72	30.02
0	165	32.67	29.99
0	166	32.6	29.58
0	167	32.58	9.1
0	168	32.49	24.09
0	169	32.47	23.34
0	170	32.42	26.1
0	171	32.41	11.86
0	172	32.36	31.3
0	173	32.34	0.0
0	174	32.34	25.62
0	175	32.33	29.13
0	176	32.26	7.84
0	177	32.21	27.64
0	178	32.19	31.81
0	179	32.14	11.04
0	180	32.11	14.42
0	181	31.95	7.41
0	182	31.89	23.02
0	183	31.49	25.78
0	184	31.43	26.33
0	185	31.36	30.04
0	186	31.21	30.98
0	187	31.09	27.3
0	188	31.08	30.64
0	189	30.99	25.65
0	190	30.97	29.38
0	191	30.84	25.14
0	192	30.84	24.42
0	193	30.8	27.35
0	194	30.72	3.28
0	195	30.72	25.24
0	196	30.68	27.98
0	197	30.64	19.25
0	198	30.53	23.38
0	199	30.49	24.9
0	200	30.41	15.72
0	201	30.39	2.24
0	202	30.3	27.07
0	203	30.26	28.24
0	204	30.24	23.13
0	205	30.16	22.74
0	206	30.16	29.23
0	207	30.13	5.92
0	208	30.07	27.07
0	209	30.03	24.19
0	210	29.93	18.76
0	211	29.92	5.64
0	212	29.79	13.96
0	213	29.73	28.15
0	214	29.52	18.67
0	215	29.41	25.86
0	216	29.41	23.49
0	217	29.3	26.67
0	218	29.28	10.58
0	219	29.27	23.58
0	220	29.24	11.58
0	221	29.14	27.27
0	222	29.14	20.04
0	223	29.09	13.36
0	224	29.04	0.0
0	225	29.0	20.01
0	226	28.98	0.0
0	227	28.95	25.42
0	228	28.94	25.54
0	229	28.9	0.26
0	230	28.9	14.78
0	231	28.74	14.29
0	232	28.7	21.44
0	233	28.67	18.72
0	234	28.57	14.72
0	235	28.54	9.24
0	236	28.51	26.43
0	237	28.48	0.0
0	238	28.48	27.28
0	239	28.47	21.96
0	240	28.45	0.36
0	241	28.45	23.13
0	242	28.29	24.09
0	243	28.27	27.26
0	244	28.27	0.0
0	245	28.13	26.52
0	246	28.11	21.48
0	247	27.93	19.12
0	248	27.89	12.99
0	249	27.86	20.83
0	250	27.84	21.72
0	251	27.8	10.87
0	252	27.79	24.57
0	253	27.78	11.19
0	254	27.73	20.81
0	255	27.71	17.87
0	256	27.6	26.34
0	257	27.55	23.24
0	258	27.53	0.49
0	259	27.46	21.98
0	260	27.36	12.78
0	261	27.36	18.73
0	262	27.29	27.09
0	263	27.27	18.3
0	264	27.17	4.85
0	265	27.16	25.99
0	266	27.12	24.05
0	267	27.05	25.71
0	268	26.91	21.9
0	269	26.91	20.34
0	270	26.85	10.66
0	271	26.79	22.08
0	272	26.78	7.58
0	273	26.77	0.0
0	274	26.77	25.15
0	275	26.69	21.51
0	276	26.66	0.0
0	277	26.65	18.09
0	278	26.63	21.34
0	279	26.59	0.0
0	280	26.57	17.04
0	281	26.52	16.2
0	282	26.37	19.73
0	283	26.31	16.88
0	284	26.31	24.3
0	285	26.3	23.05
0	286	26.29	17.08
0	287	26.28	23.08
0	288	26.23	22.82
0	289	26.21	16.54
0	290	26.2	10.61
0	291	26.17	21.63
0	292	26.13	21.75
0	293	26.08	0.0
0	294	26.05	25.07
0	295	26.05	16.42
0	296	26.04	25.36
0	297	26.01	4.77
0	298	25.95	24.44
0	299	25.91	5.6
0	300	25.91	24.76
0	301	25.9	9.26
0	302	25.85	11.5
0	303	25.85	0.0
0	304	25.82	19.32
0	305	25.79	21.88
0	306	25.77	23.15
0	307	25.75	21.15
0	308	25.61	25.2
0	309	25.51	18.28
0	310	25.5	23.21
0	311	25.48	16.44
0	312	25.41	20.69
0	313	25.38	0.0
0	314	25.32	18.61
0	315	25.29	9.07
0	316	25.28	23.72
0	317	25.22	22.47
0	318	25.22	22.57
0	319	25.21	24.0
0	320	25.19	0.0
0	321	25.16	18.7
0	322	25.14	22.25
0	323	25.11	0.0
0	324	25.11	16.87
0	325	25.06	25.05
0	326	25.02	6.33
0	327	24.96	9.92
0	328	24.96	14.1
0	329	24.96	21.96
0	330	24.94	21.57
0	331	24.89	14.08
0	332	24.86	18.68
0	333	24.83	21.86
0	334	24.73	6.43
0	335	24.73	12.32
0	336	24.66	0.0
0	337	24.55	10.74
0	338	24.54	8.49
0	339	24.47	18.99
0	340	24.38	0.0
0	341	24.36	4.85
0	342	24.35	17.62
0	343	24.33	20.01
0	344	24.32	23.19
0	345	24.29	23.53
0	346	24.29	7.87
0	347	24.25	8.3
0	348	24.22	21.9
0	349	24.18	0.0
0	350	24.17	24.04
0	351	24.13	20.71
0	352	24.09	22.61
0	353	24.07	14.23
0	354	24.0	21.03
0	355	23.97	11.31
0	356	23.95	23.06
0	357	23.94	6.31
0	358	23.87	23.58
0	359	23.86	23.26
0	360	23.84	20.25
0	361	23.84	18.5
0	362	23.78	19.25
0	363	23.77	4.0
0	364	23.68	19.22
0	365	23.55	18.52
0	366	23.5	19.75
0	367	23.48	21.02
0	368	23.45	6.73
0	369	23.41	7.69
0	370	23.37	17.93
0	371	23.36	7.22
0	372	23.36	5.05
0	373	23.36	0.0
0	374	23.25	18.69
0	375	23.25	17.13
0	376	23.24	18.19
0	377	23.15	15.69
0	378	23.14	11.91
0	379	23.09	17.58
0	380	23.07	18.72
0	381	22.96	14.75
0	382	22.93	20.51
0	383	22.9	21.63
0	384	22.82	7.24
0	385	22.81	18.95
0	386	22.81	12.35
0	387	22.74	20.16
0	388	22.74	0.0
0	389	22.73	11.47
0	390	22.71	19.52
0	391	22.68	10.62
0	392	22.66	22.43
0	393	22.62	0.88
0	394	22.57	18.03
0	395	22.52	0.0
0	396	22.42	7.19
0	397	22.42	17.51
0	398	22.42	22.37
0	399	22.42	5.47
0	400	22.39	17.31
0	401	22.37	21.68
0	402	22.31	9.08
0	403	22.3	15.71
0	404	22.29	10.3
0	405	22.26	15.97
0	406	22.25	7.51
0	407	22.25	14.13
0	408	22.14	4.82
0	409	22.09	17.41
0	410	22.08	21.36
0	411	22.04	8.17
0	412	22.01	17.08
0	413	22.0	18.38
0	414	21.96	20.22
0	415	21.95	2.37
0	416	21.93	0.0
0	417	21.92	19.93
0	418	21.9	15.33
0	419	21.8	0.0
0	420	21.79	0.0
0	421	21.77	17.95
0	422	21.72	20.08
0	423	21.7	0.0
0	424	21.7	7.68
0	425	21.7	14.68
0	426	21.58	0.0
0	427	21.26	11.73
0	428	21.26	15.25
0	429	21.24	3.37
0	430	21.1	19.63
0	431	21.09	0.0
0	432	21.05	12.66
0	433	20.99	20.07
0	434	20.96	15.15
0	435	20.94	0.0
0	436	20.89	18.63
0	437	20.89	6.17
0	438	20.84	12.49
0	439	20.81	18.31
0	440	20.76	7.42
0	441	20.76	16.46
0	442	20.75	16.06
0	443	20.69	14.65
0	444	20.67	16.56
0	445	20.6	9.84
0	446	20.59	13.46
0	447	20.58	11.19
0	448	20.48	19.5
0	449	20.45	0.0
0	450	20.43	7.54
0	451	20.42	18.35
0	452	20.41	17.76
0	453	20.37	16.61
0	454	20.34	0.0
0	455	20.33	16.71
0	456	20.3	16.95
0	457	20.3	18.84
0	458	20.29	17.73
0	459	20.29	17.11
0	460	20.27	6.59
0	461	20.23	8.86
0	462	20.2	3.3
0	463	20.2	16.14
0	464	20.18	11.34
0	465	20.17	0.26
0	466	20.12	12.97
0	467	20.11	18.7
0	468	20.09	17.83
0	469	20.08	13.3
0	470	20.07	12.27
0	471	20.05	5.8
0	472	20.0	18.54
0	473	19.95	18.95
0	474	19.93	0.0
0	475	19.92	17.73
0	476	19.9	13.77
0	477	19.88	9.36
0	478	19.86	8.45
0	479	19.86	19.08
0	480	19.82	19.07
0	481	19.74	2.29
0	482	19.72	18.53
0	483	19.72	0.0
0	484	19.66	2.13
0	485	19.66	0.93
0	486	19.63	18.95
0	487	19.59	18.5
0	488	19.49	11.22
0	489	19.46	0.0
0	490	19.45	16.44
0	491	19.45	9.32
0	492	19.45	8.28
0	493	19.44	10.99
0	494	19.44	18.81
0	495	19.41	4.12
0	496	19.41	12.26
0	497	19.4	15.55
0	498	19.4	18.26
0	499	19.38	19.16
0	500	19.37	18.08
0	501	19.37	8.3
0	502	19.36	4.31
0	503	19.33	18.38
0	504	19.31	14.95
0	505	19.29	14.91
0	506	19.25	19.09
0	507	19.24	11.89
0	508	19.21	11.99
0	509	19.2	7.02
0	510	19.18	0.09
0	511	19.18	3.22
0	512	19.17	8.08
0	513	19.17	18.15
0	514	19.13	10.76
0	515	19.12	14.92
0	516	19.08	14.34
0	517	19.03	2.85
0	518	19.02	17.79
0	519	18.97	10.75
0	520	18.96	0.0
0	521	18.92	18.88
0	522	18.92	13.97
0	523	18.91	17.33
0	524	18.88	11.87
0	525	18.88	3.97
0	526	18.87	13.99
0	527	18.83	15.89
0	528	18.79	17.2
0	529	18.79	6.18
0	530	18.77	11.26
0	531	18.77	4.91
0	532	18.7	0.0
0	533	18.65	7.96
0	534	18.64	10.18
0	535	18.63	17.13
0	536	18.54	11.46
0	537	18.54	0.0
0	538	18.52	17.32
0	539	18.52	10.22
0	540	18.5	3.91
0	541	18.46	0.0
0	542	18.44	12.9
0	543	18.34	9.81
0	544	18.3	12.01
0	545	18.28	16.05
0	546	18.11	12.15
0	547	18.11	17.58
0	548	18.1	0.0
0	549	18.07	0.0
0	550	18.05	0.0
0	551	18.01	10.52
0	552	18.01	15.95
0	553	17.95	17.53
0	554	17.91	0.0
0	555	17.89	11.18
0	556	17.83	16.0
0	557	17.83	7.24
0	558	17.82	14.0
0	559	17.81	14.42
0	560	17.8	0.0
0	561	17.78	15.83
0	562	17.71	13.72
0	563	17.71	3.03
0	564	17.69	16.05
0	565	17.65	0.0
0	566	17.64	13.98
0	567	17.55	15.26
0	568	17.51	10.47
0	569	17.5	16.15
0	570	17.47	13.48
0	571	17.47	12.7
0	572	17.45	5.62
0	573	17.44	14.71
0	574	17.43	12.21
0	575	17.41	13.57
0	576	17.41	9.56
0	577	17.39	5.51
0	578	17.32	11.8
0	579	17.32	0.0
0	580	17.22	0.0
0	581	17.2	6.14
0	582	17.18	15.42
0	583	17.09	0.98
0	584	17.08	3.12
0	585	17.08	2.32
0	586	17.06	8.65
0	587	17.05	7.49
0	588	17.04	3.25
0	589	17.03	11.2
0	590	17.01	11.0
0	591	16.99	8.31
0	592	16.97	12.42
0	593	16.95	0.0
0	594	16.93	16.91
0	595	16.89	2.08
0	596	16.83	0.0
0	597	16.8	6.97
0	598	16.77	4.5
0	599	16.76	16.43
0	600	16.74	9.16
0	601	16.72	15.21
0	602	16.72	5.38
0	603	16.71	13.21
0	604	16.64	10.3
0	605	16.62	15.64
0	606	16.61	12.63
0	607	16.59	13.01
0	608	16.54	12.11
0	609	16.54	8.6
0	610	16.51	14.78
0	611	16.51	0.0
0	612	16.5	0.0
0	613	16.5	13.18
0	614	16.5	0.0
0	615	16.48	11.96
0	616	16.47	12.31
0	617	16.47	11.17
0	618	16.45	13.25
0	619	16.41	0.0
0	620	16.39	8.49
0	621	16.27	0.0
0	622	16.27	14.99
0	623	16.26	7.01
0	624	16.24	4.89
0	625	16.23	8.22
0	626	16.19	10.52
0	627	16.16	11.36
0	628	16.16	0.0
0	629	16.14	10.91
0	630	16.1	11.75
0	631	16.04	6.41
0	632	15.96	0.0
0	633	15.95	7.38
0	634	15.94	11.49
0	635	15.93	2.79
0	636	15.92	5.17
0	637	15.91	0.0
0	638	15.91	10.43
0	639	15.83	14.52
0	640	15.79	2.77
0	641	15.79	0.39
0	642	15.76	1.86
0	643	15.76	9.51
0	644	15.74	9.36
0	645	15.73	0.0
0	646	15.72	9.42
0	647	15.68	9.35
0	648	15.67	0.52
0	649	15.66	0.2
0	650	15.6	14.94
0	651	15.6	0.0
0	652	15.6	1.86
0	653	15.58	13.5
0	654	15.58	12.17
0	655	15.58	13.18
0	656	15.56	15.39
0	657	15.54	8.08
0	658	15.53	2.15
0	659	15.53	10.4
0	660	15.52	14.9
0	661	15.51	0.0
0	662	15.47	14.21
0	663	15.45	14.52
0	664	15.41	11.92
0	665	15.36	0.0
0	666	15.31	15.24
0	667	15.27	0.0
0	668	15.24	11.6
0	669	15.23	10.65
0	670	15.23	7.5
0	671	15.21	11.37
0	672	15.19	9.89
0	673	15.16	8.7
0	674	15.11	13.02
0	675	15.11	0.0
0	676	15.07	0.0
0	677	15.07	6.74
0	678	15.06	14.4
0	679	15.05	9.07
0	680	15.04	2.15
0	681	15.03	0.0
0	682	15.0	0.0
0	683	14.99	0.81
0	684	14.95	14.77
0	685	14.93	13.82
0	686	14.92	3.1
0	687	14.89	2.09
0	688	14.86	0.0
0	689	14.86	12.81
0	690	14.83	14.09
0	691	14.76	4.25
0	692	14.76	11.0
0	693	14.75	0.0
0	694	14.75	0.0
0	695	14.72	13.24
0	696	14.68	13.68
0	697	14.65	2.31
0	698	14.64	0.0
0	699	14.64	13.75
0	700	14.59	0.0
0	701	14.58	5.78
0	702	14.56	11.8
0	703	14.55	10.02
0	704	14.53	0.0
0	705	14.52	0.0
0	706	14.49	5.45
0	707	14.49	8.53
0	708	14.47	13.08
0	709	14.46	11.14
0	710	14.41	0.0
0	711	14.37	7.28
0	712	14.33	4.8
0	713	14.25	13.88
0	714	14.23	11.52
0	715	14.22	13.98
0	716	14.19	12.39
0	717	14.12	5.83
0	718	14.11	10.02
0	719	14.09	0.45
0	720	14.08	12.59
0	721	14.07	6.92
0	722	14.06	10.12
0	723	14.05	7.83
0	724	14.04	2.73
0	725	14.01	0.0
0	726	14.0	2.38
0	727	13.97	6.23
0	728	13.94	0.0
0	729	13.92	0.0
0	730	13.88	12.79
0	731	13.86	0.0
0	732	13.86	0.0
0	733	13.85	0.0
0	734	13.84	3.61
0	735	13.82	11.28
0	736	13.79	5.03
0	737	13.78	7.11
0	738	13.78	5.15
0	739	13.78	13.61
0	740	13.76	0.0
0	741	13.76	13.48
0	742	13.74	3.15
0	743	13.72	13.6
0	744	13.7	0.0
0	745	13.67	7.47
0	746	13.66	5.25
0	747	13.63	7.21
0	748	13.63	7.61
0	749	13.61	10.05
0	750	13.6	11.32
0	751	13.56	7.4
0	752	13.56	4.91
0	753	13.51	12.76
0	754	13.47	12.62
0	755	13.46	0.0
0	756	13.45	0.0
0	757	13.44	9.46
0	758	13.42	3.62
0	759	13.42	4.8
0	760	13.41	1.45
0	761	13.4	12.01
0	762	13.38	0.0
0	763	13.36	12.25
0	764	13.35	0.0
0	765	13.33	10.51
0	766	13.33	12.89
0	767	13.33	8.3
0	768	13.32	5.62
0	769	13.31	1.55
0	770	13.27	5.87
0	771	13.23	7.17
0	772	13.2	0.0
0	773	13.19	7.22
0	774	13.18	0.0
0	775	13.17	0.0
0	776	13.17	0.18
0	777	13.16	11.6
0	778	13.16	5.74
0	779	13.11	7.05
0	780	13.06	12.75
0	781	13.06	0.0
0	782	13.06	0.0
0	783	13.05	11.85
0	784	13.05	2.0
0	785	13.04	0.18
0	786	13.02	11.27
0	787	13.01	8.12
0	788	13.0	8.92
0	789	13.0	12.1
0	790	12.98	9.78
0	791	12.98	5.76
0	792	12.97	0.0
0	793	12.96	11.72
0	794	12.94	8.71
0	795	12.94	0.0
0	796	12.94	12.73
0	797	12.92	9.99
0	798	12.92	12.9
0	799	12.91	9.55
0	800	12.9	2.4
0	801	12.9	0.0
0	802	12.89	0.0
0	803	12.89	2.88
0	804	12.87	0.0
0	805	12.85	0.0
0	806	12.82	7.51
0	807	12.81	12.3
0	808	12.78	7.77
0	809	12.76	0.0
0	810	12.76	0.0
0	811	12.74	0.0
0	812	12.73	10.44
0	813	12.71	6.05
0	814	12.7	0.0
0	815	12.69	0.0
0	816	12.69	10.0
0	817	12.62	11.4
0	818	12.61	0.0
0	819	12.61	0.0
0	820	12.6	1.4
0	821	12.53	12.44
0	822	12.53	0.0
0	823	12.5	10.92
0	824	12.5	10.34
0	825	12.49	0.0
0	826	12.49	10.72
0	827	12.48	0.0
0	828	12.48	11.82
0	829	12.47	0.0
0	830	12.42	0.0
0	831	12.41	0.0
0	832	12.38	2.37
0	833	12.36	11.67
0	834	12.34	5.95
0	835	12.34	10.4
0	836	12.33	11.31
0	837	12.33	0.0
0	838	12.31	5.75
0	839	12.29	7.76
0	840	12.26	8.72
0	841	12.25	3.58
0	842	12.21	6.45
0	843	12.16	4.17
0	844	12.14	8.59
0	845	12.12	8.71
0	846	12.1	0.0
0	847	12.08	11.8
0	848	12.06	9.21
0	849	12.06	5.11
0	850	12.06	11.21
0	851	12.03	9.5
0	852	12.01	4.58
0	853	11.99	0.0
0	854	11.95	0.0
0	855	11.94	11.47
0	856	11.94	0.0
0	857	11.94	9.2
0	858	11.93	11.32
0	859	11.92	1.84
0	860	11.91	0.0
0	861	11.9	11.35
0	862	11.9	7.79
0	863	11.9	0.0
0	864	11.89	3.61
0	865	11.87	0.52
0	866	11.85	5.71
0	867	11.85	4.26
0	868	11.83	6.97
0	869	11.81	7.56
0	870	11.79	1.39
0	871	11.76	0.0
0	872	11.74	6.83
0	873	11.71	9.24
0	874	11.7	2.38
0	875	11.69	0.0
0	876	11.67	8.11
0	877	11.66	11.19
0	878	11.63	3.56
0	879	11.63	0.0
0	880	11.62	9.24
0	881	11.61	0.0
0	882	11.61	3.1
0	883	11.59	0.0
0	884	11.58	0.0
0	885	11.56	5.61
0	886	11.54	11.36
0	887	11.52	11.48
0	888	11.49	8.81
0	889	11.49	3.16
0	890	11.48	7.4
0	891	11.48	2.91
0	892	11.44	0.0
0	893	11.44	0.0
0	894	11.43	9.93
0	895	11.42	10.61
0	896	11.41	0.0
0	897	11.38	0.0
0	898	11.38	11.22
0	899	11.35	4.17
0	900	11.33	0.0
0	901	11.29	6.64
0	902	11.29	0.0
0	903	11.27	8.57
0	904	11.27	0.0
0	905	11.26	1.51
0	906	11.24	0.0
0	907	11.22	5.67
0	908	11.21	0.0
0	909	11.21	6.87
0	910	11.21	0.0
0	911	11.2	0.0
0	912	11.19	0.0
0	913	11.18	0.0
0	914	11.18	7.41
0	915	11.17	4.68
0	916	11.16	11.07
0	917	11.08	0.0
0	918	11.03	1.01
0	919	11.03	0.0
0	920	11.02	4.5
0	921	10.99	0.0
0	922	10.98	8.36
0	923	10.97	6.74
0	924	10.96	7.03
0	925	10.94	0.0
0	926	10.94	7.62
0	927	10.94	6.46
0	928	10.94	0.0
0	929	10.92	8.49
0	930	10.92	3.24
0	931	10.9	0.0
0	932	10.89	0.0
0	933	10.86	10.0
0	934	10.85	9.81
0	935	10.85	0.0
0	936	10.85	0.0
0	937	10.84	0.0
0	938	10.83	0.0
0	939	10.8	0.0
0	940	10.8	1.28
0	941	10.78	6.49
0	942	10.78	6.19
0	943	10.77	9.45
0	944	10.77	8.84
0	945	10.76	8.57
0	946	10.75	3.84
0	947	10.72	7.81
0	948	10.71	8.7
0	949	10.71	4.59
0	950	10.69	9.64
0	951	10.65	1.94
0	952	10.65	4.96
0	953	10.64	9.55
0	954	10.64	8.31
0	955	10.61	0.0
0	956	10.6	0.0
0	957	10.6	8.42
0	958	10.59	7.29
0	959	10.59	9.16
0	960	10.59	1.26
0	961	10.59	7.05
0	962	10.58	0.0
0	963	10.55	0.0
0	964	10.52	8.04
0	965	10.51	5.88
0	966	10.49	5.56
0	967	10.49	8.32
0	968	10.48	0.0
0	969	10.45	0.0
0	970	10.43	0.0
0	971	10.43	6.04
0	972	10.42	3.8
0	973	10.41	9.29
0	974	10.41	8.5
0	975	10.4	0.0
0	976	10.4	1.56
0	977	10.4	8.62
0	978	10.4	8.14
0	979	10.39	0.0
0	980	10.38	6.92
0	981	10.37	0.0
0	982	10.36	9.19
0	983	10.35	1.65
0	984	10.35	4.24
0	985	10.34	5.16
0	986	10.33	4.82
0	987	10.32	0.0
0	988	10.32	6.0
0	989	10.32	4.79
0	990	10.3	0.0
0	991	10.29	5.72
0	992	10.28	10.16
0	993	10.28	0.0
0	994	10.27	5.34
0	995	10.27	0.0
0	996	10.26	0.0
0	997	10.25	10.01
0	998	10.25	0.0
0	999	10.24	0.0
0	1000	10.22	0.0
0	1001	10.22	3.64
0	1002	10.2	9.0
0	1003	10.19	2.93
0	1004	10.19	4.96
0	1005	10.17	1.77
0	1006	10.16	0.2
0	1007	10.15	8.62
0	1008	10.14	0.0
0	1009	10.13	0.0
0	1010	10.13	0.0
0	1011	10.12	8.92
0	1012	10.11	0.0
0	1013	10.11	8.59
0	1014	10.05	0.0
0	1015	10.03	7.66
0	1016	10.03	0.0
0	1017	10.02	5.17
0	1018	10.0	0.0
0	1019	10.0	0.0
0	1020	10.0	0.35
0	1021	9.99	8.29
0	1022	9.98	0.0
0	1023	9.97	0.0
0	1024	9.97	8.4
0	1025	9.93	0.0
0	1026	9.93	7.34
0	1027	9.92	0.0
0	1028	9.92	0.0
0	1029	9.92	0.0
0	1030	9.9	9.32
0	1031	9.9	2.76
0	1032	9.89	0.0
0	1033	9.88	7.76
0	1034	9.87	1.86
0	1035	9.87	0.36
0	1036	9.85	6.35
0	1037	9.84	0.0
0	1038	9.78	8.53
0	1039	9.78	7.94
0	1040	9.78	0.0
0	1041	9.76	8.98
0	1042	9.76	0.0
0	1043	9.75	8.69
0	1044	9.75	0.0
0	1045	9.75	2.98
0	1046	9.73	0.0
0	1047	9.73	0.0
0	1048	9.7	8.56
0	1049	9.7	4.39
0	1050	9.7	7.15
0	1051	9.7	0.0
0	1052	9.67	3.25
0	1053	9.67	9.31
0	1054	9.64	7.49
0	1055	9.6	4.51
0	1056	9.59	0.0
0	1057	9.55	8.23
0	1058	9.54	3.82
0	1059	9.53	0.0
0	1060	9.52	9.06
0	1061	9.49	0.0
0	1062	9.45	6.03
0	1063	9.44	3.57
0	1064	9.41	0.0
0	1065	9.38	0.0
0	1066	9.36	6.39
0	1067	9.35	4.06
0	1068	9.35	1.59
0	1069	9.34	3.38
0	1070	9.33	5.4
0	1071	9.32	0.0
0	1072	9.31	0.0
0	1073	9.31	7.67
0	1074	9.29	0.0
0	1075	9.29	8.17
0	1076	9.29	0.0
0	1077	9.28	8.39
0	1078	9.28	0.0
0	1079	9.25	0.0
0	1080	9.23	0.0
0	1081	9.23	0.0
0	1082	9.21	2.34
0	1083	9.18	0.0
0	1084	9.16	8.09
0	1085	9.16	7.4
0	1086	9.14	0.0
0	1087	9.14	4.19
0	1088	9.14	7.52
0	1089	9.13	1.54
0	1090	9.12	6.47
0	1091	9.12	0.0
0	1092	9.11	0.0
0	1093	9.11	0.0
0	1094	9.08	0.0
0	1095	9.06	7.22
0	1096	9.06	8.21
0	1097	9.06	8.6
0	1098	9.04	0.0
0	1099	9.03	0.0
0	1100	9.02	4.8
0	1101	9.0	0.0
0	1102	8.96	0.0
0	1103	8.92	0.0
0	1104	8.92	0.0
0	1105	8.91	8.59
0	1106	8.89	6.39
0	1107	8.89	0.0
0	1108	8.89	0.0
0	1109	8.85	0.0
0	1110	8.84	0.0
0	1111	8.82	3.42
0	1112	8.82	2.07
0	1113	8.8	0.0
0	1114	8.77	0.0
0	1115	8.77	0.0
0	1116	8.77	0.0
0	1117	8.76	1.31
0	1118	8.75	0.0
0	1119	8.74	2.77
0	1120	8.74	7.26
0	1121	8.72	5.73
0	1122	8.71	0.0
0	1123	8.69	0.0
0	1124	8.69	7.03
0	1125	8.69	0.0
0	1126	8.68	5.81
0	1127	8.68	4.25
0	1128	8.65	4.07
0	1129	8.64	0.0
0	1130	8.62	0.36
0	1131	8.59	7.22
0	1132	8.59	0.0
0	1133	8.54	7.9
0	1134	8.54	0.32
0	1135	8.53	5.56
0	1136	8.52	0.0
0	1137	8.51	0.0
0	1138	8.5	6.02
0	1139	8.5	0.0
0	1140	8.5	5.97
0	1141	8.49	3.66
0	1142	8.47	0.0
0	1143	8.46	5.73
0	1144	8.44	2.95
0	1145	8.44	1.38
0	1146	8.44	0.0
0	1147	8.41	0.0
0	1148	8.41	7.59
0	1149	8.41	3.49
0	1150	8.4	5.95
0	1151	8.38	0.0
0	1152	8.38	0.0
0	1153	8.36	0.95
0	1154	8.36	1.33
0	1155	8.33	0.0
0	1156	8.31	0.0
0	1157	8.25	0.0
0	1158	8.22	3.08
0	1159	8.21	0.0
0	1160	8.2	1.43
0	1161	8.2	7.66
0	1162	8.2	5.08
0	1163	8.18	1.9
0	1164	8.18	0.0
0	1165	8.17	5.89
0	1166	8.15	0.0
0	1167	8.14	0.0
0	1168	8.13	6.15
0	1169	8.11	3.98
0	1170	8.11	0.0
0	1171	8.1	6.97
0	1172	8.1	7.29
0	1173	8.08	7.53
0	1174	8.08	0.0
0	1175	8.06	3.13
0	1176	8.05	0.0
0	1177	8.01	0.0
0	1178	7.99	7.14
0	1179	7.99	1.84
0	1180	7.97	7.33
0	1181	7.96	0.0
0	1182	7.94	4.79
0	1183	7.94	0.0
0	1184	7.93	6.21
0	1185	7.92	0.0
0	1186	7.92	0.0
0	1187	7.91	5.41
0	1188	7.9	7.86
0	1189	7.9	0.3
0	1190	7.87	4.03
0	1191	7.86	7.85
0	1192	7.85	2.97
0	1193	7.84	4.62
0	1194	7.83	0.0
0	1195	7.83	5.58
0	1196	7.82	5.23
0	1197	7.82	0.0
0	1198	7.81	0.0
0	1199	7.8	2.72
0	1200	7.8	3.32
0	1201	7.8	0.31
0	1202	7.79	5.72
0	1203	7.78	0.0
0	1204	7.76	0.0
0	1205	7.75	0.0
0	1206	7.74	7.71
0	1207	7.72	5.71
0	1208	7.7	7.36
0	1209	7.68	3.38
0	1210	7.67	0.0
0	1211	7.65	5.24
0	1212	7.65	0.0
0	1213	7.64	0.0
0	1214	7.64	0.0
0	1215	7.63	1.3
0	1216	7.63	0.0
0	1217	7.63	3.52
0	1218	7.62	0.0
0	1219	7.6	2.95
0	1220	7.59	0.0
0	1221	7.57	1.19
0	1222	7.57	5.64
0	1223	7.57	0.0
0	1224	7.57	0.0
0	1225	7.57	0.0
0	1226	7.55	0.0
0	1227	7.55	1.88
0	1228	7.53	1.93
0	1229	7.53	4.62
0	1230	7.53	0.54
0	1231	7.51	3.17
0	1232	7.51	7.42
0	1233	7.51	4.77
0	1234	7.5	0.0
0	1235	7.5	6.57
0	1236	7.49	1.03
0	1237	7.48	6.4
0	1238	7.47	0.67
0	1239	7.47	0.81
0	1240	7.46	3.17
0	1241	7.45	0.0
0	1242	7.44	4.94
0	1243	7.43	3.67
0	1244	7.42	4.29
0	1245	7.42	1.08
0	1246	7.42	0.0
0	1247	7.4	0.0
0	1248	7.39	0.0
0	1249	7.39	0.0
0	1250	7.39	0.0
0	1251	7.38	1.76
0	1252	7.38	0.91
0	1253	7.37	0.0
0	1254	7.37	0.0
0	1255	7.36	7.26
0	1256	7.33	5.94
0	1257	7.3	0.0
0	1258	7.29	0.0
0	1259	7.29	0.0
0	1260	7.27	0.0
0	1261	7.25	3.6
0	1262	7.25	0.0
0	1263	7.24	4.26
0	1264	7.23	0.34
0	1265	7.18	5.1
0	1266	7.17	1.93
0	1267	7.17	6.34
0	1268	7.17	3.72
0	1269	7.17	4.11
0	1270	7.13	0.0
0	1271	7.12	3.46
0	1272	7.11	3.53
0	1273	7.11	0.0
0	1274	7.11	0.0
0	1275	7.1	2.56
0	1276	7.1	0.0
0	1277	7.08	0.0
0	1278	7.06	2.65
0	1279	7.06	3.34
0	1280	7.05	0.0
0	1281	7.04	0.67
0	1282	7.03	6.05
0	1283	7.02	5.88
0	1284	7.02	6.67
0	1285	7.01	0.0
0	1286	7.0	0.0
0	1287	7.0	5.8
0	1288	7.0	4.77
0	1289	6.99	0.44
0	1290	6.99	0.0
0	1291	6.97	3.75
0	1292	6.97	3.26
0	1293	6.97	0.0
0	1294	6.96	0.0
0	1295	6.93	0.0
0	1296	6.93	4.18
0	1297	6.91	2.47
0	1298	6.89	5.77
0	1299	6.88	0.0
0	1300	6.87	0.0
0	1301	6.87	0.0
0	1302	6.87	0.0
0	1303	6.86	0.0
0	1304	6.85	4.49
0	1305	6.84	0.0
0	1306	6.83	0.0
0	1307	6.83	0.22
0	1308	6.83	3.44
0	1309	6.82	0.0
0	1310	6.81	0.0
0	1311	6.8	2.73
0	1312	6.8	5.35
0	1313	6.78	0.0
0	1314	6.75	6.28
0	1315	6.74	4.42
0	1316	6.73	0.0
0	1317	6.71	0.0
0	1318	6.68	2.32
0	1319	6.68	3.57
0	1320	6.67	4.65
0	1321	6.67	3.0
0	1322	6.66	5.32
0	1323	6.64	0.0
0	1324	6.58	0.0
0	1325	6.58	0.0
0	1326	6.58	0.0
0	1327	6.57	0.0
0	1328	6.56	5.62
0	1329	6.55	2.27
0	1330	6.53	0.0
0	1331	6.53	6.34
0	1332	6.53	3.36
0	1333	6.53	0.23
0	1334	6.52	0.0
0	1335	6.51	6.29
0	1336	6.5	0.0
0	1337	6.5	0.0
0	1338	6.47	0.0
0	1339	6.47	0.0
0	1340	6.45	0.0
0	1341	6.43	1.87
0	1342	6.38	2.85
0	1343	6.38	0.0
0	1344	6.36	1.34
0	1345	6.35	0.0
0	1346	6.33	0.0
0	1347	6.3	0.0
0	1348	6.3	4.68
0	1349	6.29	3.29
0	1350	6.27	5.61
0	1351	6.26	0.0
0	1352	6.25	2.81
0	1353	6.24	4.24
0	1354	6.23	5.78
0	1355	6.23	4.04
0	1356	6.22	0.0
0	1357	6.22	0.32
0	1358	6.21	0.0
0	1359	6.2	4.13
0	1360	6.19	5.27
0	1361	6.18	0.0
0	1362	6.18	0.0
0	1363	6.18	1.47
0	1364	6.17	5.44
0	1365	6.16	5.98
0	1366	6.14	0.0
0	1367	6.14	0.0
0	1368	6.12	0.0
0	1369	6.1	0.0
0	1370	6.09	0.0
0	1371	6.08	0.0
0	1372	6.08	0.0
0	1373	6.06	5.87
0	1374	6.05	3.91
0	1375	6.05	0.0
0	1376	6.04	0.94
0	1377	6.03	1.26
0	1378	6.03	5.88
0	1379	6.03	0.0
0	1380	6.02	5.17
0	1381	6.01	0.0
0	1382	6.0	0.0
0	1383	5.99	0.0
0	1384	5.98	4.04
0	1385	5.98	0.0
0	1386	5.98	1.24
0	1387	5.98	3.99
0	1388	5.97	4.08
0	1389	5.95	1.92
0	1390	5.95	0.0
0	1391	5.94	5.2
0	1392	5.93	0.0
0	1393	5.92	0.0
0	1394	5.91	0.0
0	1395	5.91	0.0
0	1396	5.91	2.07
0	1397	5.9	0.0
0	1398	5.89	3.56
0	1399	5.89	0.0
0	1400	5.89	3.7
0	1401	5.89	4.02
0	1402	5.87	0.0
0	1403	5.85	0.0
0	1404	5.85	0.0
0	1405	5.84	2.24
0	1406	5.83	0.0
0	1407	5.83	0.0
0	1408	5.82	2.32
0	1409	5.82	1.7
0	1410	5.82	0.0
0	1411	5.81	1.74
0	1412	5.8	0.0
0	1413	5.79	3.47
0	1414	5.79	0.35
0	1415	5.79	0.0
0	1416	5.79	2.31
0	1417	5.78	5.23
0	1418	5.77	0.0
0	1419	5.76	4.72
0	1420	5.76	3.74
0	1421	5.76	0.0
0	1422	5.74	0.0
0	1423	5.73	0.0
0	1424	5.72	0.0
0	1425	5.72	0.0
0	1426	5.72	0.45
0	1427	5.71	3.38
0	1428	5.7	3.19
0	1429	5.7	4.82
0	1430	5.7	0.0
0	1431	5.67	0.0
0	1432	5.66	5.34
0	1433	5.66	4.58
0	1434	5.66	0.0
0	1435	5.66	0.0
0	1436	5.66	0.0
0	1437	5.66	2.26
0	1438	5.65	0.0
0	1439	5.64	5.34
0	1440	5.64	0.0
0	1441	5.63	0.0
0	1442	5.62	0.0
0	1443	5.59	0.04
0	1444	5.58	0.0
0	1445	5.57	3.0
0	1446	5.56	0.0
0	1447	5.56	2.97
0	1448	5.54	0.0
0	1449	5.54	2.53
0	1450	5.53	0.0
0	1451	5.52	0.0
0	1452	5.52	2.18
0	1453	5.52	0.0
0	1454	5.51	4.54
0	1455	5.51	0.0
0	1456	5.49	0.0
0	1457	5.49	0.0
0	1458	5.49	0.0
0	1459	5.46	0.0
0	1460	5.46	0.0
0	1461	5.45	0.0
0	1462	5.45	0.0
0	1463	5.45	1.28
0	1464	5.44	1.12
0	1465	5.42	1.49
0	1466	5.41	0.63
0	1467	5.41	0.0
0	1468	5.4	0.0
0	1469	5.4	0.0
0	1470	5.39	3.21
0	1471	5.38	3.45
0	1472	5.37	2.85
0	1473	5.37	0.0
0	1474	5.37	1.6
0	1475	5.36	0.0
0	1476	5.35	1.27
0	1477	5.33	3.47
0	1478	5.33	0.0
0	1479	5.31	0.0
0	1480	5.3	0.0
0	1481	5.28	0.0
0	1482	5.28	0.97
0	1483	5.28	0.0
0	1484	5.27	1.18
0	1485	5.27	0.0
0	1486	5.26	5.25
0	1487	5.25	0.0
0	1488	5.25	0.76
0	1489	5.25	4.9
0	1490	5.24	1.93
0	1491	5.24	0.0
0	1492	5.23	4.59
0	1493	5.22	0.0
0	1494	5.22	0.0
0	1495	5.22	0.0
0	1496	5.22	0.0
0	1497	5.2	5.05
0	1498	5.2	0.0
0	1499	5.19	1.5
0	1500	5.19	0.0
0	1501	5.18	5.04
0	1502	5.18	3.09
0	1503	5.17	0.0
0	1504	5.15	0.53
0	1505	5.14	0.0
0	1506	5.13	4.76
0	1507	5.12	0.0
0	1508	5.1	0.0
0	1509	5.1	3.24
0	1510	5.05	0.0
0	1511	5.05	1.86
0	1512	5.04	0.0
0	1513	5.01	0.0
0	1514	5.01	3.7
0	1515	4.99	0.47
0	1516	4.99	0.24
0	1517	4.98	0.0
0	1518	4.96	4.73
0	1519	4.95	0.0
0	1520	4.95	0.0
0	1521	4.94	0.0
0	1522	4.9	0.0
0	1523	4.88	4.33
0	1524	4.86	0.0
0	1525	4.85	0.46
0	1526	4.84	2.71
0	1527	4.83	0.0
0	1528	4.82	0.78
0	1529	4.8	0.0
0	1530	4.8	1.5
0	1531	4.78	3.64
0	1532	4.77	0.0
0	1533	4.76	0.0
0	1534	4.75	1.51
0	1535	4.73	0.0
0	1536	4.72	1.0
0	1537	4.71	2.68
0	1538	4.71	0.0
0	1539	4.7	0.0
0	1540	4.69	0.0
0	1541	4.69	0.0
0	1542	4.68	0.0
0	1543	4.68	0.0
0	1544	4.65	0.0
0	1545	4.63	4.04
0	1546	4.62	0.0
0	1547	4.62	0.0
0	1548	4.61	3.54
0	1549	4.61	3.54
0	1550	4.6	1.61
0	1551	4.6	0.0
0	1552	4.6	0.0
0	1553	4.58	0.0
0	1554	4.58	3.27
0	1555	4.58	0.0
0	1556	4.57	0.0
0	1557	4.55	0.0
0	1558	4.54	2.16
0	1559	4.52	0.0
0	1560	4.51	0.0
0	1561	4.49	0.0
0	1562	4.49	1.58
0	1563	4.48	2.31
0	1564	4.48	0.0
0	1565	4.46	0.0
0	1566	4.45	0.0
0	1567	4.45	0.0
0	1568	4.44	4.09
0	1569	4.44	0.0
0	1570	4.44	0.0
0	1571	4.42	3.38
0	1572	4.4	3.34
0	1573	4.37	0.0
0	1574	4.33	3.24
0	1575	4.33	0.0
0	1576	4.32	4.11
0	1577	4.3	0.0
0	1578	4.3	0.79
0	1579	4.3	3.2
0	1580	4.29	2.01
0	1581	4.29	3.24
0	1582	4.28	0.0
0	1583	4.27	0.0
0	1584	4.25	0.0
0	1585	4.25	0.99
0	1586	4.24	1.69
0	1587	4.24	0.0
0	1588	4.24	2.65
0	1589	4.23	0.0
0	1590	4.22	0.0
0	1591	4.21	0.0
0	1592	4.21	0.0
0	1593	4.2	3.63
0	1594	4.19	2.75
0	1595	4.17	0.0
0	1596	4.17	0.33
0	1597	4.14	0.0
0	1598	4.12	2.52
0	1599	4.11	0.0
0	1600	4.1	0.0
0	1601	4.1	0.0
0	1602	4.08	0.0
0	1603	4.07	0.0
0	1604	4.07	3.44
0	1605	4.06	0.67
0	1606	4.05	0.0
0	1607	4.05	3.87
0	1608	4.04	0.0
0	1609	4.03	0.0
0	1610	4.03	0.0
0	1611	4.02	0.0
0	1612	4.02	1.97
0	1613	4.02	0.0
0	1614	4.01	0.0
0	1615	4.0	0.0
0	1616	4.0	0.0
0	1617	4.0	2.76
0	1618	3.98	0.0
0	1619	3.97	0.0
0	1620	3.96	0.0
0	1621	3.95	0.0
0	1622	3.92	0.0
0	1623	3.92	0.0
0	1624	3.92	0.0
0	1625	3.91	0.0
0	1626	3.91	3.47
0	1627	3.91	1.53
0	1628	3.91	0.0
0	1629	3.9	0.0
0	1630	3.89	0.0
0	1631	3.87	0.0
0	1632	3.87	0.0
0	1633	3.86	0.0
0	1634	3.84	0.0
0	1635	3.84	1.98
0	1636	3.83	3.38
0	1637	3.8	0.0
0	1638	3.79	0.0
0	1639	3.79	0.0
0	1640	3.77	0.0
0	1641	3.74	0.0
0	1642	3.72	0.0
0	1643	3.72	0.0
0	1644	3.71	0.0
0	1645	3.71	3.04
0	1646	3.71	3.5
0	1647	3.69	3.27
0	1648	3.69	2.9
0	1649	3.67	0.0
0	1650	3.66	0.0
0	1651	3.65	0.0
0	1652	3.64	0.0
0	1653	3.64	0.0
0	1654	3.63	0.74
0	1655	3.63	0.78
0	1656	3.63	0.0
0	1657	3.63	0.0
0	1658	3.62	0.0
0	1659	3.62	0.0
0	1660	3.61	1.86
0	1661	3.6	0.0
0	1662	3.59	0.09
0	1663	3.58	2.52
0	1664	3.57	0.0
0	1665	3.57	1.27
0	1666	3.57	0.0
0	1667	3.57	0.0
0	1668	3.55	0.84
0	1669	3.54	0.0
0	1670	3.53	2.74
0	1671	3.52	0.0
0	1672	3.52	0.0
0	1673	3.51	1.29
0	1674	3.51	0.0
0	1675	3.51	0.0
0	1676	3.5	0.0
0	1677	3.48	0.0
0	1678	3.47	0.29
0	1679	3.46	0.0
0	1680	3.44	0.0
0	1681	3.44	0.98
0	1682	3.43	0.0
0	1683	3.43	0.0
0	1684	3.42	0.0
0	1685	3.41	0.0
0	1686	3.4	1.77
0	1687	3.4	2.67
0	1688	3.4	1.38
0	1689	3.38	0.0
0	1690	3.37	0.0
0	1691	3.36	0.0
0	1692	3.35	2.63
0	1693	3.34	0.0
0	1694	3.34	0.0
0	1695	3.33	0.0
0	1696	3.32	0.0
0	1697	3.32	1.41
0	1698	3.3	0.0
0	1699	3.29	0.0
0	1700	3.29	0.0
0	1701	3.28	0.0
0	1702	3.27	0.0
0	1703	3.27	2.17
0	1704	3.26	0.0
0	1705	3.26	0.0
0	1706	3.26	0.0
0	1707	3.25	0.0
0	1708	3.24	0.0
0	1709	3.24	1.6
0	1710	3.23	0.0
0	1711	3.21	0.67
0	1712	3.21	1.25
0	1713	3.2	0.0
0	1714	3.2	0.0
0	1715	3.2	0.88
0	1716	3.19	0.0
0	1717	3.18	0.27
0	1718	3.16	0.03
0	1719	3.12	3.04
0	1720	3.12	0.0
0	1721	3.1	0.0
0	1722	3.05	0.0
0	1723	3.03	0.0
0	1724	3.03	0.0
0	1725	3.03	1.42
0	1726	3.03	0.0
0	1727	3.02	0.0
0	1728	3.02	1.15
0	1729	3.02	0.0
0	1730	3.01	0.0
0	1731	3.01	0.95
0	1732	3.0	2.44
0	1733	2.96	0.0
0	1734	2.96	0.0
0	1735	2.96	0.0
0	1736	2.95	1.05
0	1737	2.94	0.0
0	1738	2.93	0.0
0	1739	2.93	0.0
0	1740	2.93	0.0
0	1741	2.92	0.0
0	1742	2.91	0.0
0	1743	2.88	1.85
0	1744	2.87	0.0
0	1745	2.87	0.0
0	1746	2.87	0.0
0	1747	2.86	0.0
0	1748	2.85	0.0
0	1749	2.82	0.0
0	1750	2.81	0.0
0	1751	2.8	0.0
0	1752	2.8	0.0
0	1753	2.79	0.0
0	1754	2.79	1.96
0	1755	2.79	0.0
0	1756	2.78	0.0
0	1757	2.78	0.0
0	1758	2.77	0.0
0	1759	2.76	0.0
0	1760	2.75	2.19
0	1761	2.73	0.0
0	1762	2.71	0.0
0	1763	2.71	0.0
0	1764	2.71	0.0
0	1765	2.69	0.0
0	1766	2.69	0.0
0	1767	2.68	0.0
0	1768	2.66	0.69
0	1769	2.66	0.0
0	1770	2.65	0.0
0	1771	2.65	0.0
0	1772	2.64	0.0
0	1773	2.64	0.0
0	1774	2.62	0.0
0	1775	2.59	1.48
0	1776	2.59	0.0
0	1777	2.59	2.55
0	1778	2.58	0.0
0	1779	2.57	1.66
0	1780	2.57	0.0
0	1781	2.57	0.0
0	1782	2.56	0.0
0	1783	2.55	0.0
0	1784	2.55	0.0
0	1785	2.55	0.0
0	1786	2.53	0.0
0	1787	2.52	0.52
0	1788	2.52	0.0
0	1789	2.52	2.3
0	1790	2.51	0.0
0	1791	2.51	0.0
0	1792	2.51	2.27
0	1793	2.51	0.0
0	1794	2.49	0.59
0	1795	2.49	1.34
0	1796	2.48	0.0
0	1797	2.47	0.06
0	1798	2.47	0.0
0	1799	2.43	1.1
0	1800	2.43	0.0
0	1801	2.41	0.0
0	1802	2.39	1.61
0	1803	2.38	1.85
0	1804	2.38	0.0
0	1805	2.36	0.0
0	1806	2.34	1.74
0	1807	2.32	0.0
0	1808	2.31	0.0
0	1809	2.3	0.0
0	1810	2.29	0.0
0	1811	2.29	0.0
0	1812	2.28	0.12
0	1813	2.26	0.0
0	1814	2.26	2.08
0	1815	2.26	0.0
0	1816	2.25	0.0
0	1817	2.25	0.0
0	1818	2.25	2.21
0	1819	2.24	1.55
0	1820	2.22	0.0
0	1821	2.22	0.29
0	1822	2.22	0.0
0	1823	2.21	0.36
0	1824	2.2	0.0
0	1825	2.19	0.0
0	1826	2.19	1.12
0	1827	2.19	0.0
0	1828	2.19	0.0
0	1829	2.19	0.0
0	1830	2.17	0.0
0	1831	2.16	0.0
0	1832	2.16	0.0
0	1833	2.15	0.0
0	1834	2.15	0.0
0	1835	2.14	0.0
0	1836	2.14	0.0
0	1837	2.14	0.0
0	1838	2.13	0.0
0	1839	2.13	0.0
0	1840	2.12	0.0
0	1841	2.11	0.0
0	1842	2.11	0.0
0	1843	2.11	1.99
0	1844	2.11	0.0
0	1845	2.1	0.0
0	1846	2.09	0.0
0	1847	2.09	0.29
0	1848	2.08	0.0
0	1849	2.07	0.0
0	1850	2.07	1.17
0	1851	2.07	0.51
0	1852	2.07	0.0
0	1853	2.05	2.03
0	1854	2.03	0.0
0	1855	2.02	0.0
0	1856	2.02	1.41
0	1857	1.99	1.35
0	1858	1.98	0.0
0	1859	1.98	1.59
0	1860	1.98	0.0
0	1861	1.97	0.0
0	1862	1.96	0.17
0	1863	1.95	0.0
0	1864	1.94	0.0
0	1865	1.94	0.0
0	1866	1.94	1.44
0	1867	1.94	0.0
0	1868	1.94	0.0
0	1869	1.93	0.0
0	1870	1.93	0.0
0	1871	1.91	0.0
0	1872	1.91	0.0
0	1873	1.91	0.0
0	1874	1.91	0.0
0	1875	1.9	0.0
0	1876	1.89	0.0
0	1877	1.89	0.0
0	1878	1.87	0.0
0	1879	1.85	0.0
0	1880	1.85	1.59
0	1881	1.84	0.0
0	1882	1.82	0.0
0	1883	1.81	0.0
0	1884	1.79	0.0
0	1885	1.79	0.0
0	1886	1.79	0.0
0	1887	1.77	0.0
0	1888	1.76	0.0
0	1889	1.76	1.09
0	1890	1.76	0.0
0	1891	1.75	0.0
0	1892	1.75	0.55
0	1893	1.73	0.0
0	1894	1.73	0.0
0	1895	1.72	0.0
0	1896	1.71	0.0
0	1897	1.71	0.0
0	1898	1.7	0.0
0	1899	1.7	0.0
0	1900	1.69	0.0
0	1901	1.67	0.0
0	1902	1.67	0.0
0	1903	1.66	0.0
0	1904	1.65	0.0
0	1905	1.65	0.0
0	1906	1.65	0.0
0	1907	1.64	0.0
0	1908	1.64	0.0
0	1909	1.64	0.0
0	1910	1.64	0.0
0	1911	1.63	0.0
0	1912	1.63	0.0
0	1913	1.63	0.29
0	1914	1.62	0.0
0	1915	1.61	0.0
0	1916	1.61	0.0
0	1917	1.59	0.0
0	1918	1.56	0.0
0	1919	1.56	0.0
0	1920	1.56	0.0
0	1921	1.54	0.0
0	1922	1.53	0.0
0	1923	1.52	0.0
0	1924	1.51	0.0
0	1925	1.5	0.0
0	1926	1.5	0.0
0	1927	1.46	0.0
0	1928	1.46	0.0
0	1929	1.45	0.0
0	1930	1.42	0.0
0	1931	1.41	0.0
0	1932	1.4	0.0
0	1933	1.4	0.0
0	1934	1.39	0.0
0	1935	1.38	0.0
0	1936	1.36	0.0
0	1937	1.36	0.42
0	1938	1.35	0.0
0	1939	1.34	0.0
0	1940	1.34	0.0
0	1941	1.34	0.0
0	1942	1.33	0.0
0	1943	1.33	0.0
0	1944	1.32	0.0
0	1945	1.32	0.0
0	1946	1.32	0.0
0	1947	1.31	0.0
0	1948	1.29	0.0
0	1949	1.29	0.0
0	1950	1.28	0.0
0	1951	1.27	0.0
0	1952	1.26	0.0
0	1953	1.26	0.81
0	1954	1.26	0.06
0	1955	1.26	0.0
0	1956	1.26	0.0
0	1957	1.25	0.0
0	1958	1.25	0.0
0	1959	1.25	0.0
0	1960	1.25	0.0
0	1961	1.24	0.0
0	1962	1.24	0.0
0	1963	1.23	0.0
0	1964	1.23	0.0
0	1965	1.22	0.0
0	1966	1.19	0.0
0	1967	1.19	0.0
0	1968	1.18	0.0
0	1969	1.18	0.0
0	1970	1.18	0.0
0	1971	1.17	0.0
0	1972	1.17	0.62
0	1973	1.16	0.0
0	1974	1.15	0.43
0	1975	1.15	0.0
0	1976	1.15	0.0
0	1977	1.15	0.0
0	1978	1.13	0.0
0	1979	1.13	0.0
0	1980	1.12	0.0
0	1981	1.12	0.0
0	1982	1.12	0.0
0	1983	1.11	0.0
0	1984	1.1	1.04
0	1985	1.1	0.53
0	1986	1.1	0.0
0	1987	1.09	0.0
0	1988	1.08	0.0
0	1989	1.07	0.0
0	1990	1.06	0.0
0	1991	1.05	0.0
0	1992	1.05	0.0
0	1993	1.05	0.0
0	1994	1.04	0.0
0	1995	1.04	0.0
0	1996	1.04	0.0
0	1997	1.03	0.0
0	1998	1.03	0.0
0	1999	1.03	0.0
0	2000	1.02	0.05
0	2001	0.99	0.0
0	2002	0.99	0.0
0	2003	0.98	0.0
0	2004	0.98	0.0
0	2005	0.97	0.0
0	2006	0.97	0.0
0	2007	0.96	0.0
0	2008	0.96	0.0
0	2009	0.96	0.0
0	2010	0.94	0.0
0	2011	0.92	0.0
0	2012	0.92	0.0
0	2013	0.92	0.0
0	2014	0.92	0.0
0	2015	0.91	0.0
0	2016	0.91	0.0
0	2017	0.9	0.0
0	2018	0.9	0.0
0	2019	0.89	0.0
0	2020	0.88	0.0
0	2021	0.88	0.71
0	2022	0.87	0.0
0	2023	0.87	0.0
0	2024	0.87	0.0
0	2025	0.86	0.0
0	2026	0.86	0.0
0	2027	0.86	0.0
0	2028	0.86	0.0
0	2029	0.86	0.02
0	2030	0.84	0.0
0	2031	0.83	0.0
0	2032	0.83	0.0
0	2033	0.82	0.0
0	2034	0.82	0.0
0	2035	0.79	0.0
0	2036	0.79	0.52
0	2037	0.79	0.0
0	2038	0.78	0.0
0	2039	0.77	0.0
0	2040	0.76	0.0
0	2041	0.75	0.0
0	2042	0.74	0.0
0	2043	0.74	0.0
0	2044	0.72	0.0
0	2045	0.72	0.0
0	2046	0.71	0.0
0	2047	0.7	0.0
0	2048	0.69	0.0
0	2049	0.69	0.12
0	2050	0.69	0.0
0	2051	0.69	0.0
0	2052	0.68	0.57
0	2053	0.68	0.0
0	2054	0.67	0.0
0	2055	0.66	0.0
0	2056	0.66	0.0
0	2057	0.65	0.0
0	2058	0.65	0.0
0	2059	0.64	0.0
0	2060	0.62	0.0
0	2061	0.62	0.0
0	2062	0.61	0.0
0	2063	0.6	0.0
0	2064	0.6	0.0
0	2065	0.6	0.0
0	2066	0.58	0.0
0	2067	0.58	0.0
0	2068	0.57	0.0
0	2069	0.57	0.0
0	2070	0.56	0.0
0	2071	0.56	0.0
0	2072	0.56	0.0
0	2073	0.55	0.0
0	2074	0.54	0.0
0	2075	0.54	0.0
0	2076	0.52	0.0
0	2077	0.51	0.0
0	2078	0.5	0.0
0	2079	0.5	0.0
0	2080	0.49	0.0
0	2081	0.48	0.0
0	2082	0.47	0.0
0	2083	0.47	0.0
0	2084	0.47	0.0
0	2085	0.47	0.15
0	2086	0.46	0.0
0	2087	0.46	0.0
0	2088	0.45	0.0
0	2089	0.45	0.0
0	2090	0.44	0.0
0	2091	0.44	0.0
0	2092	0.44	0.0
0	2093	0.43	0.0
0	2094	0.42	0.0
0	2095	0.42	0.0
0	2096	0.42	0.0
0	2097	0.42	0.0
0	2098	0.41	0.02
0	2099	0.41	0.0
0	2100	0.4	0.0
0	2101	0.4	0.0
0	2102	0.39	0.0
0	2103	0.38	0.0
0	2104	0.38	0.0
0	2105	0.37	0.0
0	2106	0.37	0.0
0	2107	0.37	0.0
0	2108	0.37	0.0
0	2109	0.36	0.0
0	2110	0.35	0.0
0	2111	0.34	0.25
0	2112	0.33	0.0
0	2113	0.32	0.0
0	2114	0.31	0.0
0	2115	0.3	0.0
0	2116	0.3	0.0
0	2117	0.3	0.0
0	2118	0.29	0.0
0	2119	0.29	0.0
0	2120	0.28	0.0
0	2121	0.27	0.0
0	2122	0.26	0.0
0	2123	0.26	0.0
0	2124	0.25	0.0
0	2125	0.25	0.0
0	2126	0.24	0.0
0	2127	0.23	0.0
0	2128	0.21	0.0
0	2129	0.21	0.0
0	2130	0.21	0.0
0	2131	0.2	0.0
0	2132	0.19	0.0
0	2133	0.16	0.0
0	2134	0.16	0.0
0	2135	0.16	0.0
0	2136	0.15	0.0
0	2137	0.14	0.0
0	2138	0.14	0.0
0	2139	0.14	0.0
0	2140	0.13	0.0
0	2141	0.13	0.0
0	2142	0.12	0.0
0	2143	0.12	0.0
0	2144	0.11	0.0
0	2145	0.11	0.0
0	2146	0.1	0.0
0	2147	0.1	0.0
0	2148	0.09	0.0
0	2149	0.09	0.0
0	2150	0.08	0.0
0	2151	0.07	0.0
0	2152	0.06	0.0
0	2153	0.05	0.0
0	2154	0.04	0.0
0	2155	0.04	0.0
0	2156	0.03	0.0
0	2157	0.03	0.0
0	2158	0.02	0.0
0	2159	0.02	0.0
0	2160	0.01	0.0
0	2161	0.01	0.0
0	2162	0.01	0.0
