clade	species	ts	te
0	1	100.0	86.85
0	2	87.42	74.05
0	3	82.72	66.1
0	4	81.59	81.57
0	5	81.29	54.78
0	6	81.18	80.9
0	7	78.15	60.79
0	8	72.67	66.98
0	9	71.05	61.27
0	10	69.99	68.13
0	11	69.52	59.08
0	12	66.72	46.04
0	13	66.65	53.36
0	14	66.44	65.84
0	15	66.33	48.41
0	16	66.13	65.29
0	17	66.13	64.34
0	18	65.94	56.33
0	19	65.5	60.9
0	20	65.44	63.01
0	21	65.0	56.22
0	22	64.04	60.28
0	23	63.93	50.21
0	24	63.82	60.43
0	25	62.86	62.69
0	26	62.56	58.23
0	27	62.18	58.75
0	28	60.83	55.86
0	29	60.63	52.85
0	30	60.45	58.04
0	31	59.91	56.04
0	32	59.83	58.96
0	33	59.55	44.24
0	34	59.14	37.11
0	35	58.45	53.81
0	36	58.41	42.75
0	37	58.4	34.88
0	38	58.34	53.2
0	39	58.33	52.24
0	40	58.26	55.13
0	41	58.19	48.29
0	42	58.11	44.16
0	43	58.09	55.24
0	44	57.93	54.61
0	45	57.89	55.73
0	46	57.65	52.05
0	47	57.02	54.63
0	48	56.88	56.74
0	49	56.77	54.73
0	50	56.28	42.77
0	51	55.87	50.66
0	52	55.79	34.72
0	53	54.61	40.3
0	54	54.52	28.58
0	55	54.35	13.57
0	56	54.1	52.76
0	57	54.05	29.68
0	58	53.91	42.27
0	59	53.57	37.04
0	60	53.17	50.4
0	61	53.05	41.57
0	62	52.86	49.49
0	63	52.71	50.44
0	64	52.57	52.32
0	65	52.55	42.54
0	66	52.46	47.19
0	67	52.28	40.81
0	68	51.97	30.88
0	69	51.58	45.12
0	70	50.97	45.43
0	71	50.95	21.06
0	72	50.84	40.77
0	73	50.43	44.54
0	74	50.34	47.83
0	75	50.26	46.1
0	76	50.14	47.27
0	77	49.74	39.11
0	78	49.56	41.6
0	79	49.5	46.68
0	80	49.35	35.31
0	81	49.29	36.18
0	82	49.04	29.17
0	83	48.52	40.75
0	84	48.39	40.03
0	85	48.18	41.07
0	86	47.93	40.49
0	87	47.85	36.31
0	88	47.76	47.0
0	89	47.54	42.99
0	90	47.49	40.27
0	91	47.45	45.86
0	92	47.04	45.34
0	93	46.93	35.83
0	94	46.81	40.17
0	95	46.59	36.61
0	96	46.58	31.03
0	97	46.48	42.24
0	98	46.45	36.77
0	99	46.32	41.13
0	100	46.23	38.89
0	101	46.08	32.82
0	102	45.36	44.42
0	103	45.15	44.29
0	104	44.98	44.82
0	105	44.91	43.82
0	106	44.86	37.1
0	107	44.83	41.11
0	108	44.79	43.61
0	109	44.74	32.53
0	110	44.69	44.28
0	111	44.46	43.64
0	112	44.32	43.37
0	113	44.29	36.91
0	114	44.12	22.58
0	115	44.08	42.73
0	116	43.97	0.0
0	117	43.81	36.9
0	118	43.8	36.29
0	119	43.76	24.24
0	120	43.72	21.79
0	121	43.57	34.8
0	122	43.52	34.83
0	123	43.38	36.69
0	124	43.19	34.34
0	125	43.1	24.14
0	126	42.68	31.05
0	127	42.49	41.01
0	128	42.14	29.95
0	129	42.04	25.77
0	130	41.92	35.67
0	131	41.87	40.1
0	132	41.85	29.27
0	133	41.83	0.0
0	134	41.7	37.36
0	135	41.65	34.01
0	136	41.64	35.92
0	137	41.6	31.0
0	138	41.5	33.56
0	139	41.4	35.16
0	140	41.34	38.21
0	141	41.21	35.75
0	142	41.1	18.02
0	143	41.04	28.94
0	144	40.96	39.36
0	145	40.87	23.75
0	146	40.76	26.95
0	147	40.73	35.88
0	148	40.67	31.12
0	149	40.62	23.03
0	150	40.53	39.8
0	151	40.42	34.07
0	152	40.25	14.17
0	153	40.22	37.25
0	154	39.99	39.23
0	155	39.91	29.6
0	156	39.76	28.1
0	157	39.69	39.6
0	158	39.5	29.53
0	159	39.42	34.27
0	160	39.41	4.3
0	161	39.32	24.21
0	162	39.13	37.84
0	163	38.57	7.21
0	164	38.47	30.41
0	165	38.47	30.24
0	166	38.33	36.4
0	167	38.05	25.6
0	168	38.01	24.49
0	169	38.0	16.46
0	170	37.99	31.46
0	171	37.74	36.02
0	172	37.59	27.76
0	173	37.42	35.8
0	174	37.37	20.98
0	175	37.36	0.0
0	176	37.3	24.27
0	177	37.18	30.36
0	178	37.16	31.35
0	179	37.03	37.02
0	180	36.89	15.49
0	181	36.72	36.34
0	182	36.62	26.57
0	183	36.53	34.53
0	184	36.51	18.21
0	185	36.43	29.57
0	186	36.36	33.56
0	187	36.14	6.58
0	188	36.01	27.59
0	189	35.9	29.26
0	190	35.68	33.5
0	191	35.48	20.68
0	192	35.48	24.87
0	193	35.46	33.68
0	194	35.31	27.45
0	195	35.26	26.44
0	196	35.23	28.01
0	197	35.14	9.25
0	198	35.12	23.77
0	199	35.1	34.16
0	200	35.07	22.19
0	201	35.04	14.54
0	202	34.98	24.9
0	203	34.91	31.42
0	204	34.82	26.35
0	205	34.72	32.47
0	206	34.72	24.54
0	207	34.71	32.88
0	208	34.65	34.4
0	209	34.5	27.11
0	210	34.28	33.69
0	211	34.21	0.0
0	212	34.1	12.96
0	213	34.09	29.76
0	214	33.8	33.75
0	215	33.69	0.0
0	216	33.56	22.89
0	217	33.54	24.83
0	218	33.46	0.0
0	219	33.46	15.96
0	220	33.37	29.53
0	221	33.25	30.41
0	222	33.24	3.49
0	223	33.24	28.12
0	224	33.17	24.76
0	225	33.16	32.08
0	226	33.15	27.77
0	227	33.0	29.51
0	228	32.94	30.39
0	229	32.78	20.51
0	230	32.52	26.59
0	231	32.38	27.08
0	232	32.2	8.45
0	233	31.92	17.15
0	234	31.86	10.02
0	235	31.82	10.99
0	236	31.7	26.31
0	237	31.69	27.21
0	238	31.56	31.31
0	239	31.54	26.91
0	240	31.5	28.62
0	241	31.42	13.57
0	242	31.3	28.16
0	243	31.16	28.74
0	244	31.06	22.1
0	245	31.0	11.49
0	246	30.99	18.4
0	247	30.98	25.37
0	248	30.95	22.79
0	249	30.87	22.61
0	250	30.47	16.01
0	251	30.45	27.79
0	252	30.44	25.71
0	253	30.41	15.46
0	254	30.39	29.02
0	255	30.39	24.65
0	256	30.34	28.22
0	257	30.34	27.45
0	258	30.33	25.97
0	259	30.33	6.55
0	260	30.29	11.56
0	261	30.09	27.37
0	262	29.92	0.0
0	263	29.89	21.71
0	264	29.81	22.48
0	265	29.81	28.51
0	266	29.8	15.14
0	267	29.78	20.38
0	268	29.63	27.69
0	269	29.59	18.04
0	270	29.59	28.7
0	271	29.57	12.05
0	272	29.52	9.39
0	273	29.42	29.02
0	274	29.42	22.45
0	275	29.39	16.48
0	276	29.33	11.0
0	277	29.28	24.69
0	278	29.25	19.51
0	279	29.22	28.94
0	280	29.1	1.14
0	281	29.01	14.07
0	282	29.0	23.06
0	283	28.96	25.58
0	284	28.79	17.53
0	285	28.71	0.0
0	286	28.65	26.22
0	287	28.59	27.09
0	288	28.54	3.93
0	289	28.42	23.39
0	290	28.39	26.71
0	291	28.35	24.18
0	292	28.34	3.56
0	293	28.19	24.06
0	294	28.08	16.82
0	295	28.05	16.01
0	296	28.04	12.14
0	297	28.03	24.74
0	298	27.99	23.84
0	299	27.95	27.1
0	300	27.89	25.16
0	301	27.88	22.09
0	302	27.84	23.45
0	303	27.8	22.89
0	304	27.76	25.75
0	305	27.76	27.26
0	306	27.73	9.94
0	307	27.62	17.69
0	308	27.55	10.57
0	309	27.36	26.39
0	310	27.36	25.13
0	311	27.26	23.92
0	312	27.26	12.43
0	313	27.21	0.0
0	314	26.84	13.09
0	315	26.7	24.85
0	316	26.69	24.78
0	317	26.59	21.02
0	318	26.57	24.73
0	319	26.5	25.1
0	320	26.33	6.8
0	321	26.31	26.12
0	322	26.03	15.46
0	323	25.99	17.84
0	324	25.97	22.12
0	325	25.96	8.51
0	326	25.92	25.18
0	327	25.9	25.03
0	328	25.83	25.31
0	329	25.74	23.14
0	330	25.73	23.83
0	331	25.7	1.41
0	332	25.45	20.75
0	333	25.39	6.63
0	334	25.38	16.01
0	335	25.34	23.92
0	336	25.27	24.83
0	337	25.22	7.62
0	338	25.22	17.14
0	339	25.21	22.31
0	340	25.19	23.29
0	341	25.18	22.19
0	342	25.06	19.3
0	343	25.05	7.57
0	344	25.04	23.27
0	345	25.03	12.72
0	346	24.98	22.32
0	347	24.91	13.81
0	348	24.91	19.3
0	349	24.8	0.0
0	350	24.77	13.95
0	351	24.77	12.8
0	352	24.74	19.81
0	353	24.72	23.69
0	354	24.7	13.4
0	355	24.67	18.98
0	356	24.61	21.58
0	357	24.54	0.0
0	358	24.43	21.2
0	359	24.42	0.0
0	360	24.38	10.24
0	361	24.35	6.68
0	362	24.35	18.25
0	363	24.34	19.7
0	364	24.32	22.59
0	365	24.27	16.8
0	366	24.17	9.88
0	367	24.13	14.81
0	368	24.11	0.0
0	369	24.1	21.29
0	370	23.98	15.27
0	371	23.83	14.41
0	372	23.62	6.16
0	373	23.55	11.11
0	374	23.54	14.27
0	375	23.53	12.64
0	376	23.5	21.67
0	377	23.45	10.88
0	378	23.44	14.04
0	379	23.42	0.0
0	380	23.34	23.17
0	381	23.26	21.08
0	382	23.26	8.82
0	383	23.21	7.09
0	384	23.19	13.18
0	385	23.09	9.24
0	386	23.08	0.0
0	387	23.03	5.38
0	388	23.01	13.35
0	389	23.01	21.48
0	390	22.94	17.6
0	391	22.84	17.99
0	392	22.84	21.79
0	393	22.83	15.17
0	394	22.71	22.24
0	395	22.64	0.0
0	396	22.61	19.5
0	397	22.58	18.64
0	398	22.54	16.64
0	399	22.54	10.04
0	400	22.52	12.76
0	401	22.52	0.2
0	402	22.51	15.54
0	403	22.5	11.57
0	404	22.5	16.56
0	405	22.48	0.0
0	406	22.46	4.7
0	407	22.45	19.1
0	408	22.42	15.92
0	409	22.41	8.95
0	410	22.41	20.16
0	411	22.4	20.62
0	412	22.36	20.9
0	413	22.34	10.06
0	414	22.31	20.62
0	415	22.27	9.71
0	416	22.27	17.35
0	417	22.16	0.0
0	418	22.15	20.91
0	419	22.13	0.0
0	420	22.12	17.07
0	421	22.09	11.88
0	422	22.03	0.0
0	423	21.97	0.0
0	424	21.93	0.0
0	425	21.88	19.87
0	426	21.86	0.0
0	427	21.86	7.63
0	428	21.85	18.72
0	429	21.84	0.0
0	430	21.83	5.78
0	431	21.8	18.98
0	432	21.79	18.0
0	433	21.77	20.69
0	434	21.73	15.57
0	435	21.72	20.47
0	436	21.72	13.92
0	437	21.7	18.76
0	438	21.67	20.19
0	439	21.61	7.75
0	440	21.6	12.86
0	441	21.58	20.15
0	442	21.55	10.93
0	443	21.53	6.58
0	444	21.47	13.88
0	445	21.46	1.1
0	446	21.36	14.15
0	447	21.35	5.0
0	448	21.34	15.24
0	449	21.3	11.17
0	450	21.25	10.63
0	451	21.25	14.24
0	452	21.21	13.08
0	453	21.21	21.13
0	454	21.21	18.94
0	455	21.19	16.61
0	456	21.14	4.13
0	457	21.07	17.06
0	458	21.02	12.46
0	459	20.96	12.26
0	460	20.95	14.85
0	461	20.92	18.71
0	462	20.89	20.36
0	463	20.87	19.28
0	464	20.83	5.94
0	465	20.83	1.1
0	466	20.82	11.78
0	467	20.81	18.88
0	468	20.72	0.0
0	469	20.71	13.04
0	470	20.68	18.96
0	471	20.68	2.64
0	472	20.61	15.62
0	473	20.6	13.13
0	474	20.55	19.08
0	475	20.53	14.66
0	476	20.52	4.82
0	477	20.48	3.5
0	478	20.42	16.76
0	479	20.4	14.02
0	480	20.32	7.75
0	481	20.32	0.0
0	482	20.28	19.36
0	483	20.24	11.43
0	484	20.17	17.93
0	485	20.05	17.08
0	486	20.04	19.39
0	487	20.02	19.44
0	488	19.99	16.85
0	489	19.98	14.97
0	490	19.96	15.12
0	491	19.94	19.82
0	492	19.91	18.54
0	493	19.89	0.0
0	494	19.84	17.11
0	495	19.76	2.74
0	496	19.73	15.92
0	497	19.71	0.0
0	498	19.7	10.9
0	499	19.62	0.0
0	500	19.52	17.68
0	501	19.47	0.0
0	502	19.45	11.07
0	503	19.41	3.52
0	504	19.37	11.08
0	505	19.36	12.3
0	506	19.35	9.65
0	507	19.35	16.35
0	508	19.32	17.99
0	509	19.31	12.33
0	510	19.29	12.16
0	511	19.25	15.92
0	512	19.23	15.72
0	513	19.22	12.99
0	514	19.16	0.0
0	515	19.12	2.58
0	516	19.04	16.32
0	517	19.02	13.77
0	518	19.0	14.62
0	519	18.96	5.98
0	520	18.94	12.59
0	521	18.86	6.33
0	522	18.82	0.0
0	523	18.82	15.15
0	524	18.79	12.49
0	525	18.74	0.0
0	526	18.69	14.65
0	527	18.64	17.56
0	528	18.64	15.6
0	529	18.61	7.65
0	530	18.59	13.86
0	531	18.57	15.31
0	532	18.53	2.43
0	533	18.46	6.74
0	534	18.45	0.0
0	535	18.44	15.74
0	536	18.35	4.1
0	537	18.35	8.94
0	538	18.25	14.64
0	539	18.24	17.63
0	540	18.23	14.2
0	541	18.19	13.33
0	542	18.17	3.67
0	543	18.15	17.95
0	544	18.1	15.18
0	545	18.09	11.75
0	546	17.99	7.12
0	547	17.97	0.0
0	548	17.97	10.1
0	549	17.93	14.27
0	550	17.91	8.97
0	551	17.91	13.63
0	552	17.84	1.59
0	553	17.8	15.29
0	554	17.76	15.29
0	555	17.72	15.24
0	556	17.72	3.25
0	557	17.69	14.79
0	558	17.66	5.19
0	559	17.65	16.15
0	560	17.65	0.0
0	561	17.63	16.57
0	562	17.62	11.59
0	563	17.6	15.99
0	564	17.59	13.32
0	565	17.5	15.82
0	566	17.48	12.53
0	567	17.46	0.0
0	568	17.45	9.35
0	569	17.44	11.58
0	570	17.41	0.0
0	571	17.37	15.25
0	572	17.35	12.65
0	573	17.33	15.33
0	574	17.3	0.0
0	575	17.29	13.6
0	576	17.22	8.55
0	577	17.22	12.11
0	578	17.2	16.32
0	579	17.18	14.59
0	580	17.17	2.31
0	581	17.16	9.97
0	582	17.08	0.0
0	583	17.03	0.0
0	584	16.99	5.99
0	585	16.98	7.54
0	586	16.91	0.0
0	587	16.91	15.55
0	588	16.76	0.0
0	589	16.74	0.0
0	590	16.69	0.0
0	591	16.64	15.24
0	592	16.62	0.0
0	593	16.58	11.8
0	594	16.57	13.72
0	595	16.57	10.98
0	596	16.54	12.26
0	597	16.51	0.0
0	598	16.5	6.58
0	599	16.48	2.8
0	600	16.42	11.87
0	601	16.42	11.62
0	602	16.4	5.16
0	603	16.4	7.47
0	604	16.35	14.27
0	605	16.35	12.39
0	606	16.35	15.3
0	607	16.34	0.0
0	608	16.32	9.89
0	609	16.32	14.66
0	610	16.31	10.89
0	611	16.31	7.68
0	612	16.3	14.01
0	613	16.27	5.41
0	614	16.27	15.77
0	615	16.23	14.8
0	616	16.2	6.8
0	617	16.13	7.84
0	618	16.11	11.24
0	619	16.1	0.0
0	620	16.08	9.54
0	621	16.07	0.0
0	622	16.07	5.71
0	623	16.01	2.62
0	624	16.0	11.18
0	625	15.97	8.25
0	626	15.93	1.36
0	627	15.89	13.17
0	628	15.87	1.18
0	629	15.86	13.86
0	630	15.83	6.84
0	631	15.82	13.4
0	632	15.79	13.78
0	633	15.79	1.98
0	634	15.76	10.01
0	635	15.74	0.01
0	636	15.72	13.31
0	637	15.69	14.33
0	638	15.69	11.61
0	639	15.64	8.19
0	640	15.6	0.0
0	641	15.58	0.0
0	642	15.57	0.0
0	643	15.57	14.09
0	644	15.55	6.27
0	645	15.54	12.13
0	646	15.54	12.8
0	647	15.53	6.16
0	648	15.46	5.96
0	649	15.46	14.31
0	650	15.45	6.32
0	651	15.43	6.38
0	652	15.42	11.63
0	653	15.4	5.06
0	654	15.33	0.0
0	655	15.33	14.17
0	656	15.32	0.0
0	657	15.28	14.46
0	658	15.28	4.78
0	659	15.27	5.08
0	660	15.25	6.43
0	661	15.2	14.22
0	662	15.19	11.67
0	663	15.18	7.47
0	664	15.17	13.27
0	665	15.13	12.05
0	666	15.12	0.0
0	667	15.08	10.65
0	668	15.08	4.67
0	669	15.06	6.69
0	670	15.06	12.53
0	671	15.06	10.22
0	672	15.05	8.71
0	673	15.05	11.91
0	674	14.93	0.0
0	675	14.91	10.98
0	676	14.89	10.27
0	677	14.87	13.56
0	678	14.86	13.42
0	679	14.86	11.55
0	680	14.84	13.32
0	681	14.84	14.3
0	682	14.8	10.09
0	683	14.79	6.98
0	684	14.76	9.08
0	685	14.72	0.0
0	686	14.72	14.24
0	687	14.71	10.63
0	688	14.67	0.31
0	689	14.65	5.19
0	690	14.62	0.0
0	691	14.56	7.86
0	692	14.56	0.0
0	693	14.56	1.29
0	694	14.55	11.36
0	695	14.52	0.0
0	696	14.49	11.65
0	697	14.46	12.56
0	698	14.42	4.31
0	699	14.41	0.0
0	700	14.41	6.7
0	701	14.4	11.89
0	702	14.39	9.98
0	703	14.37	1.51
0	704	14.36	7.43
0	705	14.35	10.36
0	706	14.35	11.83
0	707	14.32	0.0
0	708	14.32	0.0
0	709	14.26	13.38
0	710	14.24	8.79
0	711	14.23	0.0
0	712	14.23	12.4
0	713	14.23	11.83
0	714	14.21	13.76
0	715	14.19	11.93
0	716	14.18	14.13
0	717	14.15	3.04
0	718	14.14	14.02
0	719	14.1	12.18
0	720	14.07	13.83
0	721	14.04	8.95
0	722	14.02	0.0
0	723	14.01	0.0
0	724	13.97	4.14
0	725	13.95	3.18
0	726	13.95	9.39
0	727	13.94	3.33
0	728	13.94	0.0
0	729	13.92	0.0
0	730	13.9	13.33
0	731	13.87	11.96
0	732	13.83	0.0
0	733	13.82	0.0
0	734	13.82	11.21
0	735	13.8	0.0
0	736	13.75	1.39
0	737	13.75	0.0
0	738	13.74	0.0
0	739	13.73	9.0
0	740	13.72	6.74
0	741	13.7	11.15
0	742	13.67	9.46
0	743	13.66	11.87
0	744	13.64	11.04
0	745	13.63	8.59
0	746	13.58	13.32
0	747	13.58	1.82
0	748	13.57	0.0
0	749	13.57	0.28
0	750	13.56	5.35
0	751	13.56	5.56
0	752	13.56	13.41
0	753	13.53	4.99
0	754	13.53	7.55
0	755	13.52	1.36
0	756	13.49	11.53
0	757	13.44	12.8
0	758	13.43	0.0
0	759	13.42	0.0
0	760	13.41	0.0
0	761	13.38	11.86
0	762	13.37	1.81
0	763	13.33	4.4
0	764	13.32	0.0
0	765	13.31	0.0
0	766	13.27	10.75
0	767	13.25	12.85
0	768	13.24	8.41
0	769	13.24	6.97
0	770	13.21	0.0
0	771	13.21	5.94
0	772	13.21	6.44
0	773	13.17	9.94
0	774	13.16	13.01
0	775	13.15	0.0
0	776	13.11	3.11
0	777	13.11	11.79
0	778	13.11	0.29
0	779	13.08	11.49
0	780	13.07	10.3
0	781	13.05	0.0
0	782	13.05	12.69
0	783	13.05	6.44
0	784	13.05	3.88
0	785	13.02	0.0
0	786	13.01	12.55
0	787	13.0	0.0
0	788	12.99	0.0
0	789	12.98	0.0
0	790	12.94	10.65
0	791	12.91	11.21
0	792	12.89	0.0
0	793	12.87	0.0
0	794	12.87	9.11
0	795	12.86	8.36
0	796	12.85	3.2
0	797	12.84	6.38
0	798	12.83	0.0
0	799	12.81	3.02
0	800	12.81	12.59
0	801	12.79	0.0
0	802	12.79	8.11
0	803	12.77	5.19
0	804	12.76	12.05
0	805	12.75	10.06
0	806	12.75	8.25
0	807	12.74	3.99
0	808	12.72	1.71
0	809	12.72	5.88
0	810	12.72	7.78
0	811	12.7	9.69
0	812	12.7	9.25
0	813	12.7	3.81
0	814	12.63	6.26
0	815	12.63	11.85
0	816	12.63	0.0
0	817	12.6	10.69
0	818	12.6	6.46
0	819	12.57	8.22
0	820	12.57	0.0
0	821	12.56	0.0
0	822	12.52	11.78
0	823	12.51	8.2
0	824	12.49	0.0
0	825	12.49	4.33
0	826	12.48	4.17
0	827	12.46	0.0
0	828	12.44	12.2
0	829	12.44	7.34
0	830	12.44	0.33
0	831	12.41	9.51
0	832	12.41	0.0
0	833	12.38	8.43
0	834	12.38	6.86
0	835	12.38	0.0
0	836	12.38	3.64
0	837	12.36	3.42
0	838	12.34	5.53
0	839	12.33	5.71
0	840	12.32	0.0
0	841	12.3	10.41
0	842	12.27	0.0
0	843	12.26	3.92
0	844	12.25	0.0
0	845	12.24	0.0
0	846	12.23	0.0
0	847	12.23	6.25
0	848	12.23	0.0
0	849	12.23	5.84
0	850	12.22	12.0
0	851	12.2	0.0
0	852	12.16	0.0
0	853	12.12	10.31
0	854	12.09	0.0
0	855	12.09	0.0
0	856	12.08	7.15
0	857	12.06	10.37
0	858	12.06	6.18
0	859	12.04	7.62
0	860	11.98	11.0
0	861	11.95	0.74
0	862	11.91	8.72
0	863	11.9	0.0
0	864	11.86	7.46
0	865	11.86	5.27
0	866	11.83	11.77
0	867	11.82	5.67
0	868	11.82	3.97
0	869	11.82	5.37
0	870	11.81	6.2
0	871	11.79	0.0
0	872	11.79	0.0
0	873	11.76	0.0
0	874	11.76	10.76
0	875	11.74	10.26
0	876	11.73	7.97
0	877	11.72	10.98
0	878	11.7	2.57
0	879	11.7	0.57
0	880	11.7	1.93
0	881	11.65	0.0
0	882	11.65	0.0
0	883	11.64	0.0
0	884	11.61	8.36
0	885	11.57	3.34
0	886	11.57	10.37
0	887	11.52	6.44
0	888	11.5	0.0
0	889	11.48	0.0
0	890	11.47	10.69
0	891	11.46	8.09
0	892	11.44	9.61
0	893	11.41	5.73
0	894	11.4	0.0
0	895	11.34	3.18
0	896	11.29	6.48
0	897	11.28	10.78
0	898	11.26	0.0
0	899	11.25	1.85
0	900	11.25	0.0
0	901	11.25	8.26
0	902	11.22	0.0
0	903	11.22	1.67
0	904	11.2	0.71
0	905	11.2	9.22
0	906	11.2	0.0
0	907	11.19	0.0
0	908	11.19	0.0
0	909	11.17	2.31
0	910	11.16	9.66
0	911	11.13	8.9
0	912	11.11	10.97
0	913	11.1	1.83
0	914	11.09	8.79
0	915	11.05	0.0
0	916	11.04	9.13
0	917	11.01	0.0
0	918	11.01	10.95
0	919	11.0	0.0
0	920	10.99	7.22
0	921	10.98	0.09
0	922	10.96	0.0
0	923	10.92	0.0
0	924	10.9	0.0
0	925	10.84	2.9
0	926	10.77	4.09
0	927	10.7	8.1
0	928	10.67	0.0
0	929	10.66	10.54
0	930	10.66	5.93
0	931	10.64	4.37
0	932	10.63	2.04
0	933	10.63	0.0
0	934	10.63	7.49
0	935	10.62	0.13
0	936	10.61	2.22
0	937	10.55	9.54
0	938	10.54	0.0
0	939	10.53	0.0
0	940	10.52	0.0
0	941	10.51	3.53
0	942	10.49	0.0
0	943	10.48	10.18
0	944	10.47	5.45
0	945	10.44	0.0
0	946	10.42	7.66
0	947	10.41	6.87
0	948	10.41	0.0
0	949	10.4	0.0
0	950	10.4	0.0
0	951	10.39	7.75
0	952	10.38	0.0
0	953	10.36	8.6
0	954	10.36	6.89
0	955	10.35	8.9
0	956	10.3	0.0
0	957	10.29	8.55
0	958	10.28	0.8
0	959	10.26	7.29
0	960	10.26	0.0
0	961	10.25	8.21
0	962	10.23	7.54
0	963	10.22	0.0
0	964	10.21	0.0
0	965	10.18	7.84
0	966	10.17	0.7
0	967	10.15	0.0
0	968	10.14	0.0
0	969	10.11	9.09
0	970	10.11	9.65
0	971	10.1	9.1
0	972	10.09	0.0
0	973	10.09	1.35
0	974	10.09	6.88
0	975	10.08	7.32
0	976	10.06	0.0
0	977	10.06	3.47
0	978	10.05	4.34
0	979	10.04	9.15
0	980	10.04	0.0
0	981	10.0	7.22
0	982	9.96	2.13
0	983	9.94	0.91
0	984	9.93	0.0
0	985	9.92	7.57
0	986	9.91	3.26
0	987	9.89	4.03
0	988	9.88	5.96
0	989	9.85	9.48
0	990	9.83	0.0
0	991	9.83	4.7
0	992	9.81	1.37
0	993	9.81	0.0
0	994	9.78	9.13
0	995	9.78	8.79
0	996	9.67	9.3
0	997	9.67	0.0
0	998	9.67	4.88
0	999	9.66	7.41
0	1000	9.66	6.65
0	1001	9.66	7.67
0	1002	9.65	4.47
0	1003	9.61	5.4
0	1004	9.59	2.49
0	1005	9.59	7.9
0	1006	9.58	0.0
0	1007	9.58	7.9
0	1008	9.57	0.0
0	1009	9.57	1.87
0	1010	9.56	6.03
0	1011	9.55	0.0
0	1012	9.54	9.42
0	1013	9.54	0.0
0	1014	9.51	0.0
0	1015	9.5	2.85
0	1016	9.45	1.97
0	1017	9.45	0.0
0	1018	9.45	8.11
0	1019	9.44	0.0
0	1020	9.42	0.0
0	1021	9.41	8.44
0	1022	9.4	9.23
0	1023	9.38	0.0
0	1024	9.38	1.92
0	1025	9.38	0.66
0	1026	9.38	0.0
0	1027	9.37	0.89
0	1028	9.36	0.0
0	1029	9.36	2.79
0	1030	9.36	0.0
0	1031	9.35	0.0
0	1032	9.34	8.29
0	1033	9.33	0.0
0	1034	9.31	0.0
0	1035	9.31	7.98
0	1036	9.29	8.53
0	1037	9.29	0.0
0	1038	9.28	0.0
0	1039	9.28	8.79
0	1040	9.28	5.75
0	1041	9.25	0.0
0	1042	9.25	0.0
0	1043	9.23	5.98
0	1044	9.19	7.26
0	1045	9.17	0.0
0	1046	9.16	7.27
0	1047	9.14	5.37
0	1048	9.12	4.24
0	1049	9.1	3.43
0	1050	9.08	4.33
0	1051	9.06	0.0
0	1052	9.05	8.34
0	1053	9.04	0.0
0	1054	9.04	0.0
0	1055	9.03	6.32
0	1056	9.0	7.03
0	1057	9.0	6.97
0	1058	8.96	2.81
0	1059	8.94	0.0
0	1060	8.94	2.13
0	1061	8.94	7.28
0	1062	8.93	7.48
0	1063	8.92	7.59
0	1064	8.91	0.0
0	1065	8.9	8.74
0	1066	8.89	0.3
0	1067	8.89	1.74
0	1068	8.86	6.39
0	1069	8.84	3.16
0	1070	8.81	1.5
0	1071	8.79	3.16
0	1072	8.77	7.97
0	1073	8.76	0.0
0	1074	8.75	0.0
0	1075	8.73	0.0
0	1076	8.71	6.84
0	1077	8.71	2.66
0	1078	8.7	4.73
0	1079	8.68	8.57
0	1080	8.68	0.0
0	1081	8.67	3.53
0	1082	8.65	0.0
0	1083	8.65	7.53
0	1084	8.63	0.0
0	1085	8.6	7.49
0	1086	8.6	6.46
0	1087	8.6	3.57
0	1088	8.59	2.2
0	1089	8.58	5.51
0	1090	8.55	0.0
0	1091	8.54	0.0
0	1092	8.54	0.0
0	1093	8.54	4.03
0	1094	8.52	3.59
0	1095	8.5	6.67
0	1096	8.5	1.48
0	1097	8.48	8.14
0	1098	8.48	6.46
0	1099	8.47	3.44
0	1100	8.37	0.0
0	1101	8.37	0.0
0	1102	8.35	4.44
0	1103	8.33	0.0
0	1104	8.33	4.72
0	1105	8.33	0.0
0	1106	8.27	0.41
0	1107	8.26	5.74
0	1108	8.25	6.01
0	1109	8.24	5.97
0	1110	8.23	5.88
0	1111	8.23	0.0
0	1112	8.22	0.0
0	1113	8.2	0.0
0	1114	8.2	0.0
0	1115	8.19	0.74
0	1116	8.18	0.56
0	1117	8.17	3.92
0	1118	8.16	3.34
0	1119	8.16	6.26
0	1120	8.15	5.53
0	1121	8.15	0.0
0	1122	8.15	1.63
0	1123	8.14	6.0
0	1124	8.13	8.02
0	1125	8.12	1.89
0	1126	8.1	0.0
0	1127	8.1	1.13
0	1128	8.09	7.01
0	1129	8.09	8.04
0	1130	8.07	2.72
0	1131	8.06	0.0
0	1132	8.05	0.0
0	1133	8.05	4.38
0	1134	8.02	0.0
0	1135	8.01	5.25
0	1136	8.01	0.0
0	1137	8.0	0.0
0	1138	7.99	0.0
0	1139	7.98	5.58
0	1140	7.97	6.91
0	1141	7.96	3.89
0	1142	7.96	6.3
0	1143	7.95	0.0
0	1144	7.94	4.19
0	1145	7.92	3.03
0	1146	7.92	5.02
0	1147	7.89	0.0
0	1148	7.88	0.0
0	1149	7.85	3.5
0	1150	7.84	5.85
0	1151	7.84	0.0
0	1152	7.84	4.32
0	1153	7.82	7.67
0	1154	7.82	0.0
0	1155	7.81	0.53
0	1156	7.81	4.69
0	1157	7.8	3.42
0	1158	7.79	0.0
0	1159	7.78	5.09
0	1160	7.78	3.67
0	1161	7.78	0.0
0	1162	7.75	3.18
0	1163	7.74	7.0
0	1164	7.73	0.0
0	1165	7.72	6.03
0	1166	7.72	4.64
0	1167	7.71	0.43
0	1168	7.71	4.09
0	1169	7.7	0.0
0	1170	7.68	0.81
0	1171	7.64	0.0
0	1172	7.63	0.0
0	1173	7.61	6.89
0	1174	7.61	2.16
0	1175	7.6	7.24
0	1176	7.59	0.0
0	1177	7.59	2.78
0	1178	7.58	0.0
0	1179	7.58	1.06
0	1180	7.56	4.9
0	1181	7.5	7.11
0	1182	7.48	0.0
0	1183	7.47	0.0
0	1184	7.47	0.0
0	1185	7.46	4.59
0	1186	7.46	6.29
0	1187	7.43	0.0
0	1188	7.39	2.83
0	1189	7.39	1.04
0	1190	7.38	2.14
0	1191	7.35	0.0
0	1192	7.33	0.0
0	1193	7.32	0.0
0	1194	7.3	0.82
0	1195	7.29	0.0
0	1196	7.28	2.28
0	1197	7.27	7.07
0	1198	7.27	5.51
0	1199	7.26	0.0
0	1200	7.26	0.0
0	1201	7.26	0.0
0	1202	7.23	0.0
0	1203	7.23	0.01
0	1204	7.21	2.14
0	1205	7.2	0.39
0	1206	7.19	2.22
0	1207	7.18	0.0
0	1208	7.18	0.0
0	1209	7.15	0.0
0	1210	7.13	0.0
0	1211	7.12	0.0
0	1212	7.09	0.0
0	1213	7.09	1.4
0	1214	7.09	3.67
0	1215	7.08	0.0
0	1216	7.08	0.0
0	1217	7.07	0.0
0	1218	7.03	5.77
0	1219	7.03	0.0
0	1220	6.95	0.0
0	1221	6.95	1.11
0	1222	6.95	4.72
0	1223	6.93	1.52
0	1224	6.93	6.8
0	1225	6.91	0.0
0	1226	6.9	0.0
0	1227	6.89	6.63
0	1228	6.87	0.0
0	1229	6.85	0.0
0	1230	6.85	6.15
0	1231	6.84	0.0
0	1232	6.83	0.0
0	1233	6.81	6.17
0	1234	6.8	5.47
0	1235	6.8	0.0
0	1236	6.77	0.0
0	1237	6.75	0.0
0	1238	6.72	3.19
0	1239	6.72	6.27
0	1240	6.71	1.76
0	1241	6.71	2.58
0	1242	6.7	0.7
0	1243	6.69	0.0
0	1244	6.65	2.73
0	1245	6.64	0.0
0	1246	6.63	4.87
0	1247	6.6	0.0
0	1248	6.59	5.77
0	1249	6.56	0.0
0	1250	6.55	1.38
0	1251	6.53	4.51
0	1252	6.52	0.0
0	1253	6.51	0.0
0	1254	6.49	0.0
0	1255	6.47	0.0
0	1256	6.42	0.0
0	1257	6.41	0.0
0	1258	6.41	0.0
0	1259	6.39	0.83
0	1260	6.37	1.23
0	1261	6.36	4.07
0	1262	6.33	3.5
0	1263	6.32	0.0
0	1264	6.3	3.28
0	1265	6.29	2.85
0	1266	6.29	0.0
0	1267	6.28	4.8
0	1268	6.28	0.0
0	1269	6.26	3.92
0	1270	6.24	0.0
0	1271	6.22	0.98
0	1272	6.22	4.3
0	1273	6.22	6.12
0	1274	6.22	0.0
0	1275	6.2	0.0
0	1276	6.19	0.0
0	1277	6.19	0.0
0	1278	6.19	0.0
0	1279	6.17	0.0
0	1280	6.17	0.0
0	1281	6.17	0.0
0	1282	6.16	0.09
0	1283	6.16	2.79
0	1284	6.14	0.0
0	1285	6.12	1.27
0	1286	6.1	0.0
0	1287	6.09	0.0
0	1288	6.09	2.76
0	1289	6.08	4.41
0	1290	6.07	2.79
0	1291	6.06	0.0
0	1292	6.04	0.0
0	1293	6.04	3.42
0	1294	6.0	4.77
0	1295	5.99	0.0
0	1296	5.98	0.0
0	1297	5.98	2.33
0	1298	5.95	1.64
0	1299	5.95	0.0
0	1300	5.94	0.0
0	1301	5.93	0.0
0	1302	5.92	5.76
0	1303	5.92	2.92
0	1304	5.89	0.0
0	1305	5.88	1.28
0	1306	5.88	2.9
0	1307	5.86	0.0
0	1308	5.85	5.32
0	1309	5.84	0.0
0	1310	5.83	1.71
0	1311	5.83	0.0
0	1312	5.82	4.0
0	1313	5.79	4.47
0	1314	5.77	1.68
0	1315	5.76	0.0
0	1316	5.76	1.55
0	1317	5.75	0.0
0	1318	5.75	0.0
0	1319	5.74	2.59
0	1320	5.71	0.0
0	1321	5.7	0.0
0	1322	5.68	5.39
0	1323	5.67	5.2
0	1324	5.67	4.72
0	1325	5.65	0.0
0	1326	5.61	0.0
0	1327	5.59	0.0
0	1328	5.55	0.0
0	1329	5.54	0.0
0	1330	5.53	3.03
0	1331	5.53	0.0
0	1332	5.5	1.4
0	1333	5.49	4.55
0	1334	5.48	0.0
0	1335	5.48	0.0
0	1336	5.47	2.67
0	1337	5.45	3.24
0	1338	5.42	0.0
0	1339	5.41	0.0
0	1340	5.4	1.76
0	1341	5.39	0.0
0	1342	5.37	0.0
0	1343	5.36	0.0
0	1344	5.35	0.0
0	1345	5.33	4.56
0	1346	5.31	4.93
0	1347	5.29	2.71
0	1348	5.27	0.32
0	1349	5.25	2.52
0	1350	5.24	0.0
0	1351	5.24	0.0
0	1352	5.22	0.0
0	1353	5.22	0.0
0	1354	5.2	0.0
0	1355	5.2	0.0
0	1356	5.19	0.0
0	1357	5.18	0.0
0	1358	5.16	0.0
0	1359	5.14	5.01
0	1360	5.14	0.0
0	1361	5.13	0.0
0	1362	5.13	0.9
0	1363	5.13	0.0
0	1364	5.12	0.0
0	1365	5.12	2.25
0	1366	5.09	0.0
0	1367	5.09	0.0
0	1368	5.06	0.0
0	1369	5.05	3.82
0	1370	5.03	0.0
0	1371	5.02	4.49
0	1372	5.0	0.0
0	1373	4.99	1.36
0	1374	4.99	0.0
0	1375	4.98	0.0
0	1376	4.96	4.78
0	1377	4.94	4.87
0	1378	4.9	4.18
0	1379	4.84	3.65
0	1380	4.83	2.39
0	1381	4.81	1.17
0	1382	4.81	0.0
0	1383	4.8	0.0
0	1384	4.8	0.0
0	1385	4.78	0.0
0	1386	4.78	2.41
0	1387	4.76	0.0
0	1388	4.75	4.39
0	1389	4.74	3.66
0	1390	4.73	0.0
0	1391	4.71	0.0
0	1392	4.7	0.0
0	1393	4.69	4.01
0	1394	4.69	0.0
0	1395	4.69	0.0
0	1396	4.67	0.85
0	1397	4.63	0.0
0	1398	4.62	2.67
0	1399	4.62	2.64
0	1400	4.61	0.0
0	1401	4.59	0.0
0	1402	4.59	0.0
0	1403	4.57	2.59
0	1404	4.56	0.0
0	1405	4.56	0.0
0	1406	4.55	0.5
0	1407	4.54	0.01
0	1408	4.51	2.72
0	1409	4.51	0.0
0	1410	4.51	0.6
0	1411	4.5	0.0
0	1412	4.5	0.0
0	1413	4.49	0.0
0	1414	4.49	4.11
0	1415	4.47	3.74
0	1416	4.46	0.0
0	1417	4.45	0.72
0	1418	4.45	0.0
0	1419	4.45	0.45
0	1420	4.44	2.14
0	1421	4.43	2.18
0	1422	4.42	0.0
0	1423	4.42	0.48
0	1424	4.41	0.0
0	1425	4.41	0.0
0	1426	4.4	0.0
0	1427	4.39	0.49
0	1428	4.39	3.89
0	1429	4.38	0.0
0	1430	4.36	0.0
0	1431	4.35	0.0
0	1432	4.34	2.26
0	1433	4.33	2.78
0	1434	4.33	3.62
0	1435	4.32	0.0
0	1436	4.32	1.63
0	1437	4.32	0.7
0	1438	4.31	0.0
0	1439	4.3	0.0
0	1440	4.29	0.35
0	1441	4.28	2.79
0	1442	4.28	0.0
0	1443	4.28	3.97
0	1444	4.27	0.0
0	1445	4.26	0.0
0	1446	4.25	0.0
0	1447	4.24	0.0
0	1448	4.19	0.06
0	1449	4.18	3.73
0	1450	4.17	1.44
0	1451	4.16	0.0
0	1452	4.16	0.67
0	1453	4.16	0.0
0	1454	4.15	0.64
0	1455	4.14	0.0
0	1456	4.13	0.0
0	1457	4.12	0.0
0	1458	4.12	0.0
0	1459	4.1	0.0
0	1460	4.09	0.0
0	1461	4.09	2.35
0	1462	4.09	0.0
0	1463	4.09	3.36
0	1464	4.09	0.0
0	1465	4.09	0.0
0	1466	4.08	0.0
0	1467	4.07	0.17
0	1468	4.07	0.0
0	1469	4.06	2.06
0	1470	4.06	0.0
0	1471	4.05	0.0
0	1472	4.05	3.21
0	1473	4.03	0.0
0	1474	4.02	0.37
0	1475	4.01	0.0
0	1476	4.0	0.0
0	1477	3.95	1.36
0	1478	3.95	2.29
0	1479	3.93	0.0
0	1480	3.93	0.73
0	1481	3.9	0.0
0	1482	3.88	2.24
0	1483	3.88	2.62
0	1484	3.86	0.0
0	1485	3.85	1.34
0	1486	3.84	0.0
0	1487	3.84	0.0
0	1488	3.82	0.0
0	1489	3.81	0.0
0	1490	3.81	1.5
0	1491	3.81	0.0
0	1492	3.8	0.0
0	1493	3.78	0.0
0	1494	3.76	0.0
0	1495	3.75	3.24
0	1496	3.75	0.0
0	1497	3.74	0.0
0	1498	3.74	0.0
0	1499	3.73	1.86
0	1500	3.73	0.0
0	1501	3.72	0.0
0	1502	3.72	0.0
0	1503	3.72	0.0
0	1504	3.71	0.76
0	1505	3.7	0.0
0	1506	3.66	0.0
0	1507	3.65	0.4
0	1508	3.64	0.0
0	1509	3.62	0.0
0	1510	3.62	0.0
0	1511	3.61	0.0
0	1512	3.58	0.31
0	1513	3.56	0.0
0	1514	3.56	0.33
0	1515	3.56	0.0
0	1516	3.55	0.0
0	1517	3.54	0.0
0	1518	3.54	0.0
0	1519	3.53	1.66
0	1520	3.52	0.0
0	1521	3.51	0.0
0	1522	3.51	0.0
0	1523	3.5	0.0
0	1524	3.48	0.0
0	1525	3.47	0.0
0	1526	3.46	0.0
0	1527	3.45	0.0
0	1528	3.4	0.0
0	1529	3.39	0.0
0	1530	3.39	0.0
0	1531	3.39	0.63
0	1532	3.39	0.0
0	1533	3.39	0.52
0	1534	3.37	0.47
0	1535	3.37	0.0
0	1536	3.36	2.37
0	1537	3.36	0.84
0	1538	3.35	0.0
0	1539	3.34	0.0
0	1540	3.33	0.0
0	1541	3.31	0.0
0	1542	3.3	2.19
0	1543	3.29	0.0
0	1544	3.28	0.0
0	1545	3.28	0.0
0	1546	3.27	0.0
0	1547	3.23	0.0
0	1548	3.2	2.6
0	1549	3.19	0.0
0	1550	3.18	0.82
0	1551	3.17	0.0
0	1552	3.13	2.51
0	1553	3.12	0.0
0	1554	3.12	0.0
0	1555	3.1	0.0
0	1556	3.09	1.85
0	1557	3.06	1.89
0	1558	3.05	0.0
0	1559	3.05	0.0
0	1560	3.04	0.0
0	1561	3.04	0.58
0	1562	3.04	0.55
0	1563	3.04	0.0
0	1564	3.03	1.24
0	1565	3.03	0.68
0	1566	3.02	2.75
0	1567	3.01	0.0
0	1568	2.99	0.0
0	1569	2.98	0.0
0	1570	2.98	0.0
0	1571	2.97	0.0
0	1572	2.97	0.0
0	1573	2.97	0.0
0	1574	2.96	0.56
0	1575	2.96	0.0
0	1576	2.96	0.0
0	1577	2.95	0.18
0	1578	2.95	0.0
0	1579	2.94	0.0
0	1580	2.93	0.0
0	1581	2.92	1.74
0	1582	2.91	0.0
0	1583	2.91	0.0
0	1584	2.91	0.0
0	1585	2.89	0.0
0	1586	2.87	2.43
0	1587	2.86	1.28
0	1588	2.85	0.59
0	1589	2.85	0.0
0	1590	2.85	0.0
0	1591	2.84	2.13
0	1592	2.84	0.0
0	1593	2.83	0.0
0	1594	2.83	2.07
0	1595	2.83	0.0
0	1596	2.82	0.0
0	1597	2.82	0.0
0	1598	2.82	0.0
0	1599	2.8	0.0
0	1600	2.8	0.08
0	1601	2.79	1.41
0	1602	2.79	0.0
0	1603	2.79	0.0
0	1604	2.78	0.0
0	1605	2.78	0.0
0	1606	2.75	0.0
0	1607	2.75	1.51
0	1608	2.73	1.5
0	1609	2.71	0.0
0	1610	2.7	0.0
0	1611	2.7	0.0
0	1612	2.7	0.0
0	1613	2.69	0.0
0	1614	2.67	0.0
0	1615	2.67	0.0
0	1616	2.65	0.0
0	1617	2.64	1.89
0	1618	2.64	0.0
0	1619	2.64	0.0
0	1620	2.63	0.0
0	1621	2.62	0.0
0	1622	2.6	0.0
0	1623	2.58	0.0
0	1624	2.57	0.01
0	1625	2.56	0.0
0	1626	2.56	0.0
0	1627	2.54	0.0
0	1628	2.53	0.0
0	1629	2.52	0.0
0	1630	2.52	0.0
0	1631	2.51	0.0
0	1632	2.51	0.0
0	1633	2.5	0.0
0	1634	2.5	1.93
0	1635	2.48	0.0
0	1636	2.47	1.73
0	1637	2.44	0.0
0	1638	2.44	0.0
0	1639	2.44	0.0
0	1640	2.44	2.2
0	1641	2.42	0.0
0	1642	2.42	0.0
0	1643	2.41	0.0
0	1644	2.4	0.0
0	1645	2.4	0.28
0	1646	2.4	0.0
0	1647	2.39	0.0
0	1648	2.39	0.0
0	1649	2.39	2.29
0	1650	2.39	0.0
0	1651	2.37	0.0
0	1652	2.36	0.0
0	1653	2.36	0.0
0	1654	2.34	0.0
0	1655	2.34	1.56
0	1656	2.32	0.0
0	1657	2.32	0.0
0	1658	2.31	0.0
0	1659	2.28	0.0
0	1660	2.27	0.0
0	1661	2.26	0.93
0	1662	2.26	0.0
0	1663	2.25	0.0
0	1664	2.24	1.15
0	1665	2.24	0.0
0	1666	2.24	0.0
0	1667	2.21	0.0
0	1668	2.2	0.0
0	1669	2.19	0.0
0	1670	2.18	0.0
0	1671	2.17	0.0
0	1672	2.17	0.0
0	1673	2.17	0.0
0	1674	2.16	0.51
0	1675	2.15	0.0
0	1676	2.15	0.0
0	1677	2.14	0.0
0	1678	2.14	1.2
0	1679	2.14	0.0
0	1680	2.14	0.0
0	1681	2.12	0.0
0	1682	2.11	0.0
0	1683	2.1	1.73
0	1684	2.1	0.44
0	1685	2.1	0.0
0	1686	2.1	0.0
0	1687	2.09	0.0
0	1688	2.09	0.0
0	1689	2.06	0.0
0	1690	2.05	0.0
0	1691	2.03	0.0
0	1692	2.03	0.0
0	1693	2.03	0.0
0	1694	2.02	0.0
0	1695	2.02	0.0
0	1696	2.02	0.0
0	1697	2.02	0.42
0	1698	1.98	0.19
0	1699	1.98	0.0
0	1700	1.98	0.0
0	1701	1.97	1.28
0	1702	1.96	0.0
0	1703	1.96	0.0
0	1704	1.95	0.64
0	1705	1.94	0.0
0	1706	1.92	0.0
0	1707	1.92	0.0
0	1708	1.92	0.0
0	1709	1.91	0.0
0	1710	1.89	0.0
0	1711	1.89	0.0
0	1712	1.89	1.78
0	1713	1.88	1.02
0	1714	1.88	0.0
0	1715	1.88	0.0
0	1716	1.88	0.0
0	1717	1.87	0.6
0	1718	1.86	0.0
0	1719	1.86	0.93
0	1720	1.86	0.0
0	1721	1.85	0.0
0	1722	1.85	0.0
0	1723	1.84	0.96
0	1724	1.83	0.0
0	1725	1.82	0.0
0	1726	1.81	0.0
0	1727	1.8	0.0
0	1728	1.79	0.0
0	1729	1.79	0.0
0	1730	1.79	0.0
0	1731	1.77	0.0
0	1732	1.77	0.0
0	1733	1.77	0.0
0	1734	1.72	0.0
0	1735	1.72	0.0
0	1736	1.71	0.0
0	1737	1.7	0.0
0	1738	1.67	0.0
0	1739	1.67	0.0
0	1740	1.66	0.0
0	1741	1.66	0.0
0	1742	1.65	0.0
0	1743	1.65	0.0
0	1744	1.63	0.0
0	1745	1.63	0.0
0	1746	1.62	0.0
0	1747	1.62	0.0
0	1748	1.61	0.0
0	1749	1.61	0.0
0	1750	1.6	0.0
0	1751	1.6	0.0
0	1752	1.58	0.0
0	1753	1.58	0.0
0	1754	1.57	0.0
0	1755	1.57	0.0
0	1756	1.57	0.0
0	1757	1.56	0.0
0	1758	1.5	0.0
0	1759	1.49	0.0
0	1760	1.48	0.0
0	1761	1.47	0.62
0	1762	1.43	0.0
0	1763	1.42	0.0
0	1764	1.42	0.0
0	1765	1.41	0.0
0	1766	1.41	0.0
0	1767	1.41	0.0
0	1768	1.4	0.0
0	1769	1.4	0.0
0	1770	1.4	0.0
0	1771	1.39	0.0
0	1772	1.39	1.37
0	1773	1.38	0.0
0	1774	1.36	1.15
0	1775	1.36	0.0
0	1776	1.35	0.0
0	1777	1.35	0.0
0	1778	1.35	0.42
0	1779	1.35	0.0
0	1780	1.34	0.0
0	1781	1.34	0.0
0	1782	1.32	0.0
0	1783	1.31	0.0
0	1784	1.31	0.0
0	1785	1.3	0.0
0	1786	1.3	0.0
0	1787	1.29	0.0
0	1788	1.28	0.0
0	1789	1.27	0.0
0	1790	1.27	0.0
0	1791	1.27	0.0
0	1792	1.26	0.0
0	1793	1.25	0.0
0	1794	1.23	0.0
0	1795	1.22	0.0
0	1796	1.21	0.0
0	1797	1.2	0.0
0	1798	1.2	0.0
0	1799	1.2	0.0
0	1800	1.19	0.0
0	1801	1.18	0.0
0	1802	1.17	0.0
0	1803	1.17	0.0
0	1804	1.16	0.0
0	1805	1.16	0.0
0	1806	1.16	0.0
0	1807	1.15	0.0
0	1808	1.15	0.0
0	1809	1.15	0.0
0	1810	1.14	0.0
0	1811	1.13	0.0
0	1812	1.13	0.0
0	1813	1.12	0.67
0	1814	1.1	0.0
0	1815	1.09	0.0
0	1816	1.08	0.0
0	1817	1.06	0.0
0	1818	1.01	0.0
0	1819	0.99	0.0
0	1820	0.99	0.0
0	1821	0.99	0.0
0	1822	0.98	0.0
0	1823	0.98	0.11
0	1824	0.97	0.62
0	1825	0.97	0.0
0	1826	0.96	0.0
0	1827	0.96	0.0
0	1828	0.96	0.0
0	1829	0.96	0.0
0	1830	0.95	0.0
0	1831	0.95	0.0
0	1832	0.94	0.44
0	1833	0.93	0.0
0	1834	0.92	0.0
0	1835	0.92	0.67
0	1836	0.91	0.0
0	1837	0.91	0.0
0	1838	0.89	0.0
0	1839	0.89	0.0
0	1840	0.88	0.0
0	1841	0.88	0.0
0	1842	0.88	0.0
0	1843	0.88	0.0
0	1844	0.87	0.0
0	1845	0.85	0.0
0	1846	0.85	0.0
0	1847	0.85	0.0
0	1848	0.83	0.0
0	1849	0.82	0.0
0	1850	0.8	0.0
0	1851	0.8	0.0
0	1852	0.8	0.0
0	1853	0.79	0.0
0	1854	0.79	0.0
0	1855	0.79	0.0
0	1856	0.79	0.0
0	1857	0.79	0.0
0	1858	0.78	0.23
0	1859	0.76	0.0
0	1860	0.76	0.0
0	1861	0.76	0.0
0	1862	0.75	0.0
0	1863	0.75	0.0
0	1864	0.73	0.0
0	1865	0.73	0.0
0	1866	0.73	0.0
0	1867	0.72	0.0
0	1868	0.72	0.0
0	1869	0.72	0.0
0	1870	0.71	0.0
0	1871	0.7	0.0
0	1872	0.69	0.0
0	1873	0.69	0.0
0	1874	0.69	0.0
0	1875	0.68	0.52
0	1876	0.68	0.0
0	1877	0.68	0.0
0	1878	0.67	0.0
0	1879	0.67	0.0
0	1880	0.65	0.0
0	1881	0.65	0.0
0	1882	0.64	0.0
0	1883	0.63	0.0
0	1884	0.63	0.29
0	1885	0.63	0.0
0	1886	0.62	0.0
0	1887	0.62	0.0
0	1888	0.62	0.0
0	1889	0.62	0.0
0	1890	0.61	0.0
0	1891	0.6	0.0
0	1892	0.6	0.0
0	1893	0.59	0.0
0	1894	0.59	0.0
0	1895	0.59	0.0
0	1896	0.58	0.0
0	1897	0.58	0.0
0	1898	0.58	0.0
0	1899	0.57	0.0
0	1900	0.56	0.0
0	1901	0.56	0.0
0	1902	0.55	0.0
0	1903	0.55	0.0
0	1904	0.54	0.0
0	1905	0.54	0.0
0	1906	0.54	0.0
0	1907	0.53	0.0
0	1908	0.53	0.0
0	1909	0.53	0.0
0	1910	0.53	0.0
0	1911	0.52	0.0
0	1912	0.51	0.0
0	1913	0.49	0.0
0	1914	0.48	0.0
0	1915	0.47	0.0
0	1916	0.46	0.0
0	1917	0.46	0.0
0	1918	0.45	0.43
0	1919	0.44	0.0
0	1920	0.44	0.0
0	1921	0.44	0.0
0	1922	0.44	0.0
0	1923	0.43	0.0
0	1924	0.43	0.0
0	1925	0.42	0.0
0	1926	0.41	0.22
0	1927	0.4	0.0
0	1928	0.39	0.0
0	1929	0.39	0.0
0	1930	0.38	0.0
0	1931	0.38	0.0
0	1932	0.35	0.0
0	1933	0.35	0.0
0	1934	0.35	0.0
0	1935	0.34	0.0
0	1936	0.34	0.0
0	1937	0.34	0.0
0	1938	0.33	0.0
0	1939	0.33	0.0
0	1940	0.31	0.0
0	1941	0.29	0.0
0	1942	0.29	0.0
0	1943	0.28	0.0
0	1944	0.28	0.0
0	1945	0.25	0.0
0	1946	0.25	0.0
0	1947	0.24	0.0
0	1948	0.24	0.0
0	1949	0.23	0.0
0	1950	0.23	0.0
0	1951	0.22	0.0
0	1952	0.2	0.0
0	1953	0.19	0.0
0	1954	0.18	0.0
0	1955	0.18	0.0
0	1956	0.18	0.0
0	1957	0.17	0.0
0	1958	0.16	0.0
0	1959	0.15	0.0
0	1960	0.15	0.0
0	1961	0.15	0.0
0	1962	0.15	0.0
0	1963	0.14	0.04
0	1964	0.13	0.0
0	1965	0.13	0.0
0	1966	0.13	0.0
0	1967	0.11	0.0
0	1968	0.11	0.0
0	1969	0.11	0.0
0	1970	0.11	0.01
0	1971	0.11	0.0
0	1972	0.08	0.0
0	1973	0.08	0.0
0	1974	0.06	0.0
0	1975	0.05	0.0
0	1976	0.02	0.0
0	1977	0.01	0.0
