clade	species	ts	te
0	1	100.0	91.79
0	2	98.67	95.06
0	3	95.54	62.32
0	4	92.92	79.81
0	5	87.82	80.25
0	6	87.69	70.18
0	7	84.44	76.15
0	8	84.25	56.47
0	9	83.03	79.08
0	10	82.33	70.8
0	11	81.95	72.62
0	12	81.67	74.89
0	13	81.52	76.51
0	14	80.79	75.32
0	15	80.37	80.17
0	16	78.59	70.37
0	17	78.34	73.91
0	18	76.95	70.19
0	19	76.56	58.44
0	20	73.58	70.98
0	21	73.38	20.5
0	22	73.09	38.87
0	23	72.58	70.72
0	24	72.38	70.01
0	25	72.0	44.23
0	26	71.85	70.6
0	27	71.6	69.58
0	28	71.41	61.0
0	29	70.55	42.38
0	30	70.54	70.18
0	31	69.2	55.03
0	32	69.0	59.08
0	33	68.22	67.67
0	34	67.63	66.8
0	35	67.55	55.24
0	36	66.86	64.66
0	37	66.77	55.97
0	38	66.59	63.35
0	39	66.43	52.66
0	40	65.82	63.93
0	41	64.74	54.8
0	42	64.58	46.38
0	43	64.57	62.58
0	44	64.47	64.4
0	45	63.7	53.35
0	46	63.38	36.06
0	47	63.31	62.81
0	48	62.95	58.11
0	49	62.12	58.27
0	50	61.77	60.77
0	51	61.67	57.07
0	52	61.45	40.3
0	53	61.13	58.01
0	54	61.1	57.8
0	55	60.72	54.24
0	56	60.02	41.85
0	57	59.82	52.14
0	58	59.73	47.53
0	59	59.68	47.44
0	60	59.3	46.79
0	61	59.21	54.18
0	62	59.17	41.48
0	63	59.05	29.88
0	64	59.02	55.47
0	65	58.89	36.07
0	66	58.51	50.99
0	67	58.18	55.85
0	68	57.74	54.7
0	69	57.35	56.52
0	70	57.31	43.58
0	71	57.05	52.25
0	72	56.93	28.4
0	73	56.83	49.52
0	74	56.75	47.91
0	75	56.64	56.59
0	76	56.22	54.3
0	77	56.01	44.73
0	78	55.98	39.37
0	79	55.78	54.06
0	80	55.29	51.19
0	81	55.16	42.83
0	82	55.15	31.72
0	83	54.94	50.37
0	84	54.18	53.36
0	85	54.18	46.6
0	86	54.14	52.89
0	87	53.75	40.64
0	88	53.38	52.52
0	89	53.24	42.51
0	90	53.1	45.31
0	91	53.03	45.41
0	92	52.39	44.68
0	93	52.29	49.3
0	94	52.11	49.56
0	95	51.99	46.37
0	96	51.13	41.63
0	97	51.12	44.3
0	98	50.88	45.02
0	99	50.76	14.26
0	100	50.65	28.37
0	101	50.13	48.86
0	102	50.05	47.74
0	103	50.01	49.78
0	104	49.9	35.92
0	105	49.81	49.23
0	106	49.69	47.97
0	107	49.26	32.02
0	108	49.17	43.28
0	109	48.5	47.44
0	110	48.45	38.83
0	111	48.4	29.55
0	112	48.39	48.1
0	113	47.69	42.6
0	114	47.63	46.65
0	115	47.58	39.86
0	116	47.37	33.24
0	117	47.35	32.04
0	118	47.28	46.03
0	119	47.26	40.3
0	120	47.02	39.31
0	121	46.83	45.51
0	122	46.83	44.75
0	123	46.78	40.66
0	124	46.77	37.02
0	125	46.77	33.17
0	126	46.32	43.69
0	127	46.26	33.79
0	128	46.23	27.01
0	129	46.15	32.65
0	130	46.15	28.84
0	131	45.87	43.86
0	132	45.81	31.78
0	133	45.77	14.87
0	134	45.77	41.28
0	135	45.76	40.11
0	136	45.74	36.98
0	137	45.71	41.72
0	138	45.63	27.41
0	139	45.48	41.94
0	140	45.32	37.57
0	141	45.24	30.05
0	142	45.18	35.1
0	143	45.05	44.5
0	144	44.97	24.06
0	145	44.78	39.13
0	146	44.75	26.33
0	147	44.64	41.16
0	148	44.56	41.76
0	149	44.41	42.49
0	150	44.2	37.07
0	151	44.16	42.38
0	152	44.14	42.35
0	153	44.12	36.03
0	154	43.82	27.39
0	155	43.7	41.88
0	156	43.57	41.65
0	157	43.47	31.0
0	158	43.38	41.35
0	159	43.34	38.29
0	160	43.22	42.02
0	161	43.09	42.45
0	162	43.09	40.96
0	163	42.88	30.38
0	164	42.81	37.98
0	165	42.76	28.47
0	166	42.6	42.17
0	167	42.53	13.01
0	168	42.5	42.34
0	169	42.49	6.85
0	170	42.45	30.46
0	171	42.25	38.81
0	172	42.19	35.81
0	173	42.18	13.9
0	174	42.15	18.81
0	175	42.04	33.33
0	176	41.92	41.87
0	177	41.86	34.73
0	178	41.85	18.71
0	179	41.79	36.08
0	180	41.7	37.48
0	181	41.6	21.64
0	182	41.57	41.52
0	183	41.3	30.71
0	184	41.26	40.19
0	185	40.77	37.68
0	186	40.69	39.2
0	187	40.68	26.03
0	188	40.59	33.58
0	189	40.54	40.32
0	190	40.48	37.67
0	191	40.16	26.1
0	192	40.1	35.03
0	193	39.96	27.54
0	194	39.8	0.0
0	195	39.76	34.23
0	196	39.69	30.41
0	197	39.69	27.89
0	198	39.66	37.88
0	199	39.66	10.92
0	200	39.62	39.24
0	201	39.61	26.81
0	202	39.61	37.95
0	203	39.59	29.99
0	204	39.5	32.06
0	205	39.48	9.22
0	206	39.48	37.75
0	207	39.45	30.65
0	208	39.39	0.0
0	209	39.22	29.27
0	210	39.18	27.54
0	211	39.12	16.16
0	212	39.11	19.08
0	213	39.03	34.59
0	214	38.88	33.23
0	215	38.71	18.26
0	216	38.66	21.36
0	217	38.63	29.16
0	218	38.6	13.96
0	219	38.5	34.21
0	220	38.43	32.91
0	221	38.2	33.82
0	222	38.05	36.77
0	223	38.02	35.47
0	224	37.96	34.96
0	225	37.94	33.42
0	226	37.82	35.85
0	227	37.78	23.09
0	228	37.56	27.92
0	229	37.5	17.38
0	230	37.45	29.33
0	231	37.36	10.47
0	232	37.11	32.23
0	233	37.05	36.4
0	234	36.98	27.36
0	235	36.91	34.66
0	236	36.88	13.71
0	237	36.54	27.97
0	238	36.4	20.05
0	239	36.34	31.06
0	240	36.32	35.66
0	241	36.29	35.37
0	242	36.24	20.32
0	243	36.08	27.14
0	244	36.04	35.41
0	245	35.87	33.92
0	246	35.8	33.86
0	247	35.79	21.49
0	248	35.78	26.41
0	249	35.68	35.01
0	250	35.47	32.54
0	251	35.43	35.19
0	252	35.41	33.38
0	253	35.36	28.81
0	254	35.31	33.52
0	255	35.3	34.64
0	256	35.18	20.83
0	257	35.17	20.17
0	258	35.11	16.6
0	259	35.08	31.94
0	260	35.03	25.3
0	261	34.93	33.9
0	262	34.85	32.57
0	263	34.82	10.04
0	264	34.76	23.42
0	265	34.76	25.48
0	266	34.63	31.43
0	267	34.54	23.76
0	268	34.51	31.06
0	269	34.46	31.15
0	270	34.46	33.72
0	271	34.34	30.87
0	272	34.32	33.55
0	273	34.14	23.84
0	274	34.08	2.93
0	275	34.01	23.45
0	276	33.9	26.22
0	277	33.87	31.0
0	278	33.73	15.3
0	279	33.72	29.7
0	280	33.61	25.13
0	281	33.54	20.46
0	282	33.44	25.26
0	283	33.4	32.88
0	284	33.38	29.11
0	285	33.37	33.32
0	286	33.37	32.11
0	287	33.29	9.89
0	288	33.25	18.08
0	289	33.19	27.06
0	290	33.15	23.51
0	291	32.98	29.06
0	292	32.93	14.03
0	293	32.9	17.8
0	294	32.72	30.51
0	295	32.71	21.96
0	296	32.71	25.79
0	297	32.55	0.0
0	298	32.5	25.97
0	299	32.46	17.79
0	300	32.44	22.62
0	301	32.34	25.73
0	302	32.1	23.41
0	303	32.08	27.38
0	304	32.03	15.76
0	305	31.99	2.86
0	306	31.96	21.61
0	307	31.83	0.0
0	308	31.78	14.93
0	309	31.52	26.82
0	310	31.48	17.66
0	311	31.48	16.29
0	312	31.44	22.53
0	313	31.35	29.33
0	314	31.15	18.19
0	315	31.12	15.11
0	316	31.11	26.61
0	317	31.03	26.06
0	318	31.02	13.23
0	319	31.02	18.75
0	320	30.97	29.28
0	321	30.86	18.31
0	322	30.81	29.19
0	323	30.76	11.0
0	324	30.74	22.7
0	325	30.69	12.47
0	326	30.56	22.07
0	327	30.56	19.29
0	328	30.55	22.51
0	329	30.55	6.38
0	330	30.48	20.41
0	331	30.44	29.91
0	332	30.42	17.85
0	333	30.21	28.47
0	334	30.21	19.52
0	335	30.19	17.37
0	336	30.19	16.34
0	337	30.18	20.11
0	338	30.06	0.0
0	339	29.94	24.87
0	340	29.93	18.54
0	341	29.87	0.0
0	342	29.69	22.79
0	343	29.45	22.48
0	344	29.4	20.6
0	345	29.4	17.76
0	346	29.3	22.58
0	347	29.28	28.55
0	348	29.27	20.94
0	349	29.23	18.73
0	350	29.22	28.61
0	351	29.2	16.62
0	352	29.17	19.3
0	353	29.11	24.61
0	354	29.04	1.17
0	355	29.02	28.84
0	356	28.99	27.04
0	357	28.91	23.16
0	358	28.88	26.41
0	359	28.82	8.61
0	360	28.81	17.24
0	361	28.74	15.26
0	362	28.73	22.73
0	363	28.64	26.8
0	364	28.52	23.02
0	365	28.51	24.45
0	366	28.5	24.36
0	367	28.48	14.42
0	368	28.46	1.4
0	369	28.46	27.71
0	370	28.4	11.67
0	371	28.31	19.97
0	372	28.25	19.05
0	373	28.18	18.55
0	374	28.18	14.11
0	375	28.14	9.84
0	376	28.02	20.47
0	377	27.95	18.05
0	378	27.89	14.33
0	379	27.85	11.04
0	380	27.83	10.48
0	381	27.72	23.55
0	382	27.69	19.29
0	383	27.66	20.2
0	384	27.61	23.41
0	385	27.58	4.54
0	386	27.57	10.12
0	387	27.56	13.42
0	388	27.49	25.11
0	389	27.49	27.47
0	390	27.48	27.46
0	391	27.46	18.57
0	392	27.46	8.84
0	393	27.46	27.41
0	394	27.44	10.57
0	395	27.4	23.13
0	396	27.37	22.76
0	397	27.33	27.09
0	398	27.32	12.6
0	399	27.29	21.15
0	400	27.28	22.81
0	401	27.28	24.37
0	402	27.18	3.48
0	403	27.18	24.8
0	404	27.15	12.4
0	405	26.97	0.0
0	406	26.92	13.66
0	407	26.92	21.47
0	408	26.91	21.1
0	409	26.87	26.19
0	410	26.84	15.47
0	411	26.83	16.52
0	412	26.83	24.6
0	413	26.82	12.72
0	414	26.82	23.94
0	415	26.78	20.8
0	416	26.68	13.58
0	417	26.67	19.34
0	418	26.63	18.15
0	419	26.58	13.53
0	420	26.5	19.49
0	421	26.47	19.87
0	422	26.43	0.0
0	423	26.42	10.74
0	424	26.27	18.29
0	425	26.26	4.28
0	426	26.23	20.5
0	427	26.15	17.76
0	428	26.08	11.74
0	429	26.07	17.95
0	430	26.05	15.42
0	431	26.02	16.14
0	432	26.01	11.54
0	433	26.01	24.66
0	434	26.01	13.64
0	435	25.92	22.89
0	436	25.9	23.38
0	437	25.84	17.61
0	438	25.79	15.78
0	439	25.66	7.34
0	440	25.64	19.23
0	441	25.45	23.01
0	442	25.44	20.2
0	443	25.44	21.94
0	444	25.42	16.61
0	445	25.41	19.99
0	446	25.33	20.7
0	447	25.31	12.03
0	448	25.3	23.32
0	449	25.28	18.34
0	450	25.2	21.85
0	451	25.12	14.9
0	452	25.12	24.59
0	453	25.09	23.17
0	454	24.97	0.84
0	455	24.93	7.17
0	456	24.91	20.43
0	457	24.78	16.42
0	458	24.73	19.22
0	459	24.68	18.18
0	460	24.5	7.0
0	461	24.5	21.62
0	462	24.45	23.08
0	463	24.35	3.56
0	464	24.31	23.53
0	465	24.31	13.2
0	466	24.24	23.57
0	467	24.24	7.78
0	468	24.22	20.37
0	469	24.21	24.18
0	470	24.21	0.0
0	471	24.16	18.76
0	472	24.16	23.14
0	473	24.08	20.02
0	474	24.03	18.75
0	475	24.02	19.88
0	476	24.02	0.0
0	477	23.94	15.07
0	478	23.88	18.74
0	479	23.86	18.98
0	480	23.86	19.83
0	481	23.86	5.48
0	482	23.86	14.74
0	483	23.82	23.43
0	484	23.8	6.85
0	485	23.8	0.0
0	486	23.78	23.54
0	487	23.77	0.0
0	488	23.74	19.76
0	489	23.74	21.38
0	490	23.7	22.94
0	491	23.68	8.68
0	492	23.68	18.11
0	493	23.62	20.42
0	494	23.62	5.18
0	495	23.6	22.85
0	496	23.58	15.86
0	497	23.56	19.25
0	498	23.53	0.0
0	499	23.4	21.77
0	500	23.38	22.88
0	501	23.33	7.87
0	502	23.3	20.58
0	503	23.28	17.5
0	504	23.28	18.33
0	505	23.26	9.67
0	506	23.26	21.32
0	507	23.25	18.8
0	508	23.23	0.0
0	509	23.17	15.63
0	510	23.15	20.95
0	511	23.09	0.0
0	512	23.09	15.02
0	513	23.08	21.25
0	514	23.07	19.73
0	515	23.06	20.67
0	516	23.06	12.18
0	517	23.04	22.73
0	518	23.02	6.72
0	519	22.93	18.02
0	520	22.92	22.05
0	521	22.91	18.21
0	522	22.91	19.79
0	523	22.89	12.98
0	524	22.84	8.68
0	525	22.84	6.09
0	526	22.83	3.42
0	527	22.83	7.64
0	528	22.83	8.94
0	529	22.82	18.39
0	530	22.8	18.7
0	531	22.72	0.0
0	532	22.71	20.66
0	533	22.71	18.27
0	534	22.64	11.75
0	535	22.64	20.98
0	536	22.63	2.02
0	537	22.6	0.0
0	538	22.6	16.92
0	539	22.53	20.56
0	540	22.5	16.52
0	541	22.45	15.92
0	542	22.43	19.34
0	543	22.42	0.93
0	544	22.38	19.75
0	545	22.37	20.26
0	546	22.36	7.9
0	547	22.35	12.47
0	548	22.34	19.88
0	549	22.3	10.47
0	550	22.27	20.53
0	551	22.27	16.06
0	552	22.23	18.25
0	553	22.18	18.74
0	554	22.17	19.37
0	555	22.16	13.0
0	556	22.16	0.0
0	557	22.09	7.66
0	558	22.05	21.37
0	559	21.99	13.56
0	560	21.98	17.52
0	561	21.94	0.0
0	562	21.94	19.66
0	563	21.94	19.16
0	564	21.87	8.38
0	565	21.84	21.68
0	566	21.81	5.33
0	567	21.81	0.0
0	568	21.81	3.64
0	569	21.79	14.28
0	570	21.77	19.01
0	571	21.77	15.53
0	572	21.75	0.0
0	573	21.75	20.43
0	574	21.68	18.89
0	575	21.58	1.74
0	576	21.58	8.17
0	577	21.55	6.44
0	578	21.54	15.74
0	579	21.53	14.63
0	580	21.51	20.0
0	581	21.48	20.14
0	582	21.46	19.16
0	583	21.45	8.7
0	584	21.45	0.0
0	585	21.41	20.56
0	586	21.38	21.35
0	587	21.33	18.71
0	588	21.33	20.7
0	589	21.31	15.85
0	590	21.31	20.32
0	591	21.27	11.04
0	592	21.26	18.93
0	593	21.22	19.57
0	594	21.18	11.44
0	595	21.17	9.05
0	596	21.16	8.38
0	597	21.15	12.88
0	598	21.14	19.18
0	599	21.13	19.36
0	600	21.12	7.26
0	601	21.11	19.25
0	602	21.07	19.61
0	603	21.05	10.4
0	604	21.04	0.0
0	605	21.04	14.18
0	606	21.04	20.98
0	607	20.99	0.0
0	608	20.98	16.32
0	609	20.95	0.0
0	610	20.93	17.8
0	611	20.93	17.75
0	612	20.81	18.78
0	613	20.8	20.5
0	614	20.76	16.7
0	615	20.71	20.25
0	616	20.67	12.95
0	617	20.67	18.02
0	618	20.63	20.08
0	619	20.62	19.33
0	620	20.6	17.13
0	621	20.59	0.0
0	622	20.59	20.38
0	623	20.55	0.0
0	624	20.54	7.74
0	625	20.5	0.0
0	626	20.49	7.18
0	627	20.47	5.96
0	628	20.46	17.88
0	629	20.46	20.45
0	630	20.43	0.0
0	631	20.4	1.79
0	632	20.34	18.36
0	633	20.34	11.21
0	634	20.32	0.0
0	635	20.29	18.59
0	636	20.24	18.59
0	637	20.24	0.0
0	638	20.23	16.55
0	639	20.2	14.37
0	640	20.2	15.61
0	641	20.2	15.1
0	642	20.19	0.0
0	643	20.15	14.73
0	644	20.14	6.68
0	645	20.09	14.52
0	646	20.08	15.88
0	647	20.06	17.02
0	648	20.05	7.48
0	649	20.02	10.49
0	650	20.02	19.34
0	651	20.0	0.5
0	652	19.98	18.84
0	653	19.97	13.96
0	654	19.96	17.32
0	655	19.94	12.06
0	656	19.9	15.86
0	657	19.88	0.0
0	658	19.85	8.19
0	659	19.85	0.0
0	660	19.85	19.79
0	661	19.85	13.08
0	662	19.83	9.5
0	663	19.83	0.0
0	664	19.82	11.81
0	665	19.8	16.42
0	666	19.78	14.93
0	667	19.77	14.21
0	668	19.73	17.71
0	669	19.69	17.4
0	670	19.67	6.77
0	671	19.67	0.64
0	672	19.64	17.55
0	673	19.63	17.69
0	674	19.62	0.0
0	675	19.58	17.31
0	676	19.56	18.79
0	677	19.55	19.19
0	678	19.52	0.0
0	679	19.52	17.54
0	680	19.51	13.04
0	681	19.5	13.96
0	682	19.5	6.84
0	683	19.5	0.0
0	684	19.5	8.86
0	685	19.44	18.23
0	686	19.43	0.93
0	687	19.35	0.0
0	688	19.34	10.48
0	689	19.32	10.23
0	690	19.31	18.53
0	691	19.31	17.79
0	692	19.3	11.37
0	693	19.29	4.55
0	694	19.29	2.32
0	695	19.23	0.49
0	696	19.22	9.23
0	697	19.21	18.2
0	698	19.2	16.29
0	699	19.2	4.9
0	700	19.19	15.44
0	701	19.19	1.24
0	702	19.05	13.78
0	703	19.05	17.35
0	704	19.03	16.07
0	705	19.0	3.42
0	706	18.97	12.39
0	707	18.95	5.11
0	708	18.94	14.48
0	709	18.9	8.76
0	710	18.84	15.27
0	711	18.82	0.0
0	712	18.81	12.3
0	713	18.79	15.39
0	714	18.75	3.75
0	715	18.74	8.98
0	716	18.72	18.63
0	717	18.68	0.0
0	718	18.67	16.75
0	719	18.62	15.24
0	720	18.61	0.0
0	721	18.58	0.0
0	722	18.57	0.0
0	723	18.51	4.32
0	724	18.49	0.0
0	725	18.48	14.2
0	726	18.47	14.79
0	727	18.42	6.26
0	728	18.42	16.54
0	729	18.4	0.0
0	730	18.39	15.67
0	731	18.37	15.96
0	732	18.37	9.14
0	733	18.3	14.12
0	734	18.28	14.5
0	735	18.27	18.19
0	736	18.26	12.99
0	737	18.25	11.9
0	738	18.1	17.56
0	739	18.08	1.94
0	740	18.08	17.4
0	741	18.07	7.08
0	742	18.05	7.25
0	743	18.05	8.12
0	744	18.04	0.0
0	745	18.03	12.82
0	746	18.01	12.14
0	747	18.01	11.78
0	748	17.98	11.47
0	749	17.96	17.3
0	750	17.96	0.0
0	751	17.92	0.0
0	752	17.9	0.0
0	753	17.89	7.68
0	754	17.88	8.26
0	755	17.88	7.13
0	756	17.87	17.39
0	757	17.83	12.86
0	758	17.81	15.25
0	759	17.79	16.05
0	760	17.77	17.07
0	761	17.76	9.63
0	762	17.76	4.52
0	763	17.76	17.51
0	764	17.74	16.44
0	765	17.72	11.01
0	766	17.71	11.73
0	767	17.67	13.87
0	768	17.67	16.52
0	769	17.67	16.49
0	770	17.64	6.35
0	771	17.5	9.18
0	772	17.5	13.75
0	773	17.5	16.22
0	774	17.49	13.88
0	775	17.48	10.49
0	776	17.44	0.0
0	777	17.43	11.62
0	778	17.39	14.38
0	779	17.39	9.54
0	780	17.38	11.69
0	781	17.37	16.27
0	782	17.37	8.98
0	783	17.36	11.2
0	784	17.33	11.53
0	785	17.31	12.13
0	786	17.29	16.01
0	787	17.2	0.0
0	788	17.19	5.58
0	789	17.18	12.15
0	790	17.18	0.0
0	791	17.11	16.61
0	792	17.1	2.04
0	793	17.09	12.96
0	794	17.0	12.0
0	795	17.0	3.55
0	796	16.99	0.0
0	797	16.99	0.0
0	798	16.99	12.88
0	799	16.98	0.0
0	800	16.96	8.67
0	801	16.95	0.0
0	802	16.93	0.0
0	803	16.93	13.31
0	804	16.92	10.05
0	805	16.91	16.71
0	806	16.86	13.95
0	807	16.82	6.63
0	808	16.8	14.98
0	809	16.79	4.7
0	810	16.74	14.56
0	811	16.74	7.35
0	812	16.71	9.74
0	813	16.7	12.01
0	814	16.7	8.43
0	815	16.68	0.0
0	816	16.66	7.8
0	817	16.64	14.24
0	818	16.64	14.53
0	819	16.59	0.0
0	820	16.59	15.41
0	821	16.57	6.83
0	822	16.57	6.87
0	823	16.56	1.78
0	824	16.54	3.1
0	825	16.48	0.0
0	826	16.45	4.19
0	827	16.43	13.01
0	828	16.37	7.09
0	829	16.36	11.51
0	830	16.34	0.0
0	831	16.32	12.98
0	832	16.29	7.4
0	833	16.28	15.54
0	834	16.27	15.97
0	835	16.27	10.98
0	836	16.26	12.81
0	837	16.25	15.9
0	838	16.24	0.0
0	839	16.23	10.61
0	840	16.22	0.0
0	841	16.19	2.63
0	842	16.19	12.39
0	843	16.18	14.28
0	844	16.18	0.88
0	845	16.17	15.02
0	846	16.15	0.0
0	847	16.15	8.98
0	848	16.14	15.78
0	849	16.13	4.23
0	850	16.12	0.0
0	851	16.1	0.0
0	852	16.07	0.0
0	853	16.06	14.34
0	854	16.06	12.27
0	855	16.05	5.16
0	856	16.04	0.0
0	857	16.01	0.0
0	858	16.0	0.0
0	859	15.99	11.29
0	860	15.97	10.42
0	861	15.94	13.19
0	862	15.87	8.23
0	863	15.86	0.0
0	864	15.84	10.7
0	865	15.84	0.27
0	866	15.83	15.82
0	867	15.78	0.54
0	868	15.77	0.0
0	869	15.76	10.57
0	870	15.73	14.74
0	871	15.71	14.32
0	872	15.7	11.39
0	873	15.62	14.8
0	874	15.62	4.84
0	875	15.61	8.14
0	876	15.6	9.76
0	877	15.6	0.0
0	878	15.56	4.87
0	879	15.52	11.22
0	880	15.52	9.96
0	881	15.5	0.0
0	882	15.46	0.0
0	883	15.43	10.31
0	884	15.43	13.63
0	885	15.41	15.33
0	886	15.38	14.79
0	887	15.35	0.0
0	888	15.35	2.23
0	889	15.35	11.73
0	890	15.3	6.95
0	891	15.3	12.24
0	892	15.27	13.46
0	893	15.23	3.79
0	894	15.23	9.28
0	895	15.19	12.03
0	896	15.19	0.0
0	897	15.19	0.0
0	898	15.19	14.28
0	899	15.16	4.81
0	900	15.15	11.01
0	901	15.12	0.0
0	902	15.09	0.0
0	903	15.08	9.94
0	904	15.06	1.27
0	905	15.05	12.81
0	906	15.03	6.57
0	907	15.02	7.19
0	908	15.02	0.13
0	909	15.02	5.94
0	910	15.01	1.51
0	911	15.01	8.64
0	912	15.0	11.88
0	913	14.97	13.06
0	914	14.93	14.27
0	915	14.93	0.0
0	916	14.92	0.0
0	917	14.92	0.0
0	918	14.91	8.93
0	919	14.88	4.41
0	920	14.76	7.59
0	921	14.7	12.34
0	922	14.68	0.0
0	923	14.64	8.06
0	924	14.63	9.14
0	925	14.62	11.1
0	926	14.6	5.72
0	927	14.59	0.0
0	928	14.57	13.69
0	929	14.54	12.35
0	930	14.52	0.0
0	931	14.49	9.24
0	932	14.49	9.59
0	933	14.41	4.64
0	934	14.38	0.0
0	935	14.38	8.03
0	936	14.37	10.22
0	937	14.36	14.15
0	938	14.36	11.78
0	939	14.36	11.64
0	940	14.33	8.66
0	941	14.3	10.31
0	942	14.29	11.3
0	943	14.27	11.95
0	944	14.26	0.0
0	945	14.24	0.0
0	946	14.24	14.13
0	947	14.23	0.0
0	948	14.21	4.31
0	949	14.21	12.97
0	950	14.21	8.76
0	951	14.19	10.02
0	952	14.12	0.0
0	953	14.11	5.38
0	954	14.08	10.69
0	955	14.04	4.09
0	956	14.04	13.67
0	957	14.03	8.16
0	958	14.02	6.72
0	959	13.99	4.76
0	960	13.98	13.62
0	961	13.98	7.57
0	962	13.92	0.72
0	963	13.91	9.19
0	964	13.89	8.92
0	965	13.89	9.5
0	966	13.88	7.62
0	967	13.87	6.56
0	968	13.86	12.79
0	969	13.86	8.01
0	970	13.85	9.89
0	971	13.83	10.27
0	972	13.77	12.06
0	973	13.77	8.59
0	974	13.74	4.16
0	975	13.72	6.65
0	976	13.69	6.19
0	977	13.68	0.0
0	978	13.67	0.0
0	979	13.64	13.58
0	980	13.63	10.98
0	981	13.63	0.0
0	982	13.61	2.5
0	983	13.6	0.0
0	984	13.6	12.05
0	985	13.54	7.87
0	986	13.52	2.54
0	987	13.52	11.91
0	988	13.52	10.9
0	989	13.51	0.0
0	990	13.49	12.53
0	991	13.48	0.0
0	992	13.46	0.0
0	993	13.44	0.0
0	994	13.44	0.0
0	995	13.43	0.0
0	996	13.42	0.0
0	997	13.38	12.49
0	998	13.35	0.0
0	999	13.32	2.69
0	1000	13.32	11.02
0	1001	13.32	0.0
0	1002	13.28	12.61
0	1003	13.27	0.0
0	1004	13.26	0.0
0	1005	13.26	4.03
0	1006	13.25	0.0
0	1007	13.25	5.57
0	1008	13.23	3.93
0	1009	13.2	11.97
0	1010	13.2	0.0
0	1011	13.19	11.54
0	1012	13.19	12.36
0	1013	13.18	0.0
0	1014	13.13	7.76
0	1015	13.12	2.26
0	1016	13.07	11.62
0	1017	13.05	0.0
0	1018	13.05	9.64
0	1019	13.04	0.0
0	1020	13.03	0.0
0	1021	12.98	1.41
0	1022	12.97	0.0
0	1023	12.97	0.0
0	1024	12.96	10.96
0	1025	12.95	7.56
0	1026	12.92	12.39
0	1027	12.91	8.57
0	1028	12.9	8.77
0	1029	12.9	6.47
0	1030	12.88	0.0
0	1031	12.86	0.0
0	1032	12.86	12.44
0	1033	12.84	5.86
0	1034	12.84	11.83
0	1035	12.82	12.8
0	1036	12.79	6.79
0	1037	12.77	9.62
0	1038	12.71	10.34
0	1039	12.69	1.34
0	1040	12.66	8.87
0	1041	12.64	5.94
0	1042	12.63	10.45
0	1043	12.62	6.91
0	1044	12.62	0.0
0	1045	12.61	6.48
0	1046	12.6	10.67
0	1047	12.6	0.0
0	1048	12.57	4.9
0	1049	12.57	3.96
0	1050	12.55	10.42
0	1051	12.53	0.0
0	1052	12.52	0.0
0	1053	12.47	5.75
0	1054	12.43	11.17
0	1055	12.41	11.83
0	1056	12.4	11.29
0	1057	12.37	7.74
0	1058	12.36	0.0
0	1059	12.35	8.37
0	1060	12.32	10.41
0	1061	12.32	12.17
0	1062	12.31	0.0
0	1063	12.31	2.72
0	1064	12.3	8.02
0	1065	12.3	5.1
0	1066	12.27	0.29
0	1067	12.26	9.89
0	1068	12.25	8.12
0	1069	12.23	9.52
0	1070	12.22	0.0
0	1071	12.18	9.43
0	1072	12.16	0.0
0	1073	12.14	12.02
0	1074	12.13	5.24
0	1075	12.1	10.89
0	1076	12.1	11.09
0	1077	12.07	5.93
0	1078	12.02	8.74
0	1079	11.94	0.0
0	1080	11.94	11.37
0	1081	11.94	0.0
0	1082	11.94	11.85
0	1083	11.92	0.0
0	1084	11.91	0.0
0	1085	11.9	4.14
0	1086	11.88	11.23
0	1087	11.85	8.77
0	1088	11.83	11.81
0	1089	11.83	2.75
0	1090	11.82	5.24
0	1091	11.78	2.88
0	1092	11.78	4.14
0	1093	11.77	11.02
0	1094	11.76	0.0
0	1095	11.76	7.46
0	1096	11.76	5.76
0	1097	11.74	7.91
0	1098	11.73	0.36
0	1099	11.72	0.0
0	1100	11.71	8.42
0	1101	11.69	7.28
0	1102	11.69	0.0
0	1103	11.66	0.0
0	1104	11.66	0.0
0	1105	11.61	8.53
0	1106	11.6	8.36
0	1107	11.6	8.96
0	1108	11.57	0.0
0	1109	11.53	8.24
0	1110	11.5	8.42
0	1111	11.5	4.71
0	1112	11.5	0.0
0	1113	11.48	5.19
0	1114	11.48	4.74
0	1115	11.47	10.0
0	1116	11.46	8.37
0	1117	11.46	0.54
0	1118	11.45	8.29
0	1119	11.45	0.0
0	1120	11.44	4.1
0	1121	11.43	10.56
0	1122	11.43	10.05
0	1123	11.42	0.0
0	1124	11.42	8.52
0	1125	11.4	0.0
0	1126	11.4	11.39
0	1127	11.38	1.65
0	1128	11.38	4.24
0	1129	11.35	7.04
0	1130	11.32	1.47
0	1131	11.32	0.0
0	1132	11.31	7.59
0	1133	11.26	7.15
0	1134	11.23	0.0
0	1135	11.22	0.0
0	1136	11.22	0.0
0	1137	11.19	8.09
0	1138	11.15	0.0
0	1139	11.13	6.91
0	1140	11.13	5.5
0	1141	11.05	3.9
0	1142	11.03	9.86
0	1143	11.03	4.77
0	1144	11.01	0.0
0	1145	11.01	9.15
0	1146	10.95	10.93
0	1147	10.94	6.73
0	1148	10.93	0.0
0	1149	10.92	9.4
0	1150	10.92	0.0
0	1151	10.9	0.0
0	1152	10.9	4.26
0	1153	10.9	6.85
0	1154	10.89	4.0
0	1155	10.88	3.69
0	1156	10.88	10.87
0	1157	10.86	0.0
0	1158	10.85	6.9
0	1159	10.85	5.85
0	1160	10.85	10.02
0	1161	10.81	0.0
0	1162	10.8	0.0
0	1163	10.79	0.0
0	1164	10.79	0.25
0	1165	10.79	7.89
0	1166	10.75	0.0
0	1167	10.73	0.0
0	1168	10.73	0.0
0	1169	10.72	1.77
0	1170	10.7	0.0
0	1171	10.7	7.51
0	1172	10.69	0.0
0	1173	10.69	0.0
0	1174	10.69	5.2
0	1175	10.67	0.0
0	1176	10.66	3.91
0	1177	10.66	0.0
0	1178	10.64	4.74
0	1179	10.63	0.0
0	1180	10.61	0.0
0	1181	10.61	6.05
0	1182	10.61	8.28
0	1183	10.59	0.0
0	1184	10.57	0.52
0	1185	10.57	0.0
0	1186	10.57	0.59
0	1187	10.56	0.0
0	1188	10.54	0.0
0	1189	10.51	0.0
0	1190	10.47	9.17
0	1191	10.47	10.17
0	1192	10.47	9.47
0	1193	10.45	0.0
0	1194	10.43	0.0
0	1195	10.42	9.83
0	1196	10.42	7.13
0	1197	10.4	3.52
0	1198	10.38	4.49
0	1199	10.38	0.04
0	1200	10.36	7.02
0	1201	10.35	4.96
0	1202	10.33	4.19
0	1203	10.33	8.65
0	1204	10.32	0.0
0	1205	10.32	6.04
0	1206	10.31	8.02
0	1207	10.29	4.7
0	1208	10.28	0.0
0	1209	10.27	2.21
0	1210	10.26	8.01
0	1211	10.25	6.91
0	1212	10.23	8.61
0	1213	10.23	6.45
0	1214	10.21	0.0
0	1215	10.19	0.0
0	1216	10.15	1.46
0	1217	10.15	0.0
0	1218	10.12	0.0
0	1219	10.08	7.63
0	1220	10.07	2.85
0	1221	10.07	4.19
0	1222	10.06	5.04
0	1223	10.03	8.08
0	1224	10.02	0.0
0	1225	10.0	0.0
0	1226	9.98	0.0
0	1227	9.98	0.54
0	1228	9.95	6.93
0	1229	9.93	8.52
0	1230	9.91	0.0
0	1231	9.88	0.0
0	1232	9.86	0.0
0	1233	9.85	4.24
0	1234	9.85	0.0
0	1235	9.81	7.98
0	1236	9.81	9.04
0	1237	9.8	8.52
0	1238	9.79	5.77
0	1239	9.78	0.0
0	1240	9.77	0.0
0	1241	9.77	6.5
0	1242	9.77	0.0
0	1243	9.76	7.32
0	1244	9.76	7.91
0	1245	9.74	5.73
0	1246	9.74	4.58
0	1247	9.71	9.34
0	1248	9.7	0.0
0	1249	9.7	7.2
0	1250	9.7	0.0
0	1251	9.7	6.29
0	1252	9.7	9.15
0	1253	9.69	0.21
0	1254	9.69	0.0
0	1255	9.69	0.9
0	1256	9.67	0.0
0	1257	9.65	5.48
0	1258	9.64	9.17
0	1259	9.64	0.0
0	1260	9.63	8.33
0	1261	9.62	0.0
0	1262	9.58	6.24
0	1263	9.57	0.0
0	1264	9.56	5.25
0	1265	9.56	0.93
0	1266	9.56	4.63
0	1267	9.56	0.0
0	1268	9.52	0.0
0	1269	9.51	0.0
0	1270	9.51	0.0
0	1271	9.5	5.68
0	1272	9.5	4.03
0	1273	9.5	0.83
0	1274	9.49	8.73
0	1275	9.48	0.0
0	1276	9.48	5.98
0	1277	9.47	0.0
0	1278	9.46	5.58
0	1279	9.45	5.29
0	1280	9.44	8.87
0	1281	9.42	7.06
0	1282	9.42	3.2
0	1283	9.41	0.0
0	1284	9.41	7.48
0	1285	9.4	4.79
0	1286	9.39	0.0
0	1287	9.38	0.17
0	1288	9.37	3.33
0	1289	9.36	1.44
0	1290	9.35	0.0
0	1291	9.35	0.76
0	1292	9.34	8.64
0	1293	9.34	3.2
0	1294	9.34	0.0
0	1295	9.33	0.0
0	1296	9.33	8.64
0	1297	9.31	5.81
0	1298	9.31	0.0
0	1299	9.3	3.92
0	1300	9.3	0.0
0	1301	9.27	0.0
0	1302	9.27	0.0
0	1303	9.27	0.0
0	1304	9.27	0.0
0	1305	9.25	6.68
0	1306	9.24	0.76
0	1307	9.24	0.0
0	1308	9.23	9.08
0	1309	9.21	7.67
0	1310	9.21	8.43
0	1311	9.21	4.59
0	1312	9.21	6.38
0	1313	9.21	5.43
0	1314	9.21	6.52
0	1315	9.2	0.0
0	1316	9.2	0.0
0	1317	9.19	3.77
0	1318	9.19	8.43
0	1319	9.19	4.97
0	1320	9.18	3.5
0	1321	9.17	8.68
0	1322	9.16	0.65
0	1323	9.16	9.12
0	1324	9.15	7.04
0	1325	9.15	8.86
0	1326	9.14	0.0
0	1327	9.14	0.0
0	1328	9.14	7.33
0	1329	9.13	5.51
0	1330	9.13	9.04
0	1331	9.11	5.05
0	1332	9.1	0.0
0	1333	9.1	5.11
0	1334	9.09	2.11
0	1335	9.09	5.99
0	1336	9.08	3.06
0	1337	9.05	0.0
0	1338	9.05	8.5
0	1339	9.04	3.35
0	1340	9.02	0.0
0	1341	9.01	0.0
0	1342	9.01	4.61
0	1343	8.99	7.6
0	1344	8.99	1.06
0	1345	8.96	6.53
0	1346	8.96	3.48
0	1347	8.93	0.0
0	1348	8.91	0.0
0	1349	8.91	6.73
0	1350	8.89	0.0
0	1351	8.89	1.2
0	1352	8.89	0.0
0	1353	8.88	8.52
0	1354	8.88	0.0
0	1355	8.87	0.0
0	1356	8.87	7.34
0	1357	8.86	0.0
0	1358	8.86	0.0
0	1359	8.86	7.41
0	1360	8.83	0.0
0	1361	8.83	1.7
0	1362	8.83	4.55
0	1363	8.82	1.79
0	1364	8.8	8.5
0	1365	8.79	6.2
0	1366	8.77	0.0
0	1367	8.77	0.0
0	1368	8.76	0.0
0	1369	8.75	5.32
0	1370	8.75	0.26
0	1371	8.74	6.45
0	1372	8.73	0.0
0	1373	8.71	0.77
0	1374	8.69	0.0
0	1375	8.68	0.0
0	1376	8.68	3.84
0	1377	8.67	8.43
0	1378	8.67	4.61
0	1379	8.66	7.18
0	1380	8.63	3.28
0	1381	8.62	0.0
0	1382	8.58	3.84
0	1383	8.57	0.28
0	1384	8.56	5.72
0	1385	8.56	2.76
0	1386	8.53	0.0
0	1387	8.52	2.66
0	1388	8.51	2.37
0	1389	8.51	8.01
0	1390	8.48	1.03
0	1391	8.47	7.52
0	1392	8.45	5.86
0	1393	8.45	1.87
0	1394	8.43	3.46
0	1395	8.43	5.78
0	1396	8.43	6.38
0	1397	8.42	0.0
0	1398	8.4	3.02
0	1399	8.4	6.2
0	1400	8.38	0.0
0	1401	8.36	7.66
0	1402	8.36	0.0
0	1403	8.35	0.0
0	1404	8.35	0.0
0	1405	8.34	0.0
0	1406	8.34	0.0
0	1407	8.34	5.4
0	1408	8.34	2.61
0	1409	8.33	8.17
0	1410	8.32	0.0
0	1411	8.3	7.39
0	1412	8.29	4.05
0	1413	8.29	0.0
0	1414	8.28	7.52
0	1415	8.28	0.0
0	1416	8.25	0.0
0	1417	8.25	4.5
0	1418	8.24	6.02
0	1419	8.21	0.0
0	1420	8.19	4.56
0	1421	8.19	0.0
0	1422	8.19	8.03
0	1423	8.18	0.0
0	1424	8.17	0.0
0	1425	8.17	7.93
0	1426	8.17	4.48
0	1427	8.16	2.83
0	1428	8.16	5.51
0	1429	8.16	3.75
0	1430	8.15	1.14
0	1431	8.12	7.23
0	1432	8.12	7.11
0	1433	8.12	7.5
0	1434	8.1	0.0
0	1435	8.1	7.46
0	1436	8.1	0.0
0	1437	8.07	0.0
0	1438	8.06	1.46
0	1439	8.06	2.5
0	1440	8.05	0.0
0	1441	8.05	1.97
0	1442	8.05	1.37
0	1443	8.05	3.37
0	1444	8.03	0.0
0	1445	8.03	0.0
0	1446	8.02	4.86
0	1447	8.01	6.33
0	1448	7.97	7.53
0	1449	7.97	4.77
0	1450	7.96	6.22
0	1451	7.93	0.0
0	1452	7.92	1.21
0	1453	7.91	4.44
0	1454	7.9	6.42
0	1455	7.9	5.47
0	1456	7.89	0.0
0	1457	7.88	5.0
0	1458	7.88	0.0
0	1459	7.88	0.0
0	1460	7.87	0.0
0	1461	7.87	0.0
0	1462	7.86	0.0
0	1463	7.86	6.92
0	1464	7.86	0.0
0	1465	7.86	6.9
0	1466	7.86	0.0
0	1467	7.85	6.34
0	1468	7.84	0.0
0	1469	7.84	7.68
0	1470	7.83	7.7
0	1471	7.82	1.87
0	1472	7.81	4.71
0	1473	7.81	7.75
0	1474	7.8	3.24
0	1475	7.79	4.5
0	1476	7.79	5.7
0	1477	7.79	1.79
0	1478	7.79	0.0
0	1479	7.78	2.93
0	1480	7.77	2.67
0	1481	7.74	5.64
0	1482	7.73	0.0
0	1483	7.71	0.0
0	1484	7.7	0.0
0	1485	7.67	0.0
0	1486	7.66	4.82
0	1487	7.66	0.0
0	1488	7.64	3.92
0	1489	7.63	1.28
0	1490	7.62	6.7
0	1491	7.62	1.29
0	1492	7.61	3.11
0	1493	7.61	0.0
0	1494	7.61	1.27
0	1495	7.6	0.0
0	1496	7.6	0.0
0	1497	7.58	0.99
0	1498	7.57	5.71
0	1499	7.57	0.0
0	1500	7.57	5.01
0	1501	7.56	0.0
0	1502	7.55	0.59
0	1503	7.55	3.7
0	1504	7.55	0.0
0	1505	7.53	2.86
0	1506	7.53	5.8
0	1507	7.53	6.82
0	1508	7.52	0.0
0	1509	7.51	2.77
0	1510	7.51	0.0
0	1511	7.5	6.74
0	1512	7.49	0.0
0	1513	7.48	7.46
0	1514	7.45	4.53
0	1515	7.43	0.0
0	1516	7.43	2.02
0	1517	7.43	0.0
0	1518	7.42	6.15
0	1519	7.42	0.0
0	1520	7.42	2.5
0	1521	7.41	0.78
0	1522	7.41	0.0
0	1523	7.4	4.9
0	1524	7.39	0.0
0	1525	7.38	0.0
0	1526	7.36	6.59
0	1527	7.36	0.0
0	1528	7.35	5.44
0	1529	7.34	5.56
0	1530	7.33	0.0
0	1531	7.29	0.0
0	1532	7.28	0.0
0	1533	7.28	0.0
0	1534	7.28	0.0
0	1535	7.28	0.0
0	1536	7.23	6.61
0	1537	7.22	1.48
0	1538	7.21	0.0
0	1539	7.21	6.13
0	1540	7.16	0.67
0	1541	7.15	0.0
0	1542	7.15	0.0
0	1543	7.14	0.0
0	1544	7.14	5.96
0	1545	7.13	0.0
0	1546	7.12	4.69
0	1547	7.12	0.0
0	1548	7.1	5.0
0	1549	7.09	1.71
0	1550	7.08	5.76
0	1551	7.08	0.0
0	1552	7.07	5.41
0	1553	7.07	0.0
0	1554	7.07	0.0
0	1555	7.05	6.99
0	1556	7.03	6.22
0	1557	7.03	0.32
0	1558	7.02	0.0
0	1559	7.02	2.34
0	1560	7.01	0.0
0	1561	7.0	0.0
0	1562	7.0	0.2
0	1563	6.99	3.64
0	1564	6.99	2.43
0	1565	6.97	0.0
0	1566	6.97	0.0
0	1567	6.96	0.0
0	1568	6.94	0.0
0	1569	6.93	0.0
0	1570	6.92	1.07
0	1571	6.85	6.8
0	1572	6.84	6.6
0	1573	6.84	1.94
0	1574	6.83	5.73
0	1575	6.83	0.0
0	1576	6.83	0.0
0	1577	6.82	3.1
0	1578	6.81	0.0
0	1579	6.81	4.89
0	1580	6.8	0.0
0	1581	6.8	5.75
0	1582	6.76	0.18
0	1583	6.76	4.51
0	1584	6.76	6.23
0	1585	6.74	3.03
0	1586	6.73	0.0
0	1587	6.73	4.72
0	1588	6.71	3.12
0	1589	6.71	0.0
0	1590	6.69	0.79
0	1591	6.68	0.0
0	1592	6.67	0.0
0	1593	6.67	0.0
0	1594	6.67	0.13
0	1595	6.66	0.0
0	1596	6.65	3.72
0	1597	6.62	0.0
0	1598	6.62	3.26
0	1599	6.61	0.0
0	1600	6.61	6.34
0	1601	6.58	4.54
0	1602	6.58	0.31
0	1603	6.57	1.58
0	1604	6.55	2.46
0	1605	6.55	0.0
0	1606	6.54	0.0
0	1607	6.54	0.0
0	1608	6.53	5.28
0	1609	6.52	0.0
0	1610	6.49	0.0
0	1611	6.47	6.26
0	1612	6.46	0.0
0	1613	6.46	0.85
0	1614	6.45	0.0
0	1615	6.45	2.75
0	1616	6.44	1.84
0	1617	6.43	0.0
0	1618	6.42	0.0
0	1619	6.41	0.0
0	1620	6.4	0.0
0	1621	6.39	0.0
0	1622	6.37	1.42
0	1623	6.36	0.0
0	1624	6.35	0.0
0	1625	6.34	5.34
0	1626	6.34	4.91
0	1627	6.32	0.0
0	1628	6.3	5.92
0	1629	6.3	4.5
0	1630	6.27	0.0
0	1631	6.27	0.0
0	1632	6.27	0.87
0	1633	6.27	0.0
0	1634	6.26	0.0
0	1635	6.24	0.0
0	1636	6.24	0.0
0	1637	6.23	0.0
0	1638	6.23	0.0
0	1639	6.22	3.59
0	1640	6.22	4.21
0	1641	6.21	2.76
0	1642	6.2	0.0
0	1643	6.2	5.21
0	1644	6.19	2.52
0	1645	6.17	0.0
0	1646	6.16	0.0
0	1647	6.14	0.0
0	1648	6.13	0.0
0	1649	6.12	0.0
0	1650	6.12	0.0
0	1651	6.11	0.0
0	1652	6.11	0.0
0	1653	6.09	4.08
0	1654	6.08	0.0
0	1655	6.07	0.0
0	1656	6.07	0.0
0	1657	6.05	4.53
0	1658	6.03	2.33
0	1659	6.03	0.12
0	1660	6.02	0.0
0	1661	6.01	0.0
0	1662	6.0	0.0
0	1663	5.99	0.0
0	1664	5.97	0.0
0	1665	5.95	0.0
0	1666	5.94	0.37
0	1667	5.94	0.0
0	1668	5.94	0.0
0	1669	5.93	2.06
0	1670	5.92	1.98
0	1671	5.91	0.0
0	1672	5.9	5.75
0	1673	5.88	0.0
0	1674	5.87	0.63
0	1675	5.87	0.0
0	1676	5.87	0.0
0	1677	5.86	4.35
0	1678	5.85	0.0
0	1679	5.84	0.0
0	1680	5.84	3.06
0	1681	5.83	0.0
0	1682	5.83	0.0
0	1683	5.81	3.13
0	1684	5.8	5.72
0	1685	5.78	0.0
0	1686	5.77	0.0
0	1687	5.77	5.13
0	1688	5.76	5.53
0	1689	5.76	1.91
0	1690	5.74	0.0
0	1691	5.74	4.03
0	1692	5.74	0.0
0	1693	5.73	0.0
0	1694	5.72	0.0
0	1695	5.71	0.12
0	1696	5.7	4.99
0	1697	5.69	0.0
0	1698	5.66	0.0
0	1699	5.64	0.43
0	1700	5.63	0.0
0	1701	5.62	1.55
0	1702	5.62	5.47
0	1703	5.62	1.56
0	1704	5.61	0.0
0	1705	5.6	0.0
0	1706	5.59	0.0
0	1707	5.57	0.0
0	1708	5.56	0.0
0	1709	5.56	0.0
0	1710	5.56	0.82
0	1711	5.56	1.36
0	1712	5.56	3.84
0	1713	5.55	0.8
0	1714	5.54	0.0
0	1715	5.54	0.0
0	1716	5.53	0.0
0	1717	5.53	0.0
0	1718	5.52	0.0
0	1719	5.52	1.73
0	1720	5.52	0.0
0	1721	5.5	0.0
0	1722	5.5	0.0
0	1723	5.5	0.0
0	1724	5.49	0.0
0	1725	5.48	0.0
0	1726	5.48	0.0
0	1727	5.47	0.0
0	1728	5.45	3.5
0	1729	5.44	0.0
0	1730	5.44	0.0
0	1731	5.42	0.0
0	1732	5.41	0.0
0	1733	5.41	1.43
0	1734	5.4	0.0
0	1735	5.39	0.0
0	1736	5.38	0.81
0	1737	5.37	0.0
0	1738	5.37	2.74
0	1739	5.36	0.0
0	1740	5.36	0.0
0	1741	5.35	5.2
0	1742	5.34	0.92
0	1743	5.34	0.0
0	1744	5.33	2.73
0	1745	5.32	0.0
0	1746	5.32	0.0
0	1747	5.31	0.0
0	1748	5.31	0.0
0	1749	5.31	5.24
0	1750	5.3	0.0
0	1751	5.29	5.14
0	1752	5.29	2.89
0	1753	5.29	5.1
0	1754	5.28	5.09
0	1755	5.27	0.0
0	1756	5.25	0.0
0	1757	5.24	0.0
0	1758	5.24	0.21
0	1759	5.23	1.52
0	1760	5.22	1.42
0	1761	5.22	0.0
0	1762	5.21	0.92
0	1763	5.2	2.04
0	1764	5.19	1.58
0	1765	5.18	0.0
0	1766	5.17	0.0
0	1767	5.17	0.0
0	1768	5.16	0.0
0	1769	5.16	0.0
0	1770	5.15	0.0
0	1771	5.15	0.0
0	1772	5.14	4.06
0	1773	5.13	0.19
0	1774	5.12	0.0
0	1775	5.12	0.56
0	1776	5.12	1.28
0	1777	5.11	1.11
0	1778	5.1	0.0
0	1779	5.1	0.0
0	1780	5.09	0.0
0	1781	5.08	4.69
0	1782	5.08	4.82
0	1783	5.08	3.85
0	1784	5.08	1.42
0	1785	5.08	0.0
0	1786	5.07	2.98
0	1787	5.06	0.0
0	1788	5.05	0.0
0	1789	5.05	4.24
0	1790	5.05	0.0
0	1791	5.04	0.0
0	1792	5.03	0.0
0	1793	5.02	2.88
0	1794	4.98	3.06
0	1795	4.97	0.0
0	1796	4.96	2.06
0	1797	4.94	0.0
0	1798	4.93	0.0
0	1799	4.93	0.1
0	1800	4.93	2.92
0	1801	4.93	0.0
0	1802	4.93	4.4
0	1803	4.91	0.0
0	1804	4.91	2.93
0	1805	4.87	0.0
0	1806	4.85	0.0
0	1807	4.85	0.59
0	1808	4.83	0.0
0	1809	4.82	0.0
0	1810	4.82	0.0
0	1811	4.81	0.0
0	1812	4.79	0.0
0	1813	4.79	2.78
0	1814	4.78	0.0
0	1815	4.78	0.0
0	1816	4.76	3.19
0	1817	4.75	0.0
0	1818	4.75	0.0
0	1819	4.73	1.79
0	1820	4.73	0.0
0	1821	4.73	3.1
0	1822	4.72	0.0
0	1823	4.72	0.0
0	1824	4.71	0.19
0	1825	4.71	1.45
0	1826	4.71	0.0
0	1827	4.7	0.0
0	1828	4.69	0.0
0	1829	4.65	0.0
0	1830	4.64	0.0
0	1831	4.63	0.05
0	1832	4.63	0.0
0	1833	4.63	2.38
0	1834	4.62	1.52
0	1835	4.61	0.0
0	1836	4.61	0.0
0	1837	4.6	0.78
0	1838	4.59	0.0
0	1839	4.59	0.0
0	1840	4.59	0.0
0	1841	4.59	4.2
0	1842	4.59	0.0
0	1843	4.58	0.38
0	1844	4.58	0.0
0	1845	4.57	0.0
0	1846	4.57	1.17
0	1847	4.55	1.9
0	1848	4.53	4.05
0	1849	4.53	0.0
0	1850	4.52	2.34
0	1851	4.52	0.0
0	1852	4.52	4.27
0	1853	4.52	0.0
0	1854	4.5	0.0
0	1855	4.49	0.0
0	1856	4.49	2.96
0	1857	4.48	0.0
0	1858	4.48	0.0
0	1859	4.46	0.0
0	1860	4.46	2.33
0	1861	4.46	4.3
0	1862	4.45	0.0
0	1863	4.44	4.04
0	1864	4.44	1.83
0	1865	4.44	0.0
0	1866	4.43	0.0
0	1867	4.43	0.0
0	1868	4.41	0.0
0	1869	4.39	0.0
0	1870	4.39	0.0
0	1871	4.39	3.64
0	1872	4.38	3.5
0	1873	4.36	0.0
0	1874	4.36	2.78
0	1875	4.36	0.0
0	1876	4.35	0.0
0	1877	4.34	0.0
0	1878	4.33	0.0
0	1879	4.33	0.0
0	1880	4.33	0.0
0	1881	4.33	0.0
0	1882	4.32	0.0
0	1883	4.3	0.0
0	1884	4.3	0.0
0	1885	4.3	0.0
0	1886	4.29	0.48
0	1887	4.28	3.48
0	1888	4.28	0.17
0	1889	4.27	0.18
0	1890	4.27	2.63
0	1891	4.26	1.52
0	1892	4.26	2.68
0	1893	4.25	2.65
0	1894	4.24	0.0
0	1895	4.24	0.0
0	1896	4.22	0.0
0	1897	4.2	4.13
0	1898	4.2	0.0
0	1899	4.2	2.96
0	1900	4.2	1.16
0	1901	4.19	2.51
0	1902	4.18	0.0
0	1903	4.15	1.24
0	1904	4.15	2.43
0	1905	4.14	0.9
0	1906	4.14	0.0
0	1907	4.13	1.11
0	1908	4.12	1.82
0	1909	4.12	0.0
0	1910	4.11	2.1
0	1911	4.09	0.0
0	1912	4.08	2.54
0	1913	4.07	0.0
0	1914	4.05	0.0
0	1915	4.03	3.68
0	1916	4.02	0.54
0	1917	4.01	0.0
0	1918	3.99	0.0
0	1919	3.98	0.0
0	1920	3.98	0.0
0	1921	3.97	0.0
0	1922	3.97	2.86
0	1923	3.94	3.71
0	1924	3.94	0.0
0	1925	3.93	1.76
0	1926	3.93	2.65
0	1927	3.93	0.0
0	1928	3.93	3.14
0	1929	3.93	0.0
0	1930	3.92	0.0
0	1931	3.92	0.0
0	1932	3.91	0.0
0	1933	3.91	0.37
0	1934	3.9	0.0
0	1935	3.89	1.12
0	1936	3.89	0.0
0	1937	3.89	0.0
0	1938	3.88	0.0
0	1939	3.87	0.0
0	1940	3.86	0.0
0	1941	3.85	0.0
0	1942	3.84	0.0
0	1943	3.83	0.0
0	1944	3.82	0.0
0	1945	3.82	0.0
0	1946	3.8	3.24
0	1947	3.8	0.0
0	1948	3.79	0.0
0	1949	3.79	3.17
0	1950	3.79	0.0
0	1951	3.79	0.0
0	1952	3.78	0.0
0	1953	3.78	0.0
0	1954	3.75	1.86
0	1955	3.73	0.0
0	1956	3.72	0.0
0	1957	3.72	0.0
0	1958	3.72	2.21
0	1959	3.71	0.0
0	1960	3.71	0.0
0	1961	3.69	0.0
0	1962	3.66	0.0
0	1963	3.66	0.0
0	1964	3.65	0.0
0	1965	3.65	0.0
0	1966	3.64	3.53
0	1967	3.63	2.48
0	1968	3.62	0.0
0	1969	3.62	0.0
0	1970	3.62	0.0
0	1971	3.61	0.0
0	1972	3.61	0.0
0	1973	3.61	0.0
0	1974	3.59	1.7
0	1975	3.59	0.0
0	1976	3.58	3.12
0	1977	3.56	0.11
0	1978	3.55	0.0
0	1979	3.54	0.0
0	1980	3.54	1.47
0	1981	3.54	1.45
0	1982	3.53	0.93
0	1983	3.53	0.0
0	1984	3.53	0.0
0	1985	3.51	0.0
0	1986	3.51	0.0
0	1987	3.5	0.0
0	1988	3.5	0.0
0	1989	3.5	0.0
0	1990	3.5	0.0
0	1991	3.48	1.69
0	1992	3.48	0.0
0	1993	3.47	0.45
0	1994	3.47	3.39
0	1995	3.47	0.0
0	1996	3.46	0.0
0	1997	3.45	2.6
0	1998	3.45	0.0
0	1999	3.45	0.0
0	2000	3.45	0.73
0	2001	3.44	0.0
0	2002	3.43	0.0
0	2003	3.42	0.0
0	2004	3.41	0.0
0	2005	3.4	0.0
0	2006	3.4	0.01
0	2007	3.4	0.0
0	2008	3.39	0.0
0	2009	3.39	0.0
0	2010	3.38	0.0
0	2011	3.37	2.6
0	2012	3.34	0.39
0	2013	3.33	2.17
0	2014	3.33	0.0
0	2015	3.31	2.31
0	2016	3.31	3.05
0	2017	3.3	0.0
0	2018	3.3	0.0
0	2019	3.29	0.0
0	2020	3.28	0.0
0	2021	3.27	0.0
0	2022	3.26	0.0
0	2023	3.26	0.0
0	2024	3.26	3.08
0	2025	3.25	0.0
0	2026	3.24	1.35
0	2027	3.22	0.0
0	2028	3.22	0.0
0	2029	3.22	0.0
0	2030	3.21	0.0
0	2031	3.21	0.69
0	2032	3.21	0.0
0	2033	3.2	0.0
0	2034	3.19	0.0
0	2035	3.19	0.0
0	2036	3.18	0.0
0	2037	3.17	0.0
0	2038	3.16	0.0
0	2039	3.16	1.07
0	2040	3.15	0.0
0	2041	3.13	0.0
0	2042	3.13	0.0
0	2043	3.12	0.0
0	2044	3.11	0.0
0	2045	3.09	0.0
0	2046	3.09	0.0
0	2047	3.09	0.0
0	2048	3.08	0.0
0	2049	3.07	0.09
0	2050	3.07	0.0
0	2051	3.07	1.85
0	2052	3.04	0.0
0	2053	3.04	0.48
0	2054	3.02	0.0
0	2055	3.01	0.0
0	2056	2.99	0.0
0	2057	2.97	0.0
0	2058	2.96	0.0
0	2059	2.96	1.66
0	2060	2.95	2.49
0	2061	2.95	0.0
0	2062	2.95	0.0
0	2063	2.93	0.0
0	2064	2.93	0.0
0	2065	2.93	0.0
0	2066	2.92	0.0
0	2067	2.92	2.75
0	2068	2.92	0.21
0	2069	2.91	0.0
0	2070	2.9	0.0
0	2071	2.9	0.0
0	2072	2.89	0.52
0	2073	2.88	0.0
0	2074	2.87	0.0
0	2075	2.86	0.0
0	2076	2.84	0.0
0	2077	2.84	0.0
0	2078	2.84	1.11
0	2079	2.84	0.0
0	2080	2.82	0.0
0	2081	2.82	0.0
0	2082	2.82	0.0
0	2083	2.77	1.07
0	2084	2.77	0.0
0	2085	2.76	0.0
0	2086	2.75	0.0
0	2087	2.74	0.32
0	2088	2.74	0.0
0	2089	2.73	0.0
0	2090	2.73	0.0
0	2091	2.72	0.0
0	2092	2.72	0.0
0	2093	2.71	0.0
0	2094	2.7	0.0
0	2095	2.69	0.0
0	2096	2.69	0.0
0	2097	2.68	1.78
0	2098	2.68	0.51
0	2099	2.66	0.0
0	2100	2.65	0.0
0	2101	2.65	0.0
0	2102	2.65	1.33
0	2103	2.64	0.0
0	2104	2.62	0.0
0	2105	2.62	0.0
0	2106	2.6	0.0
0	2107	2.55	0.0
0	2108	2.55	0.0
0	2109	2.55	1.9
0	2110	2.54	0.0
0	2111	2.53	0.0
0	2112	2.52	0.0
0	2113	2.52	0.0
0	2114	2.5	0.0
0	2115	2.48	1.92
0	2116	2.46	0.0
0	2117	2.46	1.8
0	2118	2.45	0.0
0	2119	2.45	0.69
0	2120	2.42	0.0
0	2121	2.41	0.43
0	2122	2.41	0.0
0	2123	2.4	0.0
0	2124	2.39	0.0
0	2125	2.38	0.0
0	2126	2.38	0.56
0	2127	2.38	0.0
0	2128	2.37	0.0
0	2129	2.34	0.0
0	2130	2.33	0.0
0	2131	2.33	0.0
0	2132	2.32	0.0
0	2133	2.32	0.0
0	2134	2.31	0.0
0	2135	2.31	0.86
0	2136	2.29	0.0
0	2137	2.29	0.0
0	2138	2.28	0.0
0	2139	2.27	0.0
0	2140	2.27	0.0
0	2141	2.27	1.23
0	2142	2.26	0.0
0	2143	2.25	0.0
0	2144	2.25	0.0
0	2145	2.25	1.65
0	2146	2.22	0.0
0	2147	2.22	1.48
0	2148	2.22	0.0
0	2149	2.21	0.0
0	2150	2.21	0.0
0	2151	2.21	0.0
0	2152	2.21	0.0
0	2153	2.19	0.0
0	2154	2.19	0.0
0	2155	2.19	0.0
0	2156	2.19	1.86
0	2157	2.19	0.0
0	2158	2.18	0.0
0	2159	2.18	0.83
0	2160	2.18	0.0
0	2161	2.16	0.0
0	2162	2.16	0.0
0	2163	2.16	0.0
0	2164	2.15	0.0
0	2165	2.14	0.0
0	2166	2.13	0.0
0	2167	2.13	0.0
0	2168	2.11	0.0
0	2169	2.11	1.27
0	2170	2.1	0.0
0	2171	2.1	0.0
0	2172	2.09	0.0
0	2173	2.08	0.0
0	2174	2.08	0.65
0	2175	2.08	0.0
0	2176	2.07	0.0
0	2177	2.07	0.0
0	2178	2.07	0.0
0	2179	2.07	0.0
0	2180	2.07	0.0
0	2181	2.05	0.0
0	2182	2.05	0.0
0	2183	2.05	0.0
0	2184	2.03	0.0
0	2185	2.03	0.0
0	2186	2.03	0.0
0	2187	2.03	0.0
0	2188	2.02	0.0
0	2189	2.01	1.12
0	2190	2.01	0.0
0	2191	2.0	0.0
0	2192	2.0	0.0
0	2193	2.0	0.69
0	2194	2.0	0.0
0	2195	2.0	0.0
0	2196	1.99	0.0
0	2197	1.99	0.0
0	2198	1.99	0.0
0	2199	1.97	1.1
0	2200	1.96	0.0
0	2201	1.95	0.0
0	2202	1.94	0.0
0	2203	1.94	0.49
0	2204	1.93	0.0
0	2205	1.92	0.0
0	2206	1.92	0.0
0	2207	1.9	1.49
0	2208	1.89	0.0
0	2209	1.88	0.0
0	2210	1.87	0.0
0	2211	1.87	0.0
0	2212	1.86	0.0
0	2213	1.86	0.0
0	2214	1.86	0.0
0	2215	1.86	0.25
0	2216	1.85	0.0
0	2217	1.85	0.0
0	2218	1.84	0.0
0	2219	1.83	0.0
0	2220	1.81	0.0
0	2221	1.81	0.0
0	2222	1.81	0.0
0	2223	1.8	0.0
0	2224	1.79	0.0
0	2225	1.78	0.0
0	2226	1.77	0.0
0	2227	1.73	0.0
0	2228	1.72	0.0
0	2229	1.7	0.0
0	2230	1.69	0.0
0	2231	1.68	0.0
0	2232	1.67	0.0
0	2233	1.67	0.0
0	2234	1.67	0.0
0	2235	1.67	0.0
0	2236	1.67	0.0
0	2237	1.67	0.0
0	2238	1.65	0.0
0	2239	1.65	0.0
0	2240	1.64	0.0
0	2241	1.63	0.0
0	2242	1.63	0.0
0	2243	1.62	0.0
0	2244	1.62	0.0
0	2245	1.62	0.0
0	2246	1.61	0.0
0	2247	1.61	0.0
0	2248	1.61	0.0
0	2249	1.61	0.0
0	2250	1.61	0.0
0	2251	1.59	0.0
0	2252	1.57	0.0
0	2253	1.57	0.0
0	2254	1.56	0.0
0	2255	1.56	0.0
0	2256	1.53	0.0
0	2257	1.53	0.0
0	2258	1.52	0.0
0	2259	1.52	0.0
0	2260	1.5	0.28
0	2261	1.49	0.0
0	2262	1.49	0.0
0	2263	1.48	0.0
0	2264	1.48	0.0
0	2265	1.47	0.0
0	2266	1.45	0.0
0	2267	1.45	0.0
0	2268	1.44	0.68
0	2269	1.43	0.0
0	2270	1.42	0.0
0	2271	1.42	0.0
0	2272	1.41	0.0
0	2273	1.4	0.0
0	2274	1.4	0.0
0	2275	1.39	0.0
0	2276	1.37	0.0
0	2277	1.37	0.0
0	2278	1.37	0.0
0	2279	1.36	0.0
0	2280	1.35	0.0
0	2281	1.35	0.0
0	2282	1.34	0.0
0	2283	1.34	0.0
0	2284	1.34	0.04
0	2285	1.3	0.0
0	2286	1.29	0.0
0	2287	1.28	0.0
0	2288	1.27	0.0
0	2289	1.27	0.0
0	2290	1.27	0.0
0	2291	1.25	0.0
0	2292	1.25	0.0
0	2293	1.25	0.0
0	2294	1.24	0.0
0	2295	1.24	0.0
0	2296	1.24	0.0
0	2297	1.23	0.0
0	2298	1.22	0.06
0	2299	1.21	0.11
0	2300	1.2	0.0
0	2301	1.19	0.0
0	2302	1.19	0.0
0	2303	1.19	0.0
0	2304	1.19	0.0
0	2305	1.18	0.0
0	2306	1.17	0.0
0	2307	1.17	0.0
0	2308	1.17	0.0
0	2309	1.15	0.0
0	2310	1.14	0.0
0	2311	1.13	0.0
0	2312	1.13	0.0
0	2313	1.12	0.0
0	2314	1.12	0.99
0	2315	1.12	0.0
0	2316	1.12	0.0
0	2317	1.11	0.0
0	2318	1.1	0.0
0	2319	1.09	0.0
0	2320	1.09	0.0
0	2321	1.08	0.0
0	2322	1.07	0.0
0	2323	1.07	0.0
0	2324	1.05	0.0
0	2325	1.04	0.0
0	2326	1.03	0.0
0	2327	1.02	0.0
0	2328	1.02	0.0
0	2329	1.01	0.0
0	2330	1.0	0.0
0	2331	0.99	0.0
0	2332	0.96	0.73
0	2333	0.96	0.0
0	2334	0.95	0.37
0	2335	0.95	0.0
0	2336	0.95	0.0
0	2337	0.94	0.0
0	2338	0.92	0.0
0	2339	0.92	0.0
0	2340	0.92	0.0
0	2341	0.92	0.0
0	2342	0.91	0.0
0	2343	0.9	0.0
0	2344	0.89	0.29
0	2345	0.88	0.0
0	2346	0.88	0.0
0	2347	0.87	0.0
0	2348	0.87	0.0
0	2349	0.87	0.0
0	2350	0.86	0.0
0	2351	0.85	0.0
0	2352	0.85	0.0
0	2353	0.83	0.17
0	2354	0.83	0.0
0	2355	0.83	0.0
0	2356	0.83	0.0
0	2357	0.83	0.0
0	2358	0.82	0.0
0	2359	0.79	0.0
0	2360	0.78	0.0
0	2361	0.78	0.0
0	2362	0.77	0.0
0	2363	0.76	0.17
0	2364	0.76	0.0
0	2365	0.75	0.0
0	2366	0.75	0.0
0	2367	0.74	0.18
0	2368	0.74	0.0
0	2369	0.74	0.0
0	2370	0.73	0.0
0	2371	0.72	0.0
0	2372	0.71	0.0
0	2373	0.69	0.0
0	2374	0.69	0.0
0	2375	0.67	0.0
0	2376	0.67	0.0
0	2377	0.65	0.0
0	2378	0.65	0.0
0	2379	0.65	0.0
0	2380	0.65	0.0
0	2381	0.64	0.0
0	2382	0.63	0.0
0	2383	0.63	0.0
0	2384	0.63	0.0
0	2385	0.62	0.0
0	2386	0.62	0.0
0	2387	0.62	0.0
0	2388	0.6	0.0
0	2389	0.58	0.0
0	2390	0.58	0.0
0	2391	0.57	0.0
0	2392	0.57	0.0
0	2393	0.56	0.0
0	2394	0.56	0.0
0	2395	0.56	0.0
0	2396	0.56	0.0
0	2397	0.56	0.0
0	2398	0.54	0.0
0	2399	0.54	0.0
0	2400	0.54	0.0
0	2401	0.53	0.0
0	2402	0.5	0.0
0	2403	0.49	0.0
0	2404	0.48	0.0
0	2405	0.46	0.0
0	2406	0.46	0.0
0	2407	0.45	0.0
0	2408	0.45	0.0
0	2409	0.45	0.0
0	2410	0.45	0.0
0	2411	0.44	0.0
0	2412	0.44	0.0
0	2413	0.44	0.0
0	2414	0.44	0.0
0	2415	0.44	0.0
0	2416	0.42	0.29
0	2417	0.41	0.0
0	2418	0.41	0.0
0	2419	0.41	0.0
0	2420	0.4	0.0
0	2421	0.39	0.0
0	2422	0.39	0.0
0	2423	0.39	0.0
0	2424	0.39	0.0
0	2425	0.38	0.0
0	2426	0.38	0.0
0	2427	0.37	0.0
0	2428	0.36	0.0
0	2429	0.36	0.0
0	2430	0.35	0.0
0	2431	0.35	0.0
0	2432	0.35	0.0
0	2433	0.33	0.29
0	2434	0.32	0.0
0	2435	0.32	0.0
0	2436	0.32	0.0
0	2437	0.32	0.0
0	2438	0.31	0.29
0	2439	0.31	0.0
0	2440	0.31	0.0
0	2441	0.3	0.0
0	2442	0.3	0.12
0	2443	0.3	0.0
0	2444	0.29	0.0
0	2445	0.28	0.0
0	2446	0.27	0.0
0	2447	0.27	0.0
0	2448	0.26	0.0
0	2449	0.25	0.0
0	2450	0.24	0.0
0	2451	0.24	0.0
0	2452	0.23	0.0
0	2453	0.23	0.0
0	2454	0.22	0.0
0	2455	0.22	0.0
0	2456	0.22	0.0
0	2457	0.21	0.0
0	2458	0.2	0.0
0	2459	0.2	0.0
0	2460	0.2	0.0
0	2461	0.2	0.0
0	2462	0.2	0.0
0	2463	0.18	0.0
0	2464	0.17	0.0
0	2465	0.16	0.0
0	2466	0.16	0.0
0	2467	0.15	0.0
0	2468	0.14	0.0
0	2469	0.14	0.0
0	2470	0.13	0.0
0	2471	0.13	0.0
0	2472	0.13	0.06
0	2473	0.12	0.0
0	2474	0.12	0.0
0	2475	0.12	0.0
0	2476	0.11	0.0
0	2477	0.1	0.0
0	2478	0.1	0.0
0	2479	0.1	0.0
0	2480	0.09	0.0
0	2481	0.09	0.0
0	2482	0.07	0.0
0	2483	0.06	0.0
0	2484	0.06	0.0
0	2485	0.05	0.0
0	2486	0.04	0.0
0	2487	0.04	0.0
0	2488	0.03	0.0
0	2489	0.02	0.0
0	2490	0.02	0.0
0	2491	0.01	0.0
