clade	species	ts	te
0	1	100.0	85.22
0	2	91.84	87.2
0	3	90.02	59.87
0	4	89.2	79.06
0	5	87.66	87.44
0	6	87.42	84.1
0	7	86.15	72.82
0	8	86.03	85.52
0	9	83.63	65.39
0	10	81.15	67.8
0	11	80.38	68.46
0	12	78.66	76.63
0	13	78.6	74.96
0	14	78.48	75.79
0	15	77.16	70.21
0	16	76.83	70.46
0	17	76.78	70.51
0	18	75.01	59.83
0	19	73.89	66.67
0	20	73.01	63.44
0	21	72.65	68.97
0	22	71.76	56.76
0	23	71.39	67.08
0	24	71.21	42.54
0	25	70.79	65.17
0	26	70.72	59.56
0	27	70.5	53.25
0	28	70.23	69.09
0	29	68.98	54.64
0	30	68.61	66.04
0	31	68.55	62.3
0	32	68.03	66.06
0	33	67.97	43.87
0	34	67.8	67.19
0	35	67.8	61.52
0	36	67.08	66.86
0	37	66.76	33.86
0	38	66.67	46.02
0	39	66.3	40.0
0	40	65.94	59.93
0	41	65.69	58.83
0	42	65.1	54.51
0	43	64.72	62.06
0	44	64.16	58.7
0	45	64.05	51.99
0	46	64.01	58.13
0	47	63.49	57.09
0	48	63.34	61.9
0	49	63.12	48.14
0	50	62.52	56.62
0	51	62.2	55.61
0	52	61.89	41.31
0	53	61.74	51.37
0	54	61.41	58.03
0	55	60.0	56.49
0	56	59.96	47.72
0	57	59.87	35.95
0	58	59.87	58.3
0	59	59.03	48.91
0	60	58.74	56.07
0	61	58.38	50.48
0	62	58.09	41.72
0	63	57.97	48.04
0	64	57.94	57.1
0	65	57.73	51.0
0	66	57.54	56.12
0	67	57.38	48.38
0	68	56.62	47.53
0	69	55.5	42.26
0	70	54.98	39.29
0	71	54.56	49.66
0	72	54.42	52.06
0	73	53.75	50.04
0	74	53.62	53.18
0	75	53.44	47.78
0	76	53.25	36.85
0	77	53.22	43.31
0	78	53.18	40.43
0	79	53.06	41.95
0	80	52.47	38.96
0	81	52.36	50.84
0	82	52.09	43.45
0	83	51.94	50.1
0	84	51.93	41.52
0	85	51.73	31.84
0	86	51.51	35.87
0	87	51.51	42.84
0	88	51.39	41.18
0	89	51.33	47.51
0	90	51.28	49.26
0	91	51.16	43.51
0	92	51.12	28.94
0	93	50.91	45.65
0	94	50.81	47.45
0	95	50.76	42.11
0	96	50.1	29.97
0	97	49.81	40.53
0	98	49.61	37.81
0	99	49.43	47.77
0	100	49.32	47.43
0	101	49.02	42.26
0	102	48.97	37.96
0	103	48.66	43.65
0	104	48.48	43.21
0	105	48.19	47.76
0	106	48.05	45.3
0	107	48.04	47.71
0	108	47.96	21.83
0	109	47.9	25.06
0	110	47.75	46.32
0	111	47.69	41.91
0	112	47.52	34.29
0	113	47.46	46.34
0	114	47.15	40.71
0	115	47.1	24.29
0	116	47.05	43.05
0	117	47.04	31.4
0	118	46.95	41.94
0	119	46.82	42.94
0	120	46.56	41.28
0	121	46.49	38.07
0	122	46.48	41.75
0	123	46.32	21.73
0	124	46.27	43.84
0	125	46.12	44.15
0	126	46.03	43.34
0	127	46.02	42.47
0	128	45.95	44.57
0	129	45.94	25.88
0	130	45.9	35.81
0	131	45.86	9.05
0	132	45.85	39.32
0	133	45.75	35.26
0	134	45.62	31.85
0	135	45.55	42.13
0	136	45.48	36.4
0	137	45.4	42.73
0	138	45.39	25.25
0	139	45.36	40.57
0	140	45.28	34.93
0	141	45.22	42.74
0	142	45.04	40.12
0	143	45.03	19.84
0	144	45.02	14.87
0	145	45.0	39.52
0	146	44.81	44.63
0	147	44.75	42.22
0	148	44.65	36.34
0	149	44.55	34.02
0	150	44.52	42.74
0	151	44.14	38.07
0	152	44.09	37.76
0	153	44.09	39.65
0	154	44.03	34.23
0	155	44.0	34.44
0	156	43.99	34.5
0	157	43.98	42.16
0	158	43.95	39.37
0	159	43.9	16.09
0	160	43.88	36.37
0	161	43.86	38.71
0	162	43.71	35.5
0	163	43.7	32.79
0	164	43.56	24.81
0	165	43.52	42.03
0	166	43.5	18.96
0	167	43.37	41.26
0	168	43.31	28.43
0	169	43.28	35.11
0	170	43.26	40.83
0	171	43.18	36.26
0	172	43.12	30.92
0	173	42.94	39.82
0	174	42.94	41.45
0	175	42.78	31.79
0	176	42.74	37.98
0	177	42.71	20.03
0	178	42.57	42.43
0	179	42.45	42.36
0	180	42.27	39.67
0	181	41.94	40.94
0	182	41.93	37.03
0	183	41.92	24.27
0	184	41.91	34.56
0	185	41.9	19.5
0	186	41.57	30.47
0	187	41.51	37.26
0	188	41.26	36.66
0	189	41.14	41.03
0	190	40.95	34.04
0	191	40.87	40.22
0	192	40.82	35.34
0	193	40.69	37.71
0	194	40.65	39.94
0	195	40.64	30.74
0	196	40.56	0.0
0	197	40.54	35.08
0	198	40.53	37.78
0	199	40.47	37.96
0	200	40.36	30.68
0	201	40.31	32.2
0	202	40.25	39.23
0	203	40.16	28.5
0	204	40.13	40.03
0	205	40.01	35.54
0	206	40.01	35.45
0	207	39.67	30.86
0	208	39.64	36.36
0	209	39.54	26.28
0	210	39.47	13.8
0	211	39.37	30.33
0	212	39.33	4.37
0	213	39.21	13.42
0	214	39.21	14.66
0	215	39.19	34.14
0	216	39.13	15.99
0	217	39.12	30.7
0	218	39.06	23.15
0	219	38.97	38.13
0	220	38.96	1.9
0	221	38.94	32.59
0	222	38.78	31.25
0	223	38.67	36.51
0	224	38.65	35.84
0	225	38.65	27.75
0	226	38.61	38.08
0	227	38.57	38.2
0	228	38.55	32.98
0	229	38.45	33.68
0	230	38.4	34.75
0	231	38.4	0.0
0	232	38.4	0.0
0	233	38.23	37.85
0	234	38.14	32.75
0	235	38.06	25.3
0	236	38.04	29.7
0	237	37.84	28.09
0	238	37.83	36.97
0	239	37.82	24.36
0	240	37.79	35.61
0	241	37.71	19.95
0	242	37.68	31.17
0	243	37.64	35.14
0	244	37.63	27.18
0	245	37.59	33.93
0	246	37.56	35.62
0	247	37.5	34.07
0	248	37.34	37.25
0	249	37.32	23.71
0	250	37.29	30.64
0	251	37.27	17.04
0	252	37.26	36.01
0	253	37.24	21.13
0	254	37.14	33.64
0	255	37.09	10.3
0	256	37.03	22.46
0	257	36.99	33.21
0	258	36.96	27.19
0	259	36.95	28.95
0	260	36.93	27.36
0	261	36.92	36.39
0	262	36.89	32.03
0	263	36.86	27.73
0	264	36.83	28.57
0	265	36.8	35.68
0	266	36.79	35.47
0	267	36.64	32.48
0	268	36.47	36.4
0	269	36.44	33.48
0	270	36.43	34.55
0	271	36.38	32.55
0	272	36.36	23.01
0	273	36.34	33.1
0	274	36.33	32.79
0	275	36.23	0.0
0	276	36.07	29.24
0	277	36.04	33.15
0	278	36.01	27.27
0	279	35.95	34.63
0	280	35.87	31.96
0	281	35.86	3.64
0	282	35.81	22.33
0	283	35.76	35.22
0	284	35.76	14.02
0	285	35.68	26.06
0	286	35.58	32.69
0	287	35.57	25.66
0	288	35.47	15.09
0	289	35.43	18.48
0	290	35.38	25.72
0	291	35.38	24.85
0	292	35.26	33.61
0	293	35.21	24.31
0	294	35.1	29.15
0	295	35.08	6.95
0	296	35.08	29.33
0	297	34.87	15.03
0	298	34.79	0.0
0	299	34.74	19.37
0	300	34.69	34.35
0	301	34.65	33.0
0	302	34.64	33.81
0	303	34.5	31.9
0	304	34.44	26.0
0	305	34.29	27.31
0	306	34.13	32.14
0	307	34.06	29.17
0	308	33.98	29.38
0	309	33.96	15.99
0	310	33.95	20.8
0	311	33.91	31.45
0	312	33.84	29.81
0	313	33.74	28.36
0	314	33.72	24.98
0	315	33.53	31.98
0	316	33.51	29.25
0	317	33.38	15.25
0	318	33.37	15.01
0	319	33.34	24.44
0	320	33.33	0.0
0	321	33.24	10.35
0	322	33.23	21.79
0	323	33.21	17.95
0	324	33.11	23.52
0	325	33.09	24.45
0	326	33.03	22.42
0	327	32.98	18.7
0	328	32.97	31.31
0	329	32.88	15.13
0	330	32.75	29.23
0	331	32.74	21.14
0	332	32.58	10.59
0	333	32.41	31.76
0	334	32.4	29.65
0	335	32.35	27.46
0	336	32.27	6.87
0	337	32.19	0.0
0	338	32.13	3.03
0	339	32.07	20.5
0	340	32.05	31.9
0	341	31.92	29.98
0	342	31.87	26.54
0	343	31.8	9.44
0	344	31.63	26.58
0	345	31.62	27.44
0	346	31.61	22.6
0	347	31.59	31.19
0	348	31.57	27.63
0	349	31.49	30.77
0	350	31.38	9.03
0	351	31.34	26.74
0	352	31.34	30.39
0	353	31.3	31.03
0	354	31.16	16.62
0	355	31.12	30.14
0	356	31.11	19.63
0	357	31.06	29.94
0	358	31.0	14.67
0	359	30.88	13.35
0	360	30.88	17.67
0	361	30.86	19.86
0	362	30.82	11.45
0	363	30.82	20.86
0	364	30.82	28.88
0	365	30.79	29.53
0	366	30.68	21.69
0	367	30.67	10.98
0	368	30.62	25.84
0	369	30.56	27.19
0	370	30.56	10.85
0	371	30.53	20.21
0	372	30.44	19.83
0	373	30.39	25.23
0	374	30.36	30.11
0	375	30.35	24.68
0	376	30.32	28.35
0	377	30.29	22.77
0	378	30.25	23.37
0	379	30.2	16.04
0	380	30.19	17.66
0	381	30.18	25.62
0	382	30.16	28.61
0	383	30.16	24.59
0	384	30.15	29.51
0	385	30.14	23.34
0	386	30.14	13.05
0	387	30.05	22.3
0	388	29.93	26.12
0	389	29.91	18.95
0	390	29.91	29.82
0	391	29.9	24.53
0	392	29.89	18.96
0	393	29.88	20.37
0	394	29.87	22.38
0	395	29.86	28.07
0	396	29.83	23.9
0	397	29.8	28.71
0	398	29.8	0.0
0	399	29.79	20.35
0	400	29.75	23.57
0	401	29.75	18.94
0	402	29.74	19.86
0	403	29.72	20.22
0	404	29.66	25.48
0	405	29.63	20.87
0	406	29.62	24.64
0	407	29.58	27.05
0	408	29.54	20.3
0	409	29.53	20.62
0	410	29.49	20.06
0	411	29.48	26.01
0	412	29.42	19.24
0	413	29.38	28.41
0	414	29.35	27.64
0	415	29.34	19.28
0	416	29.33	25.17
0	417	29.33	23.98
0	418	29.26	26.82
0	419	29.19	28.43
0	420	29.17	13.49
0	421	29.08	26.19
0	422	29.06	22.28
0	423	29.03	16.69
0	424	28.99	28.67
0	425	28.99	22.68
0	426	28.91	27.72
0	427	28.86	26.47
0	428	28.85	25.22
0	429	28.82	14.89
0	430	28.8	18.32
0	431	28.8	27.67
0	432	28.76	27.81
0	433	28.72	25.21
0	434	28.68	26.23
0	435	28.67	16.76
0	436	28.63	27.67
0	437	28.56	19.97
0	438	28.54	24.71
0	439	28.52	0.0
0	440	28.52	18.23
0	441	28.47	10.39
0	442	28.47	28.13
0	443	28.42	6.56
0	444	28.42	16.61
0	445	28.41	21.34
0	446	28.39	23.3
0	447	28.35	25.7
0	448	28.31	5.0
0	449	28.17	12.16
0	450	28.15	18.14
0	451	28.1	27.42
0	452	28.08	14.66
0	453	28.07	23.37
0	454	27.97	21.38
0	455	27.96	19.13
0	456	27.84	18.67
0	457	27.82	25.23
0	458	27.78	27.33
0	459	27.76	17.06
0	460	27.72	0.0
0	461	27.71	20.24
0	462	27.67	21.55
0	463	27.64	5.71
0	464	27.63	25.72
0	465	27.62	27.49
0	466	27.57	22.92
0	467	27.57	24.06
0	468	27.49	26.19
0	469	27.47	19.22
0	470	27.41	22.36
0	471	27.4	0.0
0	472	27.39	26.94
0	473	27.35	18.34
0	474	27.33	16.73
0	475	27.33	22.17
0	476	27.3	19.39
0	477	27.27	13.15
0	478	27.24	20.24
0	479	27.23	26.81
0	480	27.22	26.85
0	481	27.2	8.14
0	482	27.14	0.0
0	483	27.07	8.89
0	484	27.07	19.99
0	485	27.0	26.73
0	486	26.98	26.02
0	487	26.97	2.54
0	488	26.95	25.37
0	489	26.93	23.35
0	490	26.85	22.77
0	491	26.83	23.59
0	492	26.79	11.73
0	493	26.75	3.26
0	494	26.75	22.13
0	495	26.75	24.97
0	496	26.73	5.71
0	497	26.67	3.21
0	498	26.56	24.59
0	499	26.56	26.4
0	500	26.48	15.2
0	501	26.45	13.7
0	502	26.43	26.36
0	503	26.43	0.0
0	504	26.41	17.41
0	505	26.39	24.06
0	506	26.38	24.88
0	507	26.36	0.0
0	508	26.32	0.0
0	509	26.29	18.08
0	510	26.27	12.58
0	511	26.17	24.77
0	512	26.1	24.23
0	513	26.07	24.86
0	514	26.04	20.58
0	515	26.03	25.81
0	516	26.02	1.05
0	517	25.97	22.4
0	518	25.95	20.35
0	519	25.91	7.55
0	520	25.9	13.51
0	521	25.88	0.0
0	522	25.84	23.32
0	523	25.81	0.0
0	524	25.81	7.51
0	525	25.78	17.06
0	526	25.7	0.0
0	527	25.68	24.04
0	528	25.65	20.46
0	529	25.6	0.0
0	530	25.59	0.0
0	531	25.56	15.09
0	532	25.47	3.45
0	533	25.46	12.53
0	534	25.29	23.59
0	535	25.28	23.47
0	536	25.22	24.57
0	537	25.19	24.04
0	538	25.17	16.39
0	539	25.14	9.45
0	540	25.09	12.26
0	541	25.07	22.97
0	542	25.01	23.25
0	543	24.99	4.17
0	544	24.99	24.28
0	545	24.96	20.48
0	546	24.95	24.64
0	547	24.95	9.51
0	548	24.94	20.99
0	549	24.93	3.59
0	550	24.91	24.17
0	551	24.91	17.43
0	552	24.9	1.62
0	553	24.88	24.37
0	554	24.85	19.98
0	555	24.76	22.37
0	556	24.75	17.7
0	557	24.75	18.6
0	558	24.72	2.89
0	559	24.71	19.31
0	560	24.65	19.73
0	561	24.65	18.39
0	562	24.61	20.08
0	563	24.58	19.77
0	564	24.55	13.21
0	565	24.54	10.24
0	566	24.49	22.97
0	567	24.49	20.26
0	568	24.47	17.63
0	569	24.41	21.84
0	570	24.38	0.0
0	571	24.37	24.35
0	572	24.34	3.67
0	573	24.34	3.32
0	574	24.29	22.46
0	575	24.27	18.48
0	576	24.2	23.03
0	577	24.2	21.27
0	578	24.19	15.86
0	579	24.18	22.95
0	580	24.16	20.75
0	581	24.14	12.89
0	582	24.11	20.5
0	583	24.08	24.03
0	584	24.05	14.63
0	585	24.04	20.0
0	586	24.02	21.28
0	587	24.01	14.2
0	588	23.95	9.52
0	589	23.95	20.68
0	590	23.92	17.45
0	591	23.88	17.42
0	592	23.8	16.86
0	593	23.78	18.58
0	594	23.76	21.39
0	595	23.76	17.55
0	596	23.75	0.0
0	597	23.73	13.47
0	598	23.71	18.31
0	599	23.7	0.0
0	600	23.7	0.0
0	601	23.66	20.72
0	602	23.62	10.95
0	603	23.58	13.85
0	604	23.5	0.0
0	605	23.47	19.19
0	606	23.47	7.84
0	607	23.42	17.64
0	608	23.4	13.48
0	609	23.37	14.01
0	610	23.35	22.15
0	611	23.35	19.48
0	612	23.34	17.87
0	613	23.34	20.84
0	614	23.32	21.17
0	615	23.3	0.0
0	616	23.3	4.1
0	617	23.23	11.3
0	618	23.23	21.44
0	619	23.23	5.72
0	620	23.19	11.96
0	621	23.12	12.89
0	622	23.01	20.29
0	623	22.99	21.82
0	624	22.94	19.59
0	625	22.89	14.65
0	626	22.87	15.86
0	627	22.87	18.78
0	628	22.87	10.84
0	629	22.86	21.56
0	630	22.81	18.64
0	631	22.8	18.64
0	632	22.77	15.96
0	633	22.76	9.31
0	634	22.64	12.39
0	635	22.63	22.54
0	636	22.63	12.7
0	637	22.63	17.43
0	638	22.63	21.91
0	639	22.61	10.56
0	640	22.58	17.64
0	641	22.54	20.98
0	642	22.52	5.06
0	643	22.47	21.98
0	644	22.45	13.14
0	645	22.42	21.67
0	646	22.38	9.12
0	647	22.38	9.99
0	648	22.35	0.0
0	649	22.27	21.92
0	650	22.24	16.91
0	651	22.23	21.21
0	652	22.09	21.02
0	653	22.09	7.34
0	654	22.07	20.88
0	655	22.04	14.59
0	656	21.97	21.08
0	657	21.94	14.74
0	658	21.9	19.28
0	659	21.86	11.09
0	660	21.8	12.07
0	661	21.75	12.13
0	662	21.74	8.69
0	663	21.72	10.74
0	664	21.7	19.46
0	665	21.7	12.91
0	666	21.67	4.96
0	667	21.64	9.46
0	668	21.58	5.56
0	669	21.54	18.38
0	670	21.54	7.91
0	671	21.53	17.54
0	672	21.51	8.52
0	673	21.51	13.79
0	674	21.5	21.17
0	675	21.49	12.82
0	676	21.49	17.65
0	677	21.46	7.02
0	678	21.43	21.19
0	679	21.37	16.82
0	680	21.37	16.12
0	681	21.36	15.14
0	682	21.33	0.0
0	683	21.29	17.52
0	684	21.26	11.24
0	685	21.24	20.85
0	686	21.21	17.62
0	687	21.16	16.56
0	688	21.16	1.62
0	689	21.13	17.51
0	690	21.13	20.23
0	691	21.09	20.7
0	692	21.09	16.53
0	693	21.08	17.97
0	694	21.06	7.04
0	695	20.98	0.0
0	696	20.97	0.0
0	697	20.88	0.0
0	698	20.88	0.0
0	699	20.87	13.15
0	700	20.86	17.47
0	701	20.85	18.06
0	702	20.8	18.91
0	703	20.79	15.33
0	704	20.78	19.14
0	705	20.78	17.53
0	706	20.73	19.83
0	707	20.72	10.59
0	708	20.68	13.12
0	709	20.64	14.3
0	710	20.63	10.12
0	711	20.56	14.55
0	712	20.55	18.09
0	713	20.53	17.39
0	714	20.53	12.56
0	715	20.5	16.73
0	716	20.48	14.85
0	717	20.47	11.07
0	718	20.46	16.61
0	719	20.46	12.2
0	720	20.45	0.91
0	721	20.45	7.01
0	722	20.44	18.48
0	723	20.37	9.52
0	724	20.34	17.04
0	725	20.33	17.05
0	726	20.32	19.47
0	727	20.3	9.53
0	728	20.28	14.97
0	729	20.22	7.27
0	730	20.22	4.81
0	731	20.2	1.94
0	732	20.19	19.52
0	733	20.13	0.0
0	734	20.13	18.29
0	735	20.11	4.49
0	736	20.09	15.72
0	737	20.02	18.6
0	738	19.93	3.04
0	739	19.93	18.75
0	740	19.92	11.21
0	741	19.91	5.69
0	742	19.84	16.46
0	743	19.82	18.36
0	744	19.82	6.45
0	745	19.76	10.27
0	746	19.76	0.0
0	747	19.68	16.33
0	748	19.62	14.21
0	749	19.62	10.3
0	750	19.6	3.23
0	751	19.6	17.19
0	752	19.59	4.32
0	753	19.56	18.95
0	754	19.56	16.2
0	755	19.56	9.68
0	756	19.54	0.0
0	757	19.53	0.0
0	758	19.5	0.0
0	759	19.45	18.06
0	760	19.41	0.0
0	761	19.41	1.61
0	762	19.41	14.28
0	763	19.4	17.72
0	764	19.38	16.43
0	765	19.38	18.71
0	766	19.37	16.31
0	767	19.36	0.0
0	768	19.35	0.0
0	769	19.35	0.0
0	770	19.34	5.77
0	771	19.28	16.88
0	772	19.27	18.51
0	773	19.26	13.79
0	774	19.21	0.38
0	775	19.2	11.79
0	776	19.18	18.12
0	777	19.13	18.98
0	778	19.09	0.0
0	779	19.06	14.46
0	780	19.03	12.1
0	781	18.99	17.76
0	782	18.94	9.6
0	783	18.9	5.44
0	784	18.82	0.0
0	785	18.8	9.3
0	786	18.78	16.12
0	787	18.76	15.09
0	788	18.75	0.0
0	789	18.75	4.8
0	790	18.72	9.48
0	791	18.7	2.77
0	792	18.69	17.67
0	793	18.69	15.52
0	794	18.68	17.26
0	795	18.65	0.0
0	796	18.59	0.0
0	797	18.5	8.45
0	798	18.48	13.25
0	799	18.47	15.05
0	800	18.46	11.24
0	801	18.45	13.78
0	802	18.41	10.21
0	803	18.39	14.03
0	804	18.37	13.2
0	805	18.36	8.06
0	806	18.36	14.08
0	807	18.34	18.27
0	808	18.32	0.0
0	809	18.3	4.97
0	810	18.28	17.97
0	811	18.27	14.15
0	812	18.24	7.84
0	813	18.22	15.67
0	814	18.19	6.97
0	815	18.18	16.14
0	816	18.14	6.27
0	817	18.13	17.5
0	818	18.13	12.71
0	819	18.12	12.57
0	820	18.08	5.93
0	821	18.06	10.16
0	822	18.04	0.0
0	823	18.03	0.0
0	824	18.0	4.51
0	825	17.98	14.0
0	826	17.96	0.0
0	827	17.96	9.48
0	828	17.88	14.29
0	829	17.85	4.09
0	830	17.83	10.6
0	831	17.82	6.05
0	832	17.73	15.81
0	833	17.72	10.04
0	834	17.72	13.95
0	835	17.72	0.0
0	836	17.71	17.45
0	837	17.68	15.14
0	838	17.68	0.0
0	839	17.62	3.79
0	840	17.62	9.18
0	841	17.58	14.59
0	842	17.58	12.93
0	843	17.57	16.26
0	844	17.55	16.73
0	845	17.51	7.51
0	846	17.5	0.0
0	847	17.48	12.43
0	848	17.45	8.19
0	849	17.44	0.0
0	850	17.44	16.59
0	851	17.4	5.37
0	852	17.38	15.96
0	853	17.38	14.02
0	854	17.37	0.0
0	855	17.29	9.77
0	856	17.29	14.96
0	857	17.28	0.0
0	858	17.27	11.76
0	859	17.27	7.83
0	860	17.25	14.96
0	861	17.24	11.19
0	862	17.15	10.58
0	863	17.15	5.01
0	864	17.14	7.9
0	865	17.07	0.0
0	866	17.06	12.59
0	867	17.05	10.38
0	868	17.03	11.7
0	869	17.01	0.0
0	870	17.01	10.7
0	871	16.98	7.74
0	872	16.95	2.77
0	873	16.92	14.0
0	874	16.91	11.77
0	875	16.91	12.11
0	876	16.9	13.57
0	877	16.87	5.34
0	878	16.87	0.0
0	879	16.86	13.83
0	880	16.84	12.66
0	881	16.82	0.0
0	882	16.81	3.97
0	883	16.8	7.64
0	884	16.8	15.43
0	885	16.79	15.94
0	886	16.76	10.4
0	887	16.7	0.0
0	888	16.7	0.0
0	889	16.67	9.74
0	890	16.67	12.28
0	891	16.66	0.0
0	892	16.63	6.97
0	893	16.58	15.57
0	894	16.57	14.21
0	895	16.52	13.66
0	896	16.49	3.98
0	897	16.46	0.0
0	898	16.43	13.71
0	899	16.43	9.79
0	900	16.41	15.56
0	901	16.4	3.14
0	902	16.4	8.92
0	903	16.39	7.17
0	904	16.34	10.56
0	905	16.33	0.0
0	906	16.28	15.5
0	907	16.28	3.72
0	908	16.27	13.88
0	909	16.26	0.0
0	910	16.25	10.63
0	911	16.2	14.95
0	912	16.2	4.73
0	913	16.15	0.0
0	914	16.14	5.84
0	915	16.12	10.3
0	916	16.12	8.04
0	917	16.1	13.67
0	918	16.07	9.58
0	919	16.04	5.69
0	920	16.02	12.52
0	921	16.0	8.45
0	922	15.97	13.97
0	923	15.96	13.86
0	924	15.92	0.0
0	925	15.9	0.0
0	926	15.88	15.33
0	927	15.86	14.07
0	928	15.85	8.32
0	929	15.82	11.47
0	930	15.82	10.25
0	931	15.78	12.08
0	932	15.72	14.57
0	933	15.67	12.2
0	934	15.64	0.0
0	935	15.62	0.6
0	936	15.61	15.32
0	937	15.61	12.89
0	938	15.6	11.58
0	939	15.57	15.1
0	940	15.47	14.15
0	941	15.47	0.0
0	942	15.46	6.27
0	943	15.46	9.41
0	944	15.46	0.0
0	945	15.44	0.0
0	946	15.44	14.41
0	947	15.41	0.0
0	948	15.41	0.0
0	949	15.4	15.36
0	950	15.4	0.0
0	951	15.39	0.0
0	952	15.38	12.15
0	953	15.38	14.15
0	954	15.34	1.2
0	955	15.33	6.26
0	956	15.32	0.0
0	957	15.24	7.51
0	958	15.21	13.29
0	959	15.2	0.0
0	960	15.18	0.0
0	961	15.18	9.26
0	962	15.16	0.0
0	963	15.15	7.09
0	964	15.09	11.68
0	965	15.04	9.76
0	966	14.99	10.95
0	967	14.96	0.0
0	968	14.94	0.0
0	969	14.93	0.0
0	970	14.92	14.3
0	971	14.92	12.74
0	972	14.92	4.18
0	973	14.9	13.21
0	974	14.86	8.91
0	975	14.86	14.2
0	976	14.84	14.64
0	977	14.82	4.99
0	978	14.79	5.91
0	979	14.79	0.0
0	980	14.77	8.45
0	981	14.73	4.04
0	982	14.72	5.32
0	983	14.69	8.37
0	984	14.68	0.0
0	985	14.66	12.1
0	986	14.66	10.77
0	987	14.64	0.0
0	988	14.58	7.71
0	989	14.53	9.06
0	990	14.52	0.0
0	991	14.52	6.38
0	992	14.51	13.65
0	993	14.49	8.74
0	994	14.49	14.2
0	995	14.48	12.07
0	996	14.47	8.85
0	997	14.46	0.0
0	998	14.45	4.06
0	999	14.45	5.17
0	1000	14.44	13.71
0	1001	14.44	7.7
0	1002	14.42	0.0
0	1003	14.41	11.87
0	1004	14.4	7.45
0	1005	14.39	10.72
0	1006	14.37	7.34
0	1007	14.35	0.0
0	1008	14.31	7.39
0	1009	14.27	3.68
0	1010	14.27	0.0
0	1011	14.26	0.0
0	1012	14.23	0.0
0	1013	14.22	12.29
0	1014	14.17	6.57
0	1015	14.11	12.98
0	1016	14.06	9.29
0	1017	14.06	0.0
0	1018	14.05	0.0
0	1019	14.05	11.08
0	1020	14.03	12.04
0	1021	14.01	7.28
0	1022	13.99	0.0
0	1023	13.97	0.0
0	1024	13.96	0.0
0	1025	13.93	1.29
0	1026	13.92	0.0
0	1027	13.9	9.45
0	1028	13.87	0.0
0	1029	13.86	0.0
0	1030	13.83	0.0
0	1031	13.82	0.0
0	1032	13.81	0.0
0	1033	13.79	0.0
0	1034	13.77	0.0
0	1035	13.76	0.0
0	1036	13.76	0.0
0	1037	13.76	4.15
0	1038	13.75	2.91
0	1039	13.73	0.0
0	1040	13.72	9.25
0	1041	13.71	7.56
0	1042	13.69	7.82
0	1043	13.69	10.74
0	1044	13.69	8.38
0	1045	13.69	1.76
0	1046	13.67	10.38
0	1047	13.65	0.0
0	1048	13.63	0.0
0	1049	13.63	7.61
0	1050	13.62	1.69
0	1051	13.62	12.44
0	1052	13.61	9.65
0	1053	13.61	12.97
0	1054	13.6	9.97
0	1055	13.59	10.58
0	1056	13.57	9.01
0	1057	13.55	11.92
0	1058	13.51	6.02
0	1059	13.47	0.0
0	1060	13.47	12.21
0	1061	13.46	11.52
0	1062	13.45	11.4
0	1063	13.45	8.9
0	1064	13.44	5.55
0	1065	13.44	0.0
0	1066	13.43	5.71
0	1067	13.43	0.0
0	1068	13.41	0.0
0	1069	13.4	0.0
0	1070	13.39	11.56
0	1071	13.39	12.81
0	1072	13.38	7.98
0	1073	13.35	0.0
0	1074	13.33	0.0
0	1075	13.33	10.45
0	1076	13.31	8.22
0	1077	13.3	9.56
0	1078	13.28	13.14
0	1079	13.2	0.0
0	1080	13.2	9.83
0	1081	13.2	0.0
0	1082	13.17	0.0
0	1083	13.13	9.0
0	1084	13.12	0.0
0	1085	13.11	4.69
0	1086	13.06	0.0
0	1087	13.04	4.72
0	1088	13.04	5.62
0	1089	12.99	5.3
0	1090	12.98	0.0
0	1091	12.97	7.51
0	1092	12.93	0.26
0	1093	12.91	0.0
0	1094	12.9	2.73
0	1095	12.9	0.0
0	1096	12.89	1.78
0	1097	12.86	0.0
0	1098	12.84	9.3
0	1099	12.8	0.0
0	1100	12.79	11.81
0	1101	12.77	4.19
0	1102	12.76	0.58
0	1103	12.74	5.96
0	1104	12.73	11.56
0	1105	12.72	11.65
0	1106	12.72	9.87
0	1107	12.7	8.77
0	1108	12.7	7.41
0	1109	12.69	0.0
0	1110	12.68	10.6
0	1111	12.67	9.74
0	1112	12.63	11.35
0	1113	12.62	10.65
0	1114	12.62	3.44
0	1115	12.61	8.29
0	1116	12.6	0.0
0	1117	12.58	11.32
0	1118	12.57	0.0
0	1119	12.56	0.75
0	1120	12.55	2.32
0	1121	12.55	8.13
0	1122	12.52	0.0
0	1123	12.52	0.0
0	1124	12.51	9.82
0	1125	12.48	0.0
0	1126	12.46	9.32
0	1127	12.45	0.0
0	1128	12.42	4.29
0	1129	12.4	12.36
0	1130	12.39	0.0
0	1131	12.38	0.0
0	1132	12.35	9.78
0	1133	12.34	8.0
0	1134	12.33	3.92
0	1135	12.31	7.07
0	1136	12.29	11.42
0	1137	12.29	12.23
0	1138	12.29	2.25
0	1139	12.29	0.0
0	1140	12.29	0.0
0	1141	12.28	0.0
0	1142	12.26	10.91
0	1143	12.26	0.0
0	1144	12.18	1.08
0	1145	12.17	11.71
0	1146	12.16	0.0
0	1147	12.13	4.46
0	1148	12.12	9.69
0	1149	12.1	0.0
0	1150	12.09	10.24
0	1151	12.06	2.39
0	1152	12.04	7.88
0	1153	12.02	0.0
0	1154	12.0	8.91
0	1155	11.98	0.0
0	1156	11.94	0.92
0	1157	11.93	0.12
0	1158	11.91	5.39
0	1159	11.91	8.78
0	1160	11.91	0.0
0	1161	11.88	11.78
0	1162	11.88	0.0
0	1163	11.86	11.23
0	1164	11.85	7.49
0	1165	11.84	0.0
0	1166	11.84	3.47
0	1167	11.83	4.69
0	1168	11.83	8.42
0	1169	11.77	0.18
0	1170	11.7	0.0
0	1171	11.7	11.23
0	1172	11.7	8.39
0	1173	11.65	0.0
0	1174	11.65	8.14
0	1175	11.65	0.0
0	1176	11.64	0.0
0	1177	11.63	1.35
0	1178	11.62	0.0
0	1179	11.61	8.51
0	1180	11.61	11.14
0	1181	11.6	4.26
0	1182	11.59	1.2
0	1183	11.56	0.0
0	1184	11.55	5.56
0	1185	11.46	5.19
0	1186	11.45	6.82
0	1187	11.44	2.65
0	1188	11.43	9.26
0	1189	11.42	0.0
0	1190	11.4	0.0
0	1191	11.38	8.14
0	1192	11.37	6.26
0	1193	11.34	0.0
0	1194	11.34	6.53
0	1195	11.32	0.0
0	1196	11.31	4.06
0	1197	11.31	6.73
0	1198	11.3	7.0
0	1199	11.28	11.24
0	1200	11.27	9.4
0	1201	11.26	9.79
0	1202	11.25	0.0
0	1203	11.23	2.89
0	1204	11.21	0.0
0	1205	11.2	7.82
0	1206	11.19	10.45
0	1207	11.18	0.0
0	1208	11.17	0.0
0	1209	11.16	0.0
0	1210	11.14	0.0
0	1211	11.13	0.0
0	1212	11.13	7.37
0	1213	11.13	0.0
0	1214	11.12	0.0
0	1215	11.07	9.2
0	1216	11.07	7.97
0	1217	11.07	4.89
0	1218	11.07	5.51
0	1219	11.06	4.28
0	1220	11.06	4.38
0	1221	11.06	0.0
0	1222	11.05	7.96
0	1223	11.05	9.55
0	1224	11.04	3.19
0	1225	11.02	0.0
0	1226	11.02	0.0
0	1227	11.01	7.1
0	1228	10.98	0.93
0	1229	10.97	7.36
0	1230	10.96	0.0
0	1231	10.94	2.13
0	1232	10.94	3.44
0	1233	10.92	8.72
0	1234	10.92	7.16
0	1235	10.91	1.21
0	1236	10.91	0.0
0	1237	10.91	7.3
0	1238	10.88	9.75
0	1239	10.88	0.0
0	1240	10.87	9.11
0	1241	10.87	2.5
0	1242	10.87	1.87
0	1243	10.85	2.54
0	1244	10.85	2.97
0	1245	10.83	4.27
0	1246	10.82	7.17
0	1247	10.75	9.46
0	1248	10.75	7.92
0	1249	10.75	10.46
0	1250	10.73	0.0
0	1251	10.69	0.88
0	1252	10.69	0.0
0	1253	10.64	10.2
0	1254	10.63	9.22
0	1255	10.62	0.0
0	1256	10.61	8.83
0	1257	10.59	0.0
0	1258	10.57	2.23
0	1259	10.56	0.14
0	1260	10.56	0.9
0	1261	10.54	0.0
0	1262	10.53	0.0
0	1263	10.51	5.09
0	1264	10.5	0.0
0	1265	10.5	2.99
0	1266	10.48	6.02
0	1267	10.48	3.88
0	1268	10.46	0.0
0	1269	10.43	8.51
0	1270	10.43	6.6
0	1271	10.4	0.0
0	1272	10.4	1.66
0	1273	10.4	2.85
0	1274	10.39	5.64
0	1275	10.37	5.83
0	1276	10.33	10.24
0	1277	10.32	0.0
0	1278	10.31	5.33
0	1279	10.3	0.0
0	1280	10.29	0.0
0	1281	10.28	8.64
0	1282	10.27	0.0
0	1283	10.26	0.0
0	1284	10.25	0.0
0	1285	10.23	0.0
0	1286	10.22	4.95
0	1287	10.22	5.64
0	1288	10.21	5.27
0	1289	10.2	7.99
0	1290	10.18	0.0
0	1291	10.18	6.3
0	1292	10.17	3.17
0	1293	10.16	0.0
0	1294	10.15	7.37
0	1295	10.15	0.0
0	1296	10.14	0.0
0	1297	10.11	0.0
0	1298	10.11	8.83
0	1299	10.1	1.21
0	1300	10.1	0.0
0	1301	10.09	0.0
0	1302	10.08	6.09
0	1303	10.08	9.82
0	1304	10.07	2.03
0	1305	10.07	7.05
0	1306	10.05	9.25
0	1307	10.05	9.86
0	1308	10.05	0.0
0	1309	10.04	3.08
0	1310	10.03	7.57
0	1311	10.02	7.35
0	1312	10.01	0.0
0	1313	9.99	0.0
0	1314	9.98	0.0
0	1315	9.97	8.6
0	1316	9.96	3.55
0	1317	9.96	0.0
0	1318	9.95	9.63
0	1319	9.95	1.13
0	1320	9.93	0.0
0	1321	9.93	3.47
0	1322	9.91	0.0
0	1323	9.9	2.57
0	1324	9.9	6.02
0	1325	9.88	6.66
0	1326	9.85	0.0
0	1327	9.85	9.54
0	1328	9.85	6.75
0	1329	9.85	6.55
0	1330	9.85	5.32
0	1331	9.84	8.28
0	1332	9.82	9.72
0	1333	9.81	9.77
0	1334	9.79	1.85
0	1335	9.79	7.4
0	1336	9.78	0.0
0	1337	9.77	0.0
0	1338	9.76	0.86
0	1339	9.75	4.02
0	1340	9.74	0.0
0	1341	9.73	9.63
0	1342	9.67	0.0
0	1343	9.66	6.37
0	1344	9.65	0.0
0	1345	9.61	0.96
0	1346	9.58	4.01
0	1347	9.58	2.81
0	1348	9.58	3.62
0	1349	9.58	4.52
0	1350	9.57	0.0
0	1351	9.54	0.0
0	1352	9.52	4.32
0	1353	9.5	0.0
0	1354	9.48	5.52
0	1355	9.47	0.0
0	1356	9.47	0.87
0	1357	9.47	2.34
0	1358	9.47	0.0
0	1359	9.47	8.77
0	1360	9.47	0.0
0	1361	9.46	0.0
0	1362	9.46	2.93
0	1363	9.44	0.0
0	1364	9.43	0.0
0	1365	9.43	0.0
0	1366	9.42	0.0
0	1367	9.42	0.0
0	1368	9.4	5.53
0	1369	9.39	0.0
0	1370	9.39	8.12
0	1371	9.35	0.0
0	1372	9.32	0.0
0	1373	9.32	0.0
0	1374	9.31	6.49
0	1375	9.31	5.86
0	1376	9.31	0.0
0	1377	9.28	7.57
0	1378	9.28	3.96
0	1379	9.28	9.22
0	1380	9.26	0.0
0	1381	9.24	7.02
0	1382	9.23	0.0
0	1383	9.23	0.0
0	1384	9.23	0.0
0	1385	9.21	5.08
0	1386	9.2	0.0
0	1387	9.18	0.0
0	1388	9.17	5.22
0	1389	9.16	4.15
0	1390	9.15	0.0
0	1391	9.14	0.0
0	1392	9.13	1.07
0	1393	9.11	0.0
0	1394	9.1	8.89
0	1395	9.1	0.0
0	1396	9.08	3.4
0	1397	9.05	6.71
0	1398	9.05	0.0
0	1399	9.03	0.0
0	1400	9.03	5.48
0	1401	9.02	0.0
0	1402	9.02	2.62
0	1403	9.02	0.0
0	1404	9.01	0.51
0	1405	9.01	8.17
0	1406	9.01	0.0
0	1407	9.01	2.26
0	1408	8.99	0.0
0	1409	8.99	0.75
0	1410	8.97	6.4
0	1411	8.97	1.49
0	1412	8.96	0.0
0	1413	8.95	1.08
0	1414	8.94	7.79
0	1415	8.93	2.78
0	1416	8.92	7.45
0	1417	8.91	0.0
0	1418	8.87	2.79
0	1419	8.85	0.0
0	1420	8.85	3.19
0	1421	8.85	8.65
0	1422	8.84	0.0
0	1423	8.84	8.52
0	1424	8.84	8.44
0	1425	8.83	0.0
0	1426	8.79	8.21
0	1427	8.79	8.59
0	1428	8.75	4.63
0	1429	8.74	1.38
0	1430	8.72	2.5
0	1431	8.72	3.23
0	1432	8.71	1.38
0	1433	8.71	2.26
0	1434	8.7	0.3
0	1435	8.69	0.0
0	1436	8.65	0.0
0	1437	8.64	6.79
0	1438	8.63	0.0
0	1439	8.62	0.0
0	1440	8.58	5.62
0	1441	8.56	6.19
0	1442	8.55	0.0
0	1443	8.55	0.0
0	1444	8.53	0.0
0	1445	8.52	5.51
0	1446	8.52	3.98
0	1447	8.51	0.0
0	1448	8.51	0.0
0	1449	8.49	0.0
0	1450	8.49	0.79
0	1451	8.47	0.06
0	1452	8.47	5.47
0	1453	8.47	7.0
0	1454	8.46	6.82
0	1455	8.44	4.93
0	1456	8.44	4.46
0	1457	8.44	4.14
0	1458	8.42	0.0
0	1459	8.42	0.0
0	1460	8.41	1.19
0	1461	8.41	6.33
0	1462	8.41	0.0
0	1463	8.4	5.56
0	1464	8.39	3.99
0	1465	8.38	0.0
0	1466	8.37	0.0
0	1467	8.35	0.0
0	1468	8.35	0.0
0	1469	8.34	0.0
0	1470	8.33	0.0
0	1471	8.31	5.25
0	1472	8.31	0.0
0	1473	8.29	0.0
0	1474	8.29	0.0
0	1475	8.29	0.0
0	1476	8.27	3.17
0	1477	8.27	6.13
0	1478	8.26	0.0
0	1479	8.26	5.16
0	1480	8.26	4.14
0	1481	8.24	0.0
0	1482	8.21	0.0
0	1483	8.2	4.95
0	1484	8.19	5.33
0	1485	8.18	0.0
0	1486	8.18	8.07
0	1487	8.17	3.69
0	1488	8.17	0.0
0	1489	8.13	0.0
0	1490	8.13	7.91
0	1491	8.13	7.11
0	1492	8.13	0.0
0	1493	8.12	1.21
0	1494	8.1	0.0
0	1495	8.1	5.81
0	1496	8.09	5.39
0	1497	8.07	0.0
0	1498	8.01	0.0
0	1499	8.0	4.5
0	1500	7.99	0.0
0	1501	7.98	0.0
0	1502	7.98	0.43
0	1503	7.97	0.0
0	1504	7.97	0.0
0	1505	7.96	7.72
0	1506	7.95	0.0
0	1507	7.93	0.0
0	1508	7.92	3.19
0	1509	7.92	7.78
0	1510	7.92	0.0
0	1511	7.91	5.84
0	1512	7.9	0.0
0	1513	7.9	6.06
0	1514	7.84	0.0
0	1515	7.84	6.5
0	1516	7.83	3.08
0	1517	7.83	0.0
0	1518	7.83	0.0
0	1519	7.82	4.22
0	1520	7.8	0.0
0	1521	7.8	0.0
0	1522	7.79	4.82
0	1523	7.78	0.0
0	1524	7.75	5.78
0	1525	7.71	0.0
0	1526	7.7	0.0
0	1527	7.69	0.0
0	1528	7.68	6.91
0	1529	7.68	6.0
0	1530	7.66	0.0
0	1531	7.63	2.41
0	1532	7.63	1.51
0	1533	7.62	6.21
0	1534	7.61	0.0
0	1535	7.59	0.0
0	1536	7.59	3.24
0	1537	7.59	7.57
0	1538	7.59	0.0
0	1539	7.58	0.0
0	1540	7.58	3.75
0	1541	7.53	2.24
0	1542	7.53	1.25
0	1543	7.53	0.0
0	1544	7.52	0.0
0	1545	7.52	0.87
0	1546	7.52	0.0
0	1547	7.49	0.0
0	1548	7.49	7.37
0	1549	7.48	3.92
0	1550	7.47	0.0
0	1551	7.47	4.2
0	1552	7.45	2.19
0	1553	7.43	2.23
0	1554	7.42	0.0
0	1555	7.42	7.14
0	1556	7.41	5.93
0	1557	7.39	4.13
0	1558	7.38	0.0
0	1559	7.38	5.71
0	1560	7.37	5.42
0	1561	7.37	5.26
0	1562	7.36	0.04
0	1563	7.35	0.0
0	1564	7.35	6.12
0	1565	7.33	6.56
0	1566	7.33	0.0
0	1567	7.33	3.18
0	1568	7.32	4.63
0	1569	7.32	1.11
0	1570	7.3	0.0
0	1571	7.3	0.0
0	1572	7.3	0.0
0	1573	7.28	0.0
0	1574	7.27	3.75
0	1575	7.27	0.0
0	1576	7.26	0.87
0	1577	7.25	0.0
0	1578	7.25	0.0
0	1579	7.24	0.15
0	1580	7.22	0.0
0	1581	7.21	0.0
0	1582	7.2	0.0
0	1583	7.2	1.88
0	1584	7.18	5.43
0	1585	7.15	4.95
0	1586	7.15	0.0
0	1587	7.14	0.0
0	1588	7.1	0.32
0	1589	7.09	0.0
0	1590	7.09	0.0
0	1591	7.08	0.0
0	1592	7.08	4.01
0	1593	7.07	3.61
0	1594	7.06	6.02
0	1595	7.05	0.0
0	1596	7.05	0.0
0	1597	7.04	0.0
0	1598	7.03	1.45
0	1599	7.03	6.88
0	1600	7.03	1.73
0	1601	7.01	2.47
0	1602	7.0	6.57
0	1603	7.0	3.62
0	1604	6.99	0.0
0	1605	6.97	3.71
0	1606	6.93	0.0
0	1607	6.92	0.0
0	1608	6.91	0.0
0	1609	6.91	5.28
0	1610	6.91	0.0
0	1611	6.89	0.0
0	1612	6.88	6.38
0	1613	6.86	0.0
0	1614	6.85	0.0
0	1615	6.84	0.0
0	1616	6.84	4.95
0	1617	6.84	2.08
0	1618	6.83	0.0
0	1619	6.83	5.98
0	1620	6.83	5.85
0	1621	6.81	0.0
0	1622	6.79	0.0
0	1623	6.79	0.0
0	1624	6.78	1.88
0	1625	6.78	0.0
0	1626	6.77	6.73
0	1627	6.76	2.29
0	1628	6.75	1.89
0	1629	6.74	0.0
0	1630	6.74	0.0
0	1631	6.73	0.0
0	1632	6.73	0.88
0	1633	6.71	5.37
0	1634	6.71	0.0
0	1635	6.69	0.0
0	1636	6.65	0.0
0	1637	6.64	0.0
0	1638	6.62	4.66
0	1639	6.59	0.0
0	1640	6.59	0.0
0	1641	6.58	0.0
0	1642	6.58	0.0
0	1643	6.57	4.11
0	1644	6.56	2.29
0	1645	6.55	5.52
0	1646	6.55	0.0
0	1647	6.53	6.51
0	1648	6.53	2.81
0	1649	6.52	0.76
0	1650	6.51	0.0
0	1651	6.5	2.67
0	1652	6.49	0.0
0	1653	6.49	0.0
0	1654	6.48	3.59
0	1655	6.45	0.0
0	1656	6.39	0.0
0	1657	6.38	4.47
0	1658	6.36	0.0
0	1659	6.36	0.0
0	1660	6.36	0.0
0	1661	6.34	0.0
0	1662	6.32	0.0
0	1663	6.31	3.21
0	1664	6.31	0.0
0	1665	6.29	0.0
0	1666	6.29	0.0
0	1667	6.29	0.0
0	1668	6.28	5.96
0	1669	6.27	3.85
0	1670	6.27	5.58
0	1671	6.27	1.63
0	1672	6.26	0.0
0	1673	6.26	1.72
0	1674	6.23	0.0
0	1675	6.22	0.0
0	1676	6.22	0.0
0	1677	6.21	3.52
0	1678	6.21	0.0
0	1679	6.2	3.0
0	1680	6.19	0.32
0	1681	6.19	0.0
0	1682	6.18	0.0
0	1683	6.18	3.1
0	1684	6.18	4.34
0	1685	6.17	0.0
0	1686	6.17	0.0
0	1687	6.15	0.0
0	1688	6.15	0.76
0	1689	6.15	0.0
0	1690	6.14	0.0
0	1691	6.13	4.82
0	1692	6.11	3.82
0	1693	6.11	6.08
0	1694	6.1	0.0
0	1695	6.1	5.06
0	1696	6.08	5.2
0	1697	6.08	0.64
0	1698	6.07	0.7
0	1699	6.07	3.69
0	1700	6.07	5.92
0	1701	6.06	0.0
0	1702	6.06	0.0
0	1703	6.05	0.0
0	1704	6.05	0.0
0	1705	6.05	2.25
0	1706	6.03	0.6
0	1707	6.03	5.01
0	1708	6.02	4.73
0	1709	6.02	0.0
0	1710	6.01	3.73
0	1711	6.0	0.0
0	1712	5.99	0.1
0	1713	5.99	5.93
0	1714	5.99	0.52
0	1715	5.99	0.0
0	1716	5.96	4.98
0	1717	5.96	1.73
0	1718	5.95	0.0
0	1719	5.92	0.0
0	1720	5.92	0.0
0	1721	5.91	0.0
0	1722	5.89	4.35
0	1723	5.89	0.0
0	1724	5.88	1.48
0	1725	5.87	0.0
0	1726	5.86	0.0
0	1727	5.85	0.0
0	1728	5.85	0.0
0	1729	5.85	0.0
0	1730	5.85	1.99
0	1731	5.84	5.27
0	1732	5.82	0.0
0	1733	5.82	0.0
0	1734	5.82	0.0
0	1735	5.81	5.07
0	1736	5.81	2.35
0	1737	5.8	0.0
0	1738	5.8	4.52
0	1739	5.78	3.02
0	1740	5.78	0.0
0	1741	5.77	4.6
0	1742	5.72	0.0
0	1743	5.72	3.95
0	1744	5.72	0.0
0	1745	5.72	0.0
0	1746	5.71	3.93
0	1747	5.71	3.05
0	1748	5.71	0.0
0	1749	5.7	0.0
0	1750	5.7	0.0
0	1751	5.7	0.0
0	1752	5.69	0.0
0	1753	5.69	0.0
0	1754	5.68	5.13
0	1755	5.68	0.0
0	1756	5.67	5.37
0	1757	5.65	0.0
0	1758	5.65	2.25
0	1759	5.63	0.0
0	1760	5.62	4.09
0	1761	5.62	0.0
0	1762	5.59	0.0
0	1763	5.58	0.0
0	1764	5.58	0.0
0	1765	5.57	0.0
0	1766	5.57	0.0
0	1767	5.56	0.0
0	1768	5.56	3.67
0	1769	5.53	0.0
0	1770	5.52	0.0
0	1771	5.52	2.35
0	1772	5.5	0.0
0	1773	5.49	0.0
0	1774	5.48	2.92
0	1775	5.48	0.0
0	1776	5.48	0.0
0	1777	5.47	0.0
0	1778	5.47	0.0
0	1779	5.46	0.0
0	1780	5.45	3.58
0	1781	5.43	0.96
0	1782	5.42	0.0
0	1783	5.42	0.17
0	1784	5.41	0.0
0	1785	5.41	0.0
0	1786	5.4	0.41
0	1787	5.39	0.0
0	1788	5.38	3.72
0	1789	5.37	2.6
0	1790	5.34	0.59
0	1791	5.34	4.19
0	1792	5.34	4.94
0	1793	5.32	4.4
0	1794	5.32	0.0
0	1795	5.31	0.46
0	1796	5.31	0.0
0	1797	5.3	0.0
0	1798	5.29	3.08
0	1799	5.29	0.0
0	1800	5.27	0.0
0	1801	5.27	0.89
0	1802	5.27	0.0
0	1803	5.25	3.58
0	1804	5.24	2.83
0	1805	5.24	0.0
0	1806	5.23	4.74
0	1807	5.23	0.29
0	1808	5.23	4.02
0	1809	5.23	0.0
0	1810	5.22	0.0
0	1811	5.21	0.0
0	1812	5.19	0.0
0	1813	5.19	2.29
0	1814	5.19	0.0
0	1815	5.18	2.6
0	1816	5.18	2.92
0	1817	5.17	3.12
0	1818	5.17	2.34
0	1819	5.16	0.0
0	1820	5.15	4.01
0	1821	5.13	0.17
0	1822	5.13	2.77
0	1823	5.12	0.4
0	1824	5.12	1.03
0	1825	5.12	0.0
0	1826	5.11	0.0
0	1827	5.09	0.0
0	1828	5.09	5.03
0	1829	5.07	0.0
0	1830	5.06	0.0
0	1831	5.04	0.0
0	1832	5.04	4.42
0	1833	5.04	0.0
0	1834	5.04	0.0
0	1835	5.03	1.93
0	1836	5.02	1.74
0	1837	5.0	0.75
0	1838	5.0	0.0
0	1839	4.99	0.0
0	1840	4.99	2.67
0	1841	4.97	3.32
0	1842	4.96	0.0
0	1843	4.95	0.0
0	1844	4.95	0.0
0	1845	4.93	0.0
0	1846	4.93	1.62
0	1847	4.91	0.0
0	1848	4.91	0.0
0	1849	4.89	2.03
0	1850	4.88	0.0
0	1851	4.87	3.34
0	1852	4.87	0.04
0	1853	4.86	0.0
0	1854	4.86	2.9
0	1855	4.84	0.0
0	1856	4.83	0.0
0	1857	4.82	0.58
0	1858	4.81	2.48
0	1859	4.79	0.35
0	1860	4.77	1.07
0	1861	4.76	1.47
0	1862	4.75	0.0
0	1863	4.74	0.0
0	1864	4.73	4.49
0	1865	4.73	0.0
0	1866	4.71	0.0
0	1867	4.7	2.6
0	1868	4.7	0.0
0	1869	4.7	0.0
0	1870	4.7	0.0
0	1871	4.69	4.14
0	1872	4.68	3.27
0	1873	4.66	0.0
0	1874	4.66	0.0
0	1875	4.65	0.97
0	1876	4.65	2.8
0	1877	4.65	0.0
0	1878	4.64	3.56
0	1879	4.64	0.0
0	1880	4.63	0.0
0	1881	4.63	0.0
0	1882	4.62	0.0
0	1883	4.6	0.0
0	1884	4.59	0.0
0	1885	4.59	0.0
0	1886	4.57	0.46
0	1887	4.57	2.63
0	1888	4.57	0.0
0	1889	4.56	0.0
0	1890	4.55	3.45
0	1891	4.53	0.0
0	1892	4.53	0.0
0	1893	4.53	4.18
0	1894	4.52	3.93
0	1895	4.52	2.34
0	1896	4.52	0.0
0	1897	4.51	3.94
0	1898	4.51	0.0
0	1899	4.5	0.0
0	1900	4.49	4.21
0	1901	4.48	4.02
0	1902	4.47	0.0
0	1903	4.47	0.0
0	1904	4.45	0.22
0	1905	4.44	0.0
0	1906	4.43	4.29
0	1907	4.43	1.99
0	1908	4.42	0.0
0	1909	4.42	4.06
0	1910	4.42	0.6
0	1911	4.4	0.07
0	1912	4.4	0.0
0	1913	4.4	1.0
0	1914	4.4	0.0
0	1915	4.4	0.0
0	1916	4.39	0.0
0	1917	4.38	0.0
0	1918	4.38	0.0
0	1919	4.38	0.0
0	1920	4.37	0.0
0	1921	4.36	0.0
0	1922	4.35	2.02
0	1923	4.35	0.0
0	1924	4.34	1.79
0	1925	4.34	0.0
0	1926	4.34	0.0
0	1927	4.34	0.0
0	1928	4.33	0.0
0	1929	4.33	1.41
0	1930	4.33	0.61
0	1931	4.33	4.12
0	1932	4.32	0.0
0	1933	4.31	0.0
0	1934	4.3	0.0
0	1935	4.28	4.18
0	1936	4.28	0.0
0	1937	4.28	0.0
0	1938	4.28	0.0
0	1939	4.28	0.0
0	1940	4.26	0.0
0	1941	4.26	3.49
0	1942	4.26	1.23
0	1943	4.25	0.0
0	1944	4.24	1.07
0	1945	4.24	0.79
0	1946	4.23	0.0
0	1947	4.22	0.0
0	1948	4.22	3.14
0	1949	4.2	3.61
0	1950	4.19	0.0
0	1951	4.19	0.0
0	1952	4.19	1.42
0	1953	4.18	0.0
0	1954	4.18	0.0
0	1955	4.16	0.0
0	1956	4.15	3.29
0	1957	4.15	0.0
0	1958	4.15	0.0
0	1959	4.15	0.0
0	1960	4.14	0.0
0	1961	4.14	0.0
0	1962	4.13	0.0
0	1963	4.12	0.0
0	1964	4.1	0.0
0	1965	4.09	0.0
0	1966	4.07	1.53
0	1967	4.06	0.0
0	1968	4.06	0.0
0	1969	4.04	0.0
0	1970	4.04	0.0
0	1971	4.04	0.0
0	1972	4.03	0.0
0	1973	4.02	0.0
0	1974	4.01	0.0
0	1975	4.0	0.12
0	1976	4.0	2.68
0	1977	3.99	0.0
0	1978	3.99	0.0
0	1979	3.97	0.0
0	1980	3.97	0.0
0	1981	3.96	0.0
0	1982	3.95	0.0
0	1983	3.95	0.0
0	1984	3.95	0.0
0	1985	3.94	0.0
0	1986	3.92	0.0
0	1987	3.91	0.0
0	1988	3.91	2.77
0	1989	3.9	0.56
0	1990	3.9	0.04
0	1991	3.9	0.0
0	1992	3.89	0.0
0	1993	3.88	0.0
0	1994	3.87	0.0
0	1995	3.86	0.0
0	1996	3.85	0.0
0	1997	3.85	2.16
0	1998	3.85	0.0
0	1999	3.84	0.0
0	2000	3.84	0.0
0	2001	3.83	2.66
0	2002	3.81	0.0
0	2003	3.8	0.0
0	2004	3.78	0.0
0	2005	3.77	0.85
0	2006	3.76	1.77
0	2007	3.76	0.0
0	2008	3.71	0.0
0	2009	3.71	0.0
0	2010	3.71	1.45
0	2011	3.69	0.0
0	2012	3.68	0.0
0	2013	3.68	0.0
0	2014	3.67	0.48
0	2015	3.66	0.0
0	2016	3.66	0.0
0	2017	3.65	0.0
0	2018	3.65	0.0
0	2019	3.64	0.31
0	2020	3.62	0.0
0	2021	3.62	0.12
0	2022	3.6	0.0
0	2023	3.58	1.07
0	2024	3.57	0.0
0	2025	3.57	0.0
0	2026	3.57	0.0
0	2027	3.57	0.0
0	2028	3.55	0.0
0	2029	3.54	0.0
0	2030	3.53	0.0
0	2031	3.51	0.0
0	2032	3.5	0.0
0	2033	3.5	0.0
0	2034	3.48	0.0
0	2035	3.47	0.0
0	2036	3.47	0.0
0	2037	3.46	0.68
0	2038	3.45	0.0
0	2039	3.44	1.28
0	2040	3.43	0.0
0	2041	3.42	3.32
0	2042	3.42	0.0
0	2043	3.42	0.0
0	2044	3.42	0.0
0	2045	3.41	0.0
0	2046	3.41	3.36
0	2047	3.39	0.0
0	2048	3.38	3.33
0	2049	3.38	0.0
0	2050	3.38	0.0
0	2051	3.37	0.08
0	2052	3.37	3.31
0	2053	3.36	1.83
0	2054	3.35	0.1
0	2055	3.35	0.0
0	2056	3.34	0.0
0	2057	3.34	0.0
0	2058	3.34	0.0
0	2059	3.33	0.89
0	2060	3.32	1.74
0	2061	3.32	0.0
0	2062	3.29	0.37
0	2063	3.27	2.29
0	2064	3.27	0.0
0	2065	3.27	0.0
0	2066	3.26	1.0
0	2067	3.26	0.0
0	2068	3.26	0.0
0	2069	3.26	0.0
0	2070	3.25	0.0
0	2071	3.24	1.48
0	2072	3.23	1.71
0	2073	3.22	1.71
0	2074	3.21	0.0
0	2075	3.2	0.0
0	2076	3.19	0.0
0	2077	3.19	0.0
0	2078	3.18	0.0
0	2079	3.17	0.0
0	2080	3.17	0.0
0	2081	3.15	2.52
0	2082	3.14	0.0
0	2083	3.14	2.21
0	2084	3.13	0.0
0	2085	3.12	0.0
0	2086	3.12	0.0
0	2087	3.12	0.0
0	2088	3.12	0.0
0	2089	3.11	0.0
0	2090	3.1	0.0
0	2091	3.09	0.0
0	2092	3.08	2.06
0	2093	3.08	0.0
0	2094	3.07	0.0
0	2095	3.06	0.75
0	2096	3.06	0.05
0	2097	3.05	0.0
0	2098	3.05	0.82
0	2099	3.04	0.0
0	2100	3.04	0.0
0	2101	3.03	0.0
0	2102	3.03	0.0
0	2103	3.03	0.0
0	2104	3.02	0.0
0	2105	3.02	0.0
0	2106	3.02	0.0
0	2107	3.01	0.0
0	2108	3.01	0.0
0	2109	2.99	0.0
0	2110	2.98	1.44
0	2111	2.98	0.0
0	2112	2.98	0.0
0	2113	2.97	0.0
0	2114	2.97	0.0
0	2115	2.96	0.0
0	2116	2.93	0.0
0	2117	2.92	0.0
0	2118	2.92	0.0
0	2119	2.92	1.68
0	2120	2.92	0.0
0	2121	2.9	0.0
0	2122	2.89	0.0
0	2123	2.89	2.23
0	2124	2.89	0.42
0	2125	2.86	2.76
0	2126	2.84	0.0
0	2127	2.83	0.0
0	2128	2.83	0.0
0	2129	2.82	0.0
0	2130	2.82	0.0
0	2131	2.82	0.0
0	2132	2.8	0.0
0	2133	2.8	0.0
0	2134	2.79	0.0
0	2135	2.78	2.25
0	2136	2.78	0.0
0	2137	2.77	0.0
0	2138	2.77	0.0
0	2139	2.77	0.0
0	2140	2.76	0.0
0	2141	2.75	0.0
0	2142	2.75	0.0
0	2143	2.74	0.0
0	2144	2.74	0.0
0	2145	2.73	0.0
0	2146	2.71	0.99
0	2147	2.71	0.0
0	2148	2.69	0.1
0	2149	2.68	0.0
0	2150	2.67	1.16
0	2151	2.66	0.0
0	2152	2.65	0.0
0	2153	2.65	0.0
0	2154	2.63	1.96
0	2155	2.62	0.0
0	2156	2.6	0.0
0	2157	2.59	0.0
0	2158	2.59	0.0
0	2159	2.59	0.0
0	2160	2.58	0.4
0	2161	2.58	1.62
0	2162	2.58	0.0
0	2163	2.57	0.0
0	2164	2.57	2.45
0	2165	2.56	0.0
0	2166	2.55	0.0
0	2167	2.55	0.0
0	2168	2.55	0.0
0	2169	2.55	0.0
0	2170	2.54	0.0
0	2171	2.53	0.0
0	2172	2.53	0.0
0	2173	2.52	0.0
0	2174	2.51	0.0
0	2175	2.51	0.0
0	2176	2.51	0.0
0	2177	2.51	0.0
0	2178	2.5	0.0
0	2179	2.5	0.0
0	2180	2.48	0.0
0	2181	2.45	0.95
0	2182	2.45	1.97
0	2183	2.44	0.0
0	2184	2.41	0.0
0	2185	2.4	0.0
0	2186	2.39	0.0
0	2187	2.38	0.0
0	2188	2.38	0.0
0	2189	2.35	0.0
0	2190	2.31	0.0
0	2191	2.3	0.0
0	2192	2.3	0.0
0	2193	2.28	0.0
0	2194	2.28	0.44
0	2195	2.28	1.83
0	2196	2.27	0.0
0	2197	2.27	2.04
0	2198	2.26	1.84
0	2199	2.25	0.0
0	2200	2.23	0.0
0	2201	2.23	0.0
0	2202	2.22	0.0
0	2203	2.22	0.0
0	2204	2.21	1.76
0	2205	2.19	0.0
0	2206	2.18	0.0
0	2207	2.17	0.0
0	2208	2.17	0.0
0	2209	2.17	1.28
0	2210	2.17	0.0
0	2211	2.17	0.0
0	2212	2.16	0.0
0	2213	2.16	0.0
0	2214	2.15	0.0
0	2215	2.15	0.0
0	2216	2.14	1.61
0	2217	2.13	0.0
0	2218	2.13	0.0
0	2219	2.13	2.12
0	2220	2.12	0.0
0	2221	2.11	0.0
0	2222	2.11	0.0
0	2223	2.09	0.0
0	2224	2.08	0.0
0	2225	2.07	0.0
0	2226	2.07	0.0
0	2227	2.06	1.98
0	2228	2.05	0.0
0	2229	2.04	1.88
0	2230	2.04	0.0
0	2231	2.03	0.0
0	2232	2.03	0.0
0	2233	2.02	0.0
0	2234	2.02	0.0
0	2235	2.01	0.0
0	2236	2.0	0.51
0	2237	2.0	0.0
0	2238	1.99	0.0
0	2239	1.98	1.88
0	2240	1.97	0.6
0	2241	1.95	0.0
0	2242	1.95	0.0
0	2243	1.94	0.0
0	2244	1.93	0.0
0	2245	1.93	1.68
0	2246	1.91	0.0
0	2247	1.91	0.04
0	2248	1.91	1.15
0	2249	1.9	0.0
0	2250	1.89	0.13
0	2251	1.89	0.0
0	2252	1.88	0.0
0	2253	1.87	0.82
0	2254	1.86	0.0
0	2255	1.85	0.0
0	2256	1.85	0.0
0	2257	1.84	0.0
0	2258	1.84	0.0
0	2259	1.82	0.0
0	2260	1.82	0.0
0	2261	1.8	0.0
0	2262	1.8	1.15
0	2263	1.8	0.0
0	2264	1.8	0.0
0	2265	1.8	0.0
0	2266	1.79	0.0
0	2267	1.77	0.0
0	2268	1.76	0.0
0	2269	1.75	0.0
0	2270	1.71	0.0
0	2271	1.71	0.0
0	2272	1.71	0.0
0	2273	1.69	0.0
0	2274	1.69	0.0
0	2275	1.69	0.0
0	2276	1.68	0.0
0	2277	1.68	0.0
0	2278	1.68	0.0
0	2279	1.68	0.0
0	2280	1.67	0.0
0	2281	1.67	0.0
0	2282	1.67	0.0
0	2283	1.66	1.37
0	2284	1.64	0.0
0	2285	1.64	0.0
0	2286	1.64	0.0
0	2287	1.63	0.0
0	2288	1.61	0.0
0	2289	1.61	0.0
0	2290	1.6	0.0
0	2291	1.6	0.0
0	2292	1.59	0.0
0	2293	1.58	0.0
0	2294	1.58	0.0
0	2295	1.58	0.8
0	2296	1.55	0.0
0	2297	1.54	0.0
0	2298	1.53	0.0
0	2299	1.53	0.0
0	2300	1.53	0.0
0	2301	1.52	0.0
0	2302	1.52	0.0
0	2303	1.51	0.0
0	2304	1.51	0.0
0	2305	1.5	0.0
0	2306	1.49	0.0
0	2307	1.48	0.0
0	2308	1.48	0.0
0	2309	1.47	0.0
0	2310	1.47	0.0
0	2311	1.45	0.0
0	2312	1.45	0.59
0	2313	1.45	0.0
0	2314	1.43	0.0
0	2315	1.41	0.0
0	2316	1.4	0.0
0	2317	1.39	0.0
0	2318	1.39	0.0
0	2319	1.38	0.0
0	2320	1.38	0.0
0	2321	1.37	0.0
0	2322	1.36	0.33
0	2323	1.36	0.0
0	2324	1.35	0.0
0	2325	1.35	0.0
0	2326	1.35	0.0
0	2327	1.34	0.0
0	2328	1.33	0.0
0	2329	1.33	0.0
0	2330	1.33	0.04
0	2331	1.33	0.0
0	2332	1.33	0.0
0	2333	1.32	0.0
0	2334	1.31	0.0
0	2335	1.31	0.95
0	2336	1.3	0.0
0	2337	1.29	0.0
0	2338	1.28	0.0
0	2339	1.28	0.0
0	2340	1.28	0.0
0	2341	1.28	0.0
0	2342	1.28	0.0
0	2343	1.27	0.0
0	2344	1.26	0.0
0	2345	1.26	0.0
0	2346	1.26	0.29
0	2347	1.25	0.0
0	2348	1.24	0.0
0	2349	1.24	0.0
0	2350	1.2	0.0
0	2351	1.2	0.0
0	2352	1.2	0.0
0	2353	1.2	0.0
0	2354	1.2	0.0
0	2355	1.2	0.0
0	2356	1.19	0.0
0	2357	1.19	0.59
0	2358	1.19	0.0
0	2359	1.18	0.0
0	2360	1.15	0.0
0	2361	1.15	0.0
0	2362	1.14	0.0
0	2363	1.13	0.68
0	2364	1.12	0.0
0	2365	1.12	0.0
0	2366	1.12	0.0
0	2367	1.12	0.0
0	2368	1.1	0.0
0	2369	1.1	0.0
0	2370	1.09	0.0
0	2371	1.09	0.0
0	2372	1.07	0.0
0	2373	1.07	0.0
0	2374	1.06	0.77
0	2375	1.06	0.0
0	2376	1.02	0.0
0	2377	1.02	0.0
0	2378	1.02	0.0
0	2379	1.02	0.0
0	2380	1.02	0.0
0	2381	1.01	0.0
0	2382	1.01	0.0
0	2383	1.01	0.0
0	2384	1.01	0.0
0	2385	1.0	0.05
0	2386	0.99	0.0
0	2387	0.99	0.0
0	2388	0.99	0.0
0	2389	0.98	0.0
0	2390	0.98	0.04
0	2391	0.98	0.84
0	2392	0.95	0.0
0	2393	0.94	0.0
0	2394	0.94	0.0
0	2395	0.93	0.0
0	2396	0.93	0.0
0	2397	0.91	0.0
0	2398	0.91	0.0
0	2399	0.9	0.62
0	2400	0.9	0.0
0	2401	0.89	0.0
0	2402	0.89	0.0
0	2403	0.88	0.0
0	2404	0.87	0.0
0	2405	0.86	0.0
0	2406	0.84	0.0
0	2407	0.84	0.4
0	2408	0.83	0.06
0	2409	0.82	0.0
0	2410	0.81	0.0
0	2411	0.81	0.0
0	2412	0.8	0.0
0	2413	0.79	0.0
0	2414	0.79	0.0
0	2415	0.79	0.0
0	2416	0.78	0.0
0	2417	0.78	0.73
0	2418	0.76	0.55
0	2419	0.75	0.0
0	2420	0.73	0.0
0	2421	0.72	0.0
0	2422	0.7	0.0
0	2423	0.69	0.0
0	2424	0.69	0.41
0	2425	0.68	0.0
0	2426	0.67	0.0
0	2427	0.67	0.0
0	2428	0.66	0.0
0	2429	0.65	0.0
0	2430	0.65	0.0
0	2431	0.64	0.0
0	2432	0.62	0.0
0	2433	0.62	0.0
0	2434	0.61	0.0
0	2435	0.61	0.0
0	2436	0.61	0.0
0	2437	0.6	0.0
0	2438	0.59	0.0
0	2439	0.59	0.0
0	2440	0.59	0.55
0	2441	0.59	0.0
0	2442	0.59	0.0
0	2443	0.58	0.0
0	2444	0.55	0.0
0	2445	0.55	0.0
0	2446	0.55	0.0
0	2447	0.53	0.0
0	2448	0.53	0.0
0	2449	0.52	0.0
0	2450	0.52	0.0
0	2451	0.5	0.0
0	2452	0.49	0.0
0	2453	0.48	0.0
0	2454	0.48	0.0
0	2455	0.47	0.0
0	2456	0.47	0.0
0	2457	0.46	0.0
0	2458	0.46	0.0
0	2459	0.45	0.0
0	2460	0.44	0.0
0	2461	0.44	0.0
0	2462	0.44	0.0
0	2463	0.44	0.0
0	2464	0.43	0.0
0	2465	0.43	0.0
0	2466	0.42	0.0
0	2467	0.41	0.0
0	2468	0.4	0.0
0	2469	0.39	0.0
0	2470	0.39	0.0
0	2471	0.37	0.0
0	2472	0.37	0.0
0	2473	0.36	0.0
0	2474	0.35	0.0
0	2475	0.35	0.0
0	2476	0.35	0.0
0	2477	0.34	0.0
0	2478	0.34	0.0
0	2479	0.3	0.0
0	2480	0.3	0.0
0	2481	0.3	0.0
0	2482	0.3	0.0
0	2483	0.29	0.0
0	2484	0.29	0.0
0	2485	0.28	0.1
0	2486	0.27	0.0
0	2487	0.25	0.0
0	2488	0.24	0.0
0	2489	0.19	0.02
0	2490	0.18	0.0
0	2491	0.18	0.0
0	2492	0.17	0.0
0	2493	0.17	0.0
0	2494	0.17	0.0
0	2495	0.17	0.0
0	2496	0.16	0.0
0	2497	0.15	0.0
0	2498	0.15	0.0
0	2499	0.15	0.0
0	2500	0.15	0.0
0	2501	0.14	0.0
0	2502	0.14	0.0
0	2503	0.14	0.0
0	2504	0.13	0.0
0	2505	0.13	0.0
0	2506	0.12	0.0
0	2507	0.12	0.0
0	2508	0.12	0.0
0	2509	0.11	0.0
0	2510	0.1	0.0
0	2511	0.1	0.0
0	2512	0.1	0.0
0	2513	0.1	0.0
0	2514	0.1	0.0
0	2515	0.1	0.0
0	2516	0.08	0.0
0	2517	0.07	0.0
0	2518	0.06	0.0
0	2519	0.06	0.0
0	2520	0.05	0.0
0	2521	0.03	0.0
0	2522	0.03	0.0
0	2523	0.03	0.0
0	2524	0.02	0.0
0	2525	0.02	0.0
0	2526	0.02	0.0
0	2527	0.02	0.0
0	2528	0.02	0.0
0	2529	0.01	0.0
0	2530	0.01	0.0
0	2531	0.01	0.0
