clade	species	ts	te
0	1	100.0	96.66
0	2	99.56	86.86
0	3	98.3	97.82
0	4	88.71	87.22
0	5	87.4	79.1
0	6	82.35	60.48
0	7	80.44	67.63
0	8	76.72	63.44
0	9	75.95	66.7
0	10	74.73	63.49
0	11	72.73	67.94
0	12	70.93	68.14
0	13	70.89	39.19
0	14	69.0	25.12
0	15	68.96	66.24
0	16	68.46	20.55
0	17	67.49	61.21
0	18	67.37	54.1
0	19	67.0	62.01
0	20	65.68	64.6
0	21	64.53	63.94
0	22	64.42	59.34
0	23	63.79	60.58
0	24	62.77	52.03
0	25	62.08	60.8
0	26	62.01	54.17
0	27	61.48	60.02
0	28	61.21	38.4
0	29	60.04	21.86
0	30	59.82	53.37
0	31	59.58	51.27
0	32	59.34	44.32
0	33	59.22	48.5
0	34	59.2	51.1
0	35	58.96	39.39
0	36	58.47	52.16
0	37	57.91	54.59
0	38	57.45	37.2
0	39	57.34	40.11
0	40	57.26	39.99
0	41	57.02	45.51
0	42	56.84	52.85
0	43	56.77	47.62
0	44	56.7	54.31
0	45	56.54	48.01
0	46	56.15	46.41
0	47	55.77	48.57
0	48	55.55	35.51
0	49	55.55	50.71
0	50	55.52	51.24
0	51	55.29	43.62
0	52	55.19	15.66
0	53	55.1	38.24
0	54	54.69	50.53
0	55	54.46	39.84
0	56	54.06	49.01
0	57	53.59	51.96
0	58	53.54	48.13
0	59	53.19	35.7
0	60	52.92	44.87
0	61	52.79	49.15
0	62	52.68	48.97
0	63	52.6	22.23
0	64	52.22	43.54
0	65	52.14	31.26
0	66	51.87	46.27
0	67	51.86	29.86
0	68	51.82	41.12
0	69	51.72	46.96
0	70	51.57	39.5
0	71	51.55	46.1
0	72	51.28	44.91
0	73	51.22	50.0
0	74	50.99	47.99
0	75	50.41	45.45
0	76	50.25	46.39
0	77	49.82	44.1
0	78	49.7	25.67
0	79	49.69	34.2
0	80	49.35	44.67
0	81	49.31	40.51
0	82	49.24	25.44
0	83	49.2	30.11
0	84	49.15	25.99
0	85	49.14	26.69
0	86	49.08	41.33
0	87	48.89	41.08
0	88	48.82	29.52
0	89	48.77	46.69
0	90	48.63	47.84
0	91	48.44	35.85
0	92	48.43	43.81
0	93	47.97	41.81
0	94	47.9	35.56
0	95	47.82	22.08
0	96	47.67	45.55
0	97	47.61	30.99
0	98	47.31	39.5
0	99	47.11	40.68
0	100	47.05	45.2
0	101	46.88	46.66
0	102	46.84	42.04
0	103	46.84	32.47
0	104	46.52	43.09
0	105	46.44	43.99
0	106	46.18	43.06
0	107	46.06	44.9
0	108	45.98	39.2
0	109	45.78	45.07
0	110	45.76	44.57
0	111	45.7	40.34
0	112	45.6	10.13
0	113	45.56	42.42
0	114	45.51	22.61
0	115	45.46	34.14
0	116	45.41	28.13
0	117	45.32	44.53
0	118	45.32	41.9
0	119	45.2	23.61
0	120	45.18	43.68
0	121	45.0	42.52
0	122	44.99	37.38
0	123	44.93	40.77
0	124	44.92	38.33
0	125	44.67	44.0
0	126	44.58	41.32
0	127	44.56	33.95
0	128	44.23	43.5
0	129	43.98	39.68
0	130	43.92	24.33
0	131	43.55	22.82
0	132	43.35	34.13
0	133	43.27	38.04
0	134	43.17	39.23
0	135	43.08	15.39
0	136	42.88	37.35
0	137	42.77	37.06
0	138	42.49	6.07
0	139	42.43	38.72
0	140	42.42	39.34
0	141	42.42	41.61
0	142	42.29	19.46
0	143	42.07	21.57
0	144	42.03	39.91
0	145	42.0	41.38
0	146	41.92	32.92
0	147	41.8	37.63
0	148	41.71	40.68
0	149	41.7	24.79
0	150	41.53	37.26
0	151	41.44	33.88
0	152	41.31	34.55
0	153	41.31	32.74
0	154	41.3	32.71
0	155	41.25	40.17
0	156	41.03	22.83
0	157	40.95	37.59
0	158	40.84	38.18
0	159	40.79	38.4
0	160	40.78	39.96
0	161	40.74	25.18
0	162	40.66	19.19
0	163	40.55	33.12
0	164	40.37	34.78
0	165	40.36	40.22
0	166	40.27	36.07
0	167	39.97	21.14
0	168	39.94	35.59
0	169	39.87	38.63
0	170	39.84	32.96
0	171	39.74	31.36
0	172	39.6	37.09
0	173	39.57	29.7
0	174	39.42	31.56
0	175	39.41	25.43
0	176	39.39	27.62
0	177	39.31	24.82
0	178	38.91	30.86
0	179	38.72	10.5
0	180	38.7	36.98
0	181	38.67	16.68
0	182	38.63	26.3
0	183	38.63	24.77
0	184	38.48	31.78
0	185	38.44	10.69
0	186	38.36	7.17
0	187	38.23	11.3
0	188	37.86	31.62
0	189	37.84	35.94
0	190	37.64	10.34
0	191	37.62	32.32
0	192	37.51	34.7
0	193	37.45	32.35
0	194	37.32	35.48
0	195	37.29	23.01
0	196	37.26	25.44
0	197	37.24	0.6
0	198	36.98	33.82
0	199	36.92	35.29
0	200	36.9	33.91
0	201	36.86	33.98
0	202	36.84	21.0
0	203	36.74	25.75
0	204	36.67	27.39
0	205	36.5	31.27
0	206	36.29	19.9
0	207	36.27	27.3
0	208	36.23	24.9
0	209	36.21	14.32
0	210	36.02	33.12
0	211	35.74	27.36
0	212	35.7	30.59
0	213	35.7	30.59
0	214	35.68	29.37
0	215	35.64	33.17
0	216	35.6	27.7
0	217	35.58	9.38
0	218	35.57	23.74
0	219	35.39	24.28
0	220	35.34	24.63
0	221	35.29	30.32
0	222	35.18	29.38
0	223	35.15	25.36
0	224	35.15	4.52
0	225	35.04	30.85
0	226	34.54	29.5
0	227	34.48	13.89
0	228	34.46	32.24
0	229	34.34	30.21
0	230	34.28	33.41
0	231	34.2	28.62
0	232	34.15	27.29
0	233	34.13	33.92
0	234	34.09	32.72
0	235	34.03	18.06
0	236	34.03	28.2
0	237	34.01	0.0
0	238	33.64	27.43
0	239	33.64	31.06
0	240	33.61	15.93
0	241	33.61	18.76
0	242	33.61	24.3
0	243	33.6	29.25
0	244	33.52	32.87
0	245	33.45	9.77
0	246	33.4	0.0
0	247	33.37	30.33
0	248	33.36	33.31
0	249	33.27	28.3
0	250	33.26	14.37
0	251	33.24	0.95
0	252	33.18	17.6
0	253	33.0	9.19
0	254	32.95	23.28
0	255	32.81	27.85
0	256	32.75	30.62
0	257	32.7	30.15
0	258	32.64	26.17
0	259	32.55	21.5
0	260	32.53	32.06
0	261	32.53	13.52
0	262	32.43	14.18
0	263	32.4	30.55
0	264	32.37	29.51
0	265	32.31	31.04
0	266	32.29	17.98
0	267	32.29	24.93
0	268	32.23	2.67
0	269	32.17	31.26
0	270	32.02	26.95
0	271	31.9	28.76
0	272	31.88	4.1
0	273	31.88	31.49
0	274	31.76	4.19
0	275	31.67	30.63
0	276	31.58	21.71
0	277	31.58	30.42
0	278	31.57	27.57
0	279	31.48	25.49
0	280	31.46	10.17
0	281	31.41	26.6
0	282	31.41	21.19
0	283	31.4	25.89
0	284	31.36	25.71
0	285	31.31	25.53
0	286	31.29	27.04
0	287	31.25	15.19
0	288	31.19	26.05
0	289	31.13	21.82
0	290	31.1	26.04
0	291	31.07	26.66
0	292	30.99	26.94
0	293	30.98	29.39
0	294	30.95	29.66
0	295	30.9	30.52
0	296	30.87	20.32
0	297	30.72	11.75
0	298	30.66	25.88
0	299	30.59	17.93
0	300	30.46	24.15
0	301	30.43	27.57
0	302	30.38	28.13
0	303	30.36	20.56
0	304	30.35	23.22
0	305	30.35	29.14
0	306	30.31	10.85
0	307	30.26	0.0
0	308	30.18	24.05
0	309	30.1	6.08
0	310	30.03	25.59
0	311	29.92	16.49
0	312	29.8	20.05
0	313	29.8	25.26
0	314	29.74	20.66
0	315	29.73	27.99
0	316	29.72	25.75
0	317	29.6	29.58
0	318	29.58	27.57
0	319	29.53	24.6
0	320	29.42	24.85
0	321	29.42	14.98
0	322	29.42	15.29
0	323	29.28	15.47
0	324	29.26	10.93
0	325	29.25	14.06
0	326	29.24	15.65
0	327	29.23	27.08
0	328	29.2	2.2
0	329	29.18	9.56
0	330	29.11	27.28
0	331	28.99	0.27
0	332	28.98	16.74
0	333	28.97	26.32
0	334	28.96	23.47
0	335	28.94	28.46
0	336	28.91	26.54
0	337	28.86	21.6
0	338	28.84	26.49
0	339	28.84	12.22
0	340	28.83	28.16
0	341	28.79	8.83
0	342	28.72	23.75
0	343	28.7	8.49
0	344	28.61	21.93
0	345	28.59	27.46
0	346	28.58	4.11
0	347	28.51	8.71
0	348	28.49	24.21
0	349	28.46	27.09
0	350	28.39	21.93
0	351	28.35	25.74
0	352	28.33	22.15
0	353	28.32	27.23
0	354	28.31	26.61
0	355	28.28	26.46
0	356	28.24	19.69
0	357	28.2	21.94
0	358	27.99	7.28
0	359	27.98	4.76
0	360	27.98	27.72
0	361	27.96	15.71
0	362	27.92	25.9
0	363	27.91	17.95
0	364	27.9	18.59
0	365	27.87	22.95
0	366	27.78	26.28
0	367	27.76	22.68
0	368	27.75	21.76
0	369	27.7	22.7
0	370	27.66	18.72
0	371	27.63	2.82
0	372	27.59	22.85
0	373	27.51	17.94
0	374	27.49	24.7
0	375	27.44	22.54
0	376	27.4	17.58
0	377	27.31	4.44
0	378	27.31	20.16
0	379	27.27	25.27
0	380	27.25	24.45
0	381	27.2	15.2
0	382	27.15	25.78
0	383	27.13	16.65
0	384	27.12	23.5
0	385	27.12	22.9
0	386	27.06	8.61
0	387	27.06	20.31
0	388	27.01	25.3
0	389	27.0	24.92
0	390	27.0	20.67
0	391	26.98	16.65
0	392	26.97	17.97
0	393	26.95	16.61
0	394	26.94	21.51
0	395	26.9	12.17
0	396	26.85	23.33
0	397	26.7	24.52
0	398	26.69	14.91
0	399	26.65	24.08
0	400	26.61	7.29
0	401	26.58	20.76
0	402	26.58	25.03
0	403	26.51	19.27
0	404	26.48	26.06
0	405	26.44	24.8
0	406	26.4	13.88
0	407	26.3	17.26
0	408	26.15	22.37
0	409	26.12	21.84
0	410	26.1	10.54
0	411	26.1	24.96
0	412	26.06	20.79
0	413	25.96	0.0
0	414	25.96	0.0
0	415	25.96	23.56
0	416	25.95	24.32
0	417	25.91	22.41
0	418	25.89	13.78
0	419	25.78	15.09
0	420	25.77	25.52
0	421	25.76	25.14
0	422	25.75	22.99
0	423	25.72	23.37
0	424	25.62	24.47
0	425	25.57	11.49
0	426	25.54	22.78
0	427	25.53	24.13
0	428	25.51	21.99
0	429	25.48	16.14
0	430	25.38	13.75
0	431	25.27	18.5
0	432	25.26	15.54
0	433	25.21	22.43
0	434	25.21	20.08
0	435	25.2	2.03
0	436	25.2	25.14
0	437	25.18	23.16
0	438	25.08	8.33
0	439	25.01	19.6
0	440	25.01	18.66
0	441	24.99	12.58
0	442	24.95	24.83
0	443	24.93	18.76
0	444	24.9	24.34
0	445	24.85	1.63
0	446	24.82	17.35
0	447	24.7	18.47
0	448	24.63	6.97
0	449	24.62	23.76
0	450	24.6	23.47
0	451	24.59	21.21
0	452	24.57	17.64
0	453	24.46	23.47
0	454	24.25	18.97
0	455	24.22	0.0
0	456	24.22	11.73
0	457	24.19	23.33
0	458	24.17	0.0
0	459	24.12	14.49
0	460	24.11	0.26
0	461	24.07	21.66
0	462	24.02	0.0
0	463	24.01	14.32
0	464	24.01	23.37
0	465	23.99	21.22
0	466	23.93	1.15
0	467	23.93	23.68
0	468	23.91	18.9
0	469	23.9	8.12
0	470	23.86	23.66
0	471	23.85	0.0
0	472	23.83	21.93
0	473	23.81	21.92
0	474	23.78	19.59
0	475	23.76	0.0
0	476	23.74	0.0
0	477	23.7	11.6
0	478	23.7	1.97
0	479	23.62	21.42
0	480	23.58	20.2
0	481	23.57	17.77
0	482	23.57	10.39
0	483	23.56	0.0
0	484	23.55	22.71
0	485	23.5	9.96
0	486	23.48	22.53
0	487	23.47	5.3
0	488	23.46	22.73
0	489	23.46	12.26
0	490	23.46	22.84
0	491	23.45	0.0
0	492	23.36	16.38
0	493	23.29	9.46
0	494	23.28	14.69
0	495	23.28	16.61
0	496	23.2	17.92
0	497	23.18	6.4
0	498	23.16	17.96
0	499	23.1	1.19
0	500	23.1	5.25
0	501	23.05	7.26
0	502	23.04	8.97
0	503	23.03	14.4
0	504	22.95	16.14
0	505	22.91	13.93
0	506	22.84	22.42
0	507	22.75	3.72
0	508	22.69	19.39
0	509	22.66	20.78
0	510	22.55	16.65
0	511	22.51	18.04
0	512	22.46	22.0
0	513	22.44	21.64
0	514	22.43	17.82
0	515	22.4	5.52
0	516	22.39	21.21
0	517	22.35	19.05
0	518	22.34	6.09
0	519	22.32	14.91
0	520	22.29	17.41
0	521	22.25	19.88
0	522	22.24	0.0
0	523	22.22	19.27
0	524	22.18	17.65
0	525	22.16	3.47
0	526	22.14	18.73
0	527	22.13	21.84
0	528	22.01	0.0
0	529	21.99	10.78
0	530	21.92	15.61
0	531	21.84	19.02
0	532	21.81	21.68
0	533	21.79	1.48
0	534	21.74	12.28
0	535	21.71	7.03
0	536	21.71	12.51
0	537	21.69	12.61
0	538	21.58	20.9
0	539	21.51	18.54
0	540	21.47	0.0
0	541	21.47	0.0
0	542	21.4	21.08
0	543	21.36	19.72
0	544	21.31	18.23
0	545	21.22	12.74
0	546	21.21	11.12
0	547	21.2	17.85
0	548	21.17	2.9
0	549	21.17	0.0
0	550	21.11	19.53
0	551	21.09	20.03
0	552	21.09	20.91
0	553	21.05	14.4
0	554	21.03	14.29
0	555	21.01	0.0
0	556	20.97	18.95
0	557	20.92	11.82
0	558	20.89	20.76
0	559	20.87	13.94
0	560	20.86	18.89
0	561	20.85	20.65
0	562	20.79	5.85
0	563	20.63	20.45
0	564	20.61	8.52
0	565	20.55	15.03
0	566	20.52	17.21
0	567	20.45	18.0
0	568	20.45	9.93
0	569	20.45	12.7
0	570	20.43	16.35
0	571	20.42	16.72
0	572	20.42	17.82
0	573	20.35	12.78
0	574	20.34	17.38
0	575	20.32	0.0
0	576	20.3	13.28
0	577	20.29	17.22
0	578	20.29	10.86
0	579	20.28	8.55
0	580	20.23	17.95
0	581	20.21	10.71
0	582	20.18	0.0
0	583	20.17	8.56
0	584	20.12	14.4
0	585	20.08	0.0
0	586	20.03	2.11
0	587	20.0	0.0
0	588	20.0	3.96
0	589	19.99	17.82
0	590	19.95	16.32
0	591	19.85	14.41
0	592	19.81	19.2
0	593	19.78	15.01
0	594	19.76	12.99
0	595	19.75	16.3
0	596	19.74	18.08
0	597	19.74	6.07
0	598	19.67	0.99
0	599	19.66	17.85
0	600	19.64	13.83
0	601	19.64	10.29
0	602	19.59	7.15
0	603	19.58	6.0
0	604	19.55	8.03
0	605	19.55	13.79
0	606	19.54	10.25
0	607	19.46	0.0
0	608	19.45	15.43
0	609	19.44	18.14
0	610	19.39	6.33
0	611	19.36	0.0
0	612	19.34	18.69
0	613	19.33	11.48
0	614	19.32	2.47
0	615	19.28	14.25
0	616	19.25	5.6
0	617	19.19	3.88
0	618	19.18	9.29
0	619	19.16	15.36
0	620	19.14	17.84
0	621	19.09	17.7
0	622	19.07	1.7
0	623	19.03	2.0
0	624	19.02	18.03
0	625	19.01	0.0
0	626	19.01	0.0
0	627	18.98	11.12
0	628	18.85	0.0
0	629	18.81	0.0
0	630	18.8	0.0
0	631	18.75	18.7
0	632	18.74	9.48
0	633	18.73	0.0
0	634	18.7	18.55
0	635	18.69	15.97
0	636	18.68	0.0
0	637	18.64	13.85
0	638	18.63	13.22
0	639	18.62	2.4
0	640	18.59	15.85
0	641	18.59	17.49
0	642	18.59	11.35
0	643	18.58	0.0
0	644	18.58	0.0
0	645	18.56	0.0
0	646	18.51	5.9
0	647	18.5	9.66
0	648	18.49	9.33
0	649	18.48	7.47
0	650	18.43	16.31
0	651	18.41	18.05
0	652	18.4	16.77
0	653	18.38	8.51
0	654	18.38	7.27
0	655	18.34	11.02
0	656	18.34	16.74
0	657	18.31	10.17
0	658	18.24	14.47
0	659	18.23	12.83
0	660	18.22	0.0
0	661	18.17	15.5
0	662	18.11	16.24
0	663	18.11	10.76
0	664	18.1	11.79
0	665	18.1	6.08
0	666	18.09	15.74
0	667	18.07	0.0
0	668	18.05	14.86
0	669	18.05	7.59
0	670	18.05	7.11
0	671	18.05	10.71
0	672	18.04	11.91
0	673	18.01	0.29
0	674	17.99	1.3
0	675	17.94	0.0
0	676	17.92	15.13
0	677	17.91	14.25
0	678	17.87	13.38
0	679	17.86	17.81
0	680	17.84	5.1
0	681	17.81	17.62
0	682	17.81	12.49
0	683	17.81	12.04
0	684	17.81	16.58
0	685	17.8	0.0
0	686	17.8	8.21
0	687	17.79	10.37
0	688	17.74	13.28
0	689	17.73	9.69
0	690	17.72	4.64
0	691	17.71	10.07
0	692	17.67	13.88
0	693	17.66	1.59
0	694	17.66	0.0
0	695	17.58	12.1
0	696	17.57	12.77
0	697	17.56	0.0
0	698	17.55	16.95
0	699	17.55	0.0
0	700	17.47	16.62
0	701	17.46	0.0
0	702	17.43	16.94
0	703	17.43	0.0
0	704	17.42	6.92
0	705	17.39	0.32
0	706	17.35	0.0
0	707	17.33	1.41
0	708	17.33	4.05
0	709	17.32	10.33
0	710	17.31	8.53
0	711	17.29	14.57
0	712	17.29	14.65
0	713	17.29	0.0
0	714	17.28	9.07
0	715	17.27	9.27
0	716	17.25	14.7
0	717	17.2	7.29
0	718	17.19	2.12
0	719	17.19	9.55
0	720	17.15	8.26
0	721	17.15	0.0
0	722	17.08	13.78
0	723	17.08	11.92
0	724	17.04	0.0
0	725	17.02	13.31
0	726	17.02	5.15
0	727	16.97	5.72
0	728	16.96	10.34
0	729	16.96	4.59
0	730	16.94	0.0
0	731	16.93	15.7
0	732	16.93	15.05
0	733	16.92	6.4
0	734	16.9	13.68
0	735	16.84	16.26
0	736	16.84	16.19
0	737	16.82	13.78
0	738	16.79	4.32
0	739	16.79	9.87
0	740	16.77	0.0
0	741	16.77	6.04
0	742	16.76	7.92
0	743	16.75	7.35
0	744	16.67	10.53
0	745	16.65	13.81
0	746	16.64	11.37
0	747	16.58	8.54
0	748	16.58	10.54
0	749	16.57	4.09
0	750	16.56	11.99
0	751	16.56	5.21
0	752	16.55	16.54
0	753	16.54	0.0
0	754	16.53	7.61
0	755	16.49	11.48
0	756	16.42	0.0
0	757	16.39	6.05
0	758	16.39	15.12
0	759	16.39	3.97
0	760	16.39	12.38
0	761	16.36	8.25
0	762	16.36	0.0
0	763	16.34	11.51
0	764	16.27	0.0
0	765	16.27	13.33
0	766	16.26	0.0
0	767	16.25	11.96
0	768	16.25	0.0
0	769	16.21	11.25
0	770	16.21	6.53
0	771	16.18	5.28
0	772	16.12	0.0
0	773	16.09	12.33
0	774	16.08	7.23
0	775	16.08	15.45
0	776	16.02	10.25
0	777	16.02	9.15
0	778	16.01	7.71
0	779	16.01	12.77
0	780	16.01	12.25
0	781	15.99	8.33
0	782	15.99	12.2
0	783	15.96	14.71
0	784	15.93	4.68
0	785	15.92	11.66
0	786	15.92	10.96
0	787	15.91	2.97
0	788	15.89	11.72
0	789	15.89	1.67
0	790	15.87	2.4
0	791	15.86	0.0
0	792	15.82	0.0
0	793	15.78	4.62
0	794	15.78	11.43
0	795	15.78	7.13
0	796	15.75	8.35
0	797	15.75	14.32
0	798	15.74	13.66
0	799	15.69	9.27
0	800	15.62	10.65
0	801	15.61	2.95
0	802	15.6	0.0
0	803	15.58	3.12
0	804	15.57	12.25
0	805	15.56	7.32
0	806	15.56	6.17
0	807	15.53	14.73
0	808	15.52	0.0
0	809	15.5	2.07
0	810	15.45	6.22
0	811	15.42	13.65
0	812	15.4	4.06
0	813	15.39	12.75
0	814	15.39	0.0
0	815	15.37	5.05
0	816	15.36	12.81
0	817	15.35	2.04
0	818	15.34	0.0
0	819	15.32	11.93
0	820	15.29	12.19
0	821	15.27	13.75
0	822	15.24	0.45
0	823	15.22	10.0
0	824	15.2	2.29
0	825	15.16	12.26
0	826	15.15	10.92
0	827	15.12	3.74
0	828	15.12	7.32
0	829	15.11	1.09
0	830	15.11	14.97
0	831	15.1	6.86
0	832	15.07	9.26
0	833	15.01	1.76
0	834	14.98	10.16
0	835	14.97	13.91
0	836	14.96	10.81
0	837	14.92	9.07
0	838	14.85	11.37
0	839	14.84	1.57
0	840	14.82	9.69
0	841	14.8	0.0
0	842	14.78	10.75
0	843	14.78	0.25
0	844	14.74	9.36
0	845	14.73	0.0
0	846	14.73	0.0
0	847	14.71	12.02
0	848	14.7	13.52
0	849	14.69	13.61
0	850	14.68	11.7
0	851	14.68	7.98
0	852	14.65	0.0
0	853	14.64	0.63
0	854	14.62	0.0
0	855	14.59	12.22
0	856	14.59	9.74
0	857	14.58	14.06
0	858	14.58	13.59
0	859	14.57	6.28
0	860	14.56	11.8
0	861	14.55	11.61
0	862	14.52	4.08
0	863	14.51	10.91
0	864	14.51	0.0
0	865	14.51	4.19
0	866	14.48	0.0
0	867	14.46	2.02
0	868	14.45	6.89
0	869	14.44	11.89
0	870	14.43	13.16
0	871	14.42	3.91
0	872	14.36	10.91
0	873	14.32	0.96
0	874	14.3	3.15
0	875	14.28	0.0
0	876	14.27	13.51
0	877	14.26	12.95
0	878	14.24	14.21
0	879	14.2	1.3
0	880	14.2	0.0
0	881	14.2	9.57
0	882	14.18	13.44
0	883	14.18	0.0
0	884	14.16	0.0
0	885	14.15	3.1
0	886	14.12	0.0
0	887	14.09	0.0
0	888	14.09	0.0
0	889	14.08	13.31
0	890	14.06	8.02
0	891	14.05	8.98
0	892	14.03	0.0
0	893	14.02	10.96
0	894	14.02	10.07
0	895	13.98	0.85
0	896	13.97	0.0
0	897	13.92	3.83
0	898	13.92	8.39
0	899	13.91	0.0
0	900	13.9	3.86
0	901	13.86	3.25
0	902	13.86	12.97
0	903	13.85	0.0
0	904	13.83	6.92
0	905	13.81	0.0
0	906	13.79	10.52
0	907	13.75	11.16
0	908	13.74	0.0
0	909	13.74	12.29
0	910	13.71	12.73
0	911	13.7	0.0
0	912	13.68	6.37
0	913	13.67	12.4
0	914	13.64	0.0
0	915	13.59	1.02
0	916	13.59	3.38
0	917	13.58	10.7
0	918	13.56	0.0
0	919	13.55	6.58
0	920	13.54	6.88
0	921	13.54	0.0
0	922	13.47	8.41
0	923	13.47	2.12
0	924	13.46	9.47
0	925	13.45	2.4
0	926	13.43	8.5
0	927	13.43	0.0
0	928	13.37	0.0
0	929	13.36	0.0
0	930	13.33	0.0
0	931	13.33	12.18
0	932	13.32	8.94
0	933	13.3	6.12
0	934	13.3	0.0
0	935	13.28	0.0
0	936	13.28	9.69
0	937	13.27	4.82
0	938	13.27	0.55
0	939	13.24	0.0
0	940	13.23	2.27
0	941	13.21	0.0
0	942	13.16	0.0
0	943	13.15	3.49
0	944	13.11	0.0
0	945	13.1	0.0
0	946	13.09	0.0
0	947	13.09	3.23
0	948	13.09	10.88
0	949	13.08	0.0
0	950	13.06	6.97
0	951	13.04	12.78
0	952	13.03	9.2
0	953	13.03	6.15
0	954	13.02	2.91
0	955	13.01	0.0
0	956	13.0	0.0
0	957	12.99	9.22
0	958	12.97	0.0
0	959	12.96	10.25
0	960	12.95	3.99
0	961	12.95	0.0
0	962	12.92	11.57
0	963	12.91	0.0
0	964	12.91	5.84
0	965	12.91	1.72
0	966	12.88	11.58
0	967	12.85	6.46
0	968	12.83	8.43
0	969	12.83	6.85
0	970	12.83	10.84
0	971	12.8	12.53
0	972	12.8	2.02
0	973	12.8	11.55
0	974	12.76	11.15
0	975	12.75	1.74
0	976	12.75	6.13
0	977	12.72	3.04
0	978	12.69	10.4
0	979	12.69	3.99
0	980	12.69	8.79
0	981	12.68	11.43
0	982	12.67	0.0
0	983	12.67	0.08
0	984	12.64	10.44
0	985	12.64	0.0
0	986	12.63	9.7
0	987	12.62	0.67
0	988	12.59	0.0
0	989	12.58	0.0
0	990	12.58	9.45
0	991	12.53	11.57
0	992	12.51	0.6
0	993	12.51	12.35
0	994	12.49	9.51
0	995	12.48	12.27
0	996	12.46	0.0
0	997	12.44	5.71
0	998	12.43	0.0
0	999	12.38	0.0
0	1000	12.37	8.23
0	1001	12.36	9.52
0	1002	12.36	0.0
0	1003	12.33	11.57
0	1004	12.32	10.19
0	1005	12.32	0.0
0	1006	12.29	5.73
0	1007	12.26	10.68
0	1008	12.25	0.0
0	1009	12.22	0.0
0	1010	12.22	0.0
0	1011	12.21	11.97
0	1012	12.2	0.0
0	1013	12.2	7.95
0	1014	12.18	10.85
0	1015	12.16	0.94
0	1016	12.14	8.4
0	1017	12.12	0.99
0	1018	12.11	9.98
0	1019	12.1	0.0
0	1020	12.1	0.0
0	1021	12.08	9.52
0	1022	12.06	0.0
0	1023	12.06	9.42
0	1024	12.04	8.61
0	1025	12.04	7.39
0	1026	12.03	7.23
0	1027	12.02	0.0
0	1028	12.01	6.67
0	1029	11.99	4.75
0	1030	11.96	0.0
0	1031	11.96	8.82
0	1032	11.95	0.0
0	1033	11.93	8.33
0	1034	11.93	6.48
0	1035	11.92	5.9
0	1036	11.91	9.45
0	1037	11.9	0.0
0	1038	11.9	10.92
0	1039	11.88	0.0
0	1040	11.85	0.0
0	1041	11.85	0.0
0	1042	11.84	0.0
0	1043	11.84	6.76
0	1044	11.83	6.14
0	1045	11.83	7.35
0	1046	11.82	3.09
0	1047	11.81	0.0
0	1048	11.81	0.0
0	1049	11.81	5.52
0	1050	11.79	9.59
0	1051	11.78	0.0
0	1052	11.76	2.83
0	1053	11.76	0.0
0	1054	11.75	0.0
0	1055	11.75	0.0
0	1056	11.74	2.69
0	1057	11.7	11.28
0	1058	11.66	2.51
0	1059	11.63	0.0
0	1060	11.63	0.0
0	1061	11.63	0.0
0	1062	11.6	4.12
0	1063	11.58	10.81
0	1064	11.56	7.86
0	1065	11.56	0.0
0	1066	11.55	0.0
0	1067	11.55	9.98
0	1068	11.51	0.0
0	1069	11.5	11.35
0	1070	11.49	8.77
0	1071	11.48	6.15
0	1072	11.47	9.09
0	1073	11.46	3.71
0	1074	11.41	2.95
0	1075	11.4	0.0
0	1076	11.39	1.27
0	1077	11.38	0.0
0	1078	11.38	3.82
0	1079	11.38	2.82
0	1080	11.36	10.56
0	1081	11.3	0.0
0	1082	11.28	4.71
0	1083	11.28	7.92
0	1084	11.28	8.41
0	1085	11.27	0.0
0	1086	11.27	8.32
0	1087	11.27	0.0
0	1088	11.27	2.08
0	1089	11.25	0.0
0	1090	11.25	8.61
0	1091	11.25	10.07
0	1092	11.24	3.48
0	1093	11.23	10.01
0	1094	11.21	0.0
0	1095	11.21	0.0
0	1096	11.18	5.44
0	1097	11.18	0.0
0	1098	11.17	8.05
0	1099	11.16	6.92
0	1100	11.16	0.0
0	1101	11.15	6.43
0	1102	11.14	2.22
0	1103	11.14	2.47
0	1104	11.12	0.0
0	1105	11.09	2.94
0	1106	11.07	7.63
0	1107	11.07	7.31
0	1108	11.06	0.18
0	1109	11.06	1.47
0	1110	11.06	2.43
0	1111	11.06	1.37
0	1112	11.05	0.0
0	1113	11.03	6.74
0	1114	11.02	7.4
0	1115	11.02	3.84
0	1116	11.02	0.0
0	1117	11.01	2.39
0	1118	11.0	8.5
0	1119	10.98	7.19
0	1120	10.98	10.49
0	1121	10.98	0.0
0	1122	10.96	6.79
0	1123	10.91	9.01
0	1124	10.89	0.0
0	1125	10.89	7.76
0	1126	10.88	0.0
0	1127	10.85	9.05
0	1128	10.85	4.73
0	1129	10.82	5.15
0	1130	10.82	0.0
0	1131	10.8	0.0
0	1132	10.8	0.0
0	1133	10.79	7.72
0	1134	10.76	0.02
0	1135	10.73	0.34
0	1136	10.73	0.0
0	1137	10.72	5.07
0	1138	10.69	7.34
0	1139	10.68	0.0
0	1140	10.67	10.64
0	1141	10.65	9.59
0	1142	10.65	9.21
0	1143	10.65	0.0
0	1144	10.65	0.0
0	1145	10.63	5.89
0	1146	10.63	7.1
0	1147	10.62	6.98
0	1148	10.58	0.0
0	1149	10.57	0.0
0	1150	10.57	7.75
0	1151	10.57	4.93
0	1152	10.57	0.0
0	1153	10.57	9.84
0	1154	10.56	7.99
0	1155	10.56	9.9
0	1156	10.55	0.45
0	1157	10.55	0.0
0	1158	10.53	9.76
0	1159	10.51	0.0
0	1160	10.47	5.9
0	1161	10.46	8.09
0	1162	10.44	0.0
0	1163	10.41	6.17
0	1164	10.41	0.83
0	1165	10.4	4.62
0	1166	10.4	0.0
0	1167	10.39	0.0
0	1168	10.39	0.0
0	1169	10.36	2.66
0	1170	10.34	0.0
0	1171	10.31	4.69
0	1172	10.29	5.24
0	1173	10.28	5.17
0	1174	10.27	10.24
0	1175	10.27	6.8
0	1176	10.26	5.75
0	1177	10.24	5.34
0	1178	10.23	8.38
0	1179	10.23	8.5
0	1180	10.21	4.51
0	1181	10.18	3.19
0	1182	10.15	0.0
0	1183	10.14	7.53
0	1184	10.14	0.0
0	1185	10.13	8.49
0	1186	10.13	6.5
0	1187	10.13	2.51
0	1188	10.13	6.62
0	1189	10.11	2.9
0	1190	10.11	9.62
0	1191	10.09	9.84
0	1192	10.09	5.2
0	1193	10.08	0.0
0	1194	10.07	8.55
0	1195	10.04	1.28
0	1196	9.97	0.31
0	1197	9.97	4.46
0	1198	9.96	0.0
0	1199	9.94	0.0
0	1200	9.94	9.28
0	1201	9.93	9.92
0	1202	9.91	0.98
0	1203	9.89	6.33
0	1204	9.84	6.91
0	1205	9.84	9.24
0	1206	9.83	4.78
0	1207	9.83	0.0
0	1208	9.81	8.86
0	1209	9.79	6.8
0	1210	9.78	7.72
0	1211	9.77	8.55
0	1212	9.76	9.34
0	1213	9.76	2.14
0	1214	9.74	3.83
0	1215	9.74	0.0
0	1216	9.74	0.0
0	1217	9.72	0.0
0	1218	9.72	0.0
0	1219	9.68	6.83
0	1220	9.67	8.95
0	1221	9.66	5.77
0	1222	9.65	0.0
0	1223	9.64	6.91
0	1224	9.6	9.22
0	1225	9.59	9.17
0	1226	9.58	0.0
0	1227	9.57	0.0
0	1228	9.56	8.84
0	1229	9.55	8.83
0	1230	9.54	0.0
0	1231	9.54	0.0
0	1232	9.52	4.48
0	1233	9.51	5.35
0	1234	9.48	8.47
0	1235	9.46	8.42
0	1236	9.43	5.41
0	1237	9.42	4.22
0	1238	9.42	2.37
0	1239	9.41	6.74
0	1240	9.4	0.0
0	1241	9.39	0.0
0	1242	9.38	9.06
0	1243	9.36	1.64
0	1244	9.36	7.24
0	1245	9.35	5.8
0	1246	9.35	6.06
0	1247	9.34	0.0
0	1248	9.33	2.58
0	1249	9.3	0.0
0	1250	9.29	0.0
0	1251	9.27	8.54
0	1252	9.22	4.67
0	1253	9.21	6.45
0	1254	9.21	0.0
0	1255	9.2	9.01
0	1256	9.18	0.0
0	1257	9.18	8.54
0	1258	9.16	4.73
0	1259	9.16	0.0
0	1260	9.15	0.0
0	1261	9.13	0.18
0	1262	9.12	3.99
0	1263	9.09	5.59
0	1264	9.09	0.0
0	1265	9.08	3.8
0	1266	9.08	0.0
0	1267	9.08	8.58
0	1268	9.07	3.01
0	1269	9.07	4.53
0	1270	9.07	3.49
0	1271	9.06	0.0
0	1272	9.06	0.0
0	1273	9.04	0.0
0	1274	9.04	8.56
0	1275	9.01	7.96
0	1276	9.01	6.58
0	1277	9.0	0.0
0	1278	8.98	0.0
0	1279	8.96	6.43
0	1280	8.96	0.0
0	1281	8.95	0.0
0	1282	8.95	0.0
0	1283	8.94	3.53
0	1284	8.93	8.2
0	1285	8.91	0.0
0	1286	8.9	0.0
0	1287	8.88	6.46
0	1288	8.88	0.0
0	1289	8.87	0.0
0	1290	8.87	4.56
0	1291	8.85	6.41
0	1292	8.81	0.0
0	1293	8.8	0.0
0	1294	8.78	5.94
0	1295	8.75	7.0
0	1296	8.74	0.0
0	1297	8.72	0.0
0	1298	8.7	2.09
0	1299	8.7	0.0
0	1300	8.68	0.99
0	1301	8.68	5.12
0	1302	8.68	0.0
0	1303	8.66	0.0
0	1304	8.65	0.0
0	1305	8.65	6.76
0	1306	8.62	7.64
0	1307	8.61	7.72
0	1308	8.61	0.0
0	1309	8.58	7.72
0	1310	8.58	4.52
0	1311	8.57	8.54
0	1312	8.56	0.0
0	1313	8.56	0.0
0	1314	8.56	8.41
0	1315	8.55	6.44
0	1316	8.54	6.55
0	1317	8.53	2.56
0	1318	8.53	0.01
0	1319	8.52	0.0
0	1320	8.52	2.89
0	1321	8.51	2.7
0	1322	8.47	0.0
0	1323	8.46	6.82
0	1324	8.45	8.29
0	1325	8.42	0.0
0	1326	8.42	2.13
0	1327	8.42	0.0
0	1328	8.4	1.35
0	1329	8.34	8.07
0	1330	8.33	0.88
0	1331	8.32	7.38
0	1332	8.31	0.0
0	1333	8.3	6.22
0	1334	8.29	0.0
0	1335	8.27	0.0
0	1336	8.27	1.42
0	1337	8.26	3.99
0	1338	8.24	0.0
0	1339	8.24	0.0
0	1340	8.23	0.0
0	1341	8.23	5.56
0	1342	8.22	4.84
0	1343	8.15	3.44
0	1344	8.14	0.0
0	1345	8.14	6.55
0	1346	8.13	7.88
0	1347	8.1	6.96
0	1348	8.1	1.84
0	1349	8.1	7.65
0	1350	8.08	0.0
0	1351	8.08	0.0
0	1352	8.07	0.0
0	1353	8.07	5.66
0	1354	8.07	0.0
0	1355	8.0	0.0
0	1356	8.0	2.74
0	1357	8.0	6.65
0	1358	7.98	2.91
0	1359	7.95	0.0
0	1360	7.94	0.0
0	1361	7.93	6.92
0	1362	7.92	6.92
0	1363	7.91	6.23
0	1364	7.9	7.58
0	1365	7.88	5.7
0	1366	7.88	0.0
0	1367	7.87	3.46
0	1368	7.87	6.28
0	1369	7.87	2.49
0	1370	7.86	0.0
0	1371	7.86	5.65
0	1372	7.86	6.83
0	1373	7.85	0.0
0	1374	7.83	0.0
0	1375	7.82	0.0
0	1376	7.82	6.02
0	1377	7.81	3.42
0	1378	7.8	0.0
0	1379	7.79	0.0
0	1380	7.78	4.35
0	1381	7.77	5.13
0	1382	7.77	2.44
0	1383	7.77	0.0
0	1384	7.77	5.63
0	1385	7.72	2.9
0	1386	7.72	0.0
0	1387	7.71	4.88
0	1388	7.7	7.13
0	1389	7.7	2.17
0	1390	7.7	0.0
0	1391	7.7	7.25
0	1392	7.69	0.0
0	1393	7.69	0.0
0	1394	7.65	0.0
0	1395	7.65	0.63
0	1396	7.63	0.0
0	1397	7.62	0.0
0	1398	7.62	2.19
0	1399	7.62	0.0
0	1400	7.62	0.0
0	1401	7.61	0.0
0	1402	7.6	0.0
0	1403	7.6	0.0
0	1404	7.6	0.0
0	1405	7.58	0.0
0	1406	7.58	7.57
0	1407	7.56	0.0
0	1408	7.55	6.7
0	1409	7.53	0.0
0	1410	7.53	5.82
0	1411	7.53	0.0
0	1412	7.51	6.08
0	1413	7.5	6.25
0	1414	7.5	1.74
0	1415	7.47	2.11
0	1416	7.45	4.05
0	1417	7.44	0.0
0	1418	7.43	0.0
0	1419	7.43	7.34
0	1420	7.41	0.0
0	1421	7.41	0.0
0	1422	7.39	2.94
0	1423	7.38	0.0
0	1424	7.38	0.0
0	1425	7.38	7.27
0	1426	7.37	4.38
0	1427	7.36	0.0
0	1428	7.34	0.0
0	1429	7.33	4.43
0	1430	7.32	0.0
0	1431	7.32	0.0
0	1432	7.31	0.0
0	1433	7.31	0.0
0	1434	7.3	0.0
0	1435	7.3	0.0
0	1436	7.29	0.0
0	1437	7.28	0.0
0	1438	7.27	0.61
0	1439	7.25	2.58
0	1440	7.24	4.38
0	1441	7.24	1.96
0	1442	7.24	3.54
0	1443	7.23	4.24
0	1444	7.23	7.22
0	1445	7.2	0.0
0	1446	7.19	5.76
0	1447	7.18	0.0
0	1448	7.16	2.64
0	1449	7.16	6.16
0	1450	7.13	4.9
0	1451	7.12	1.4
0	1452	7.12	0.98
0	1453	7.11	1.47
0	1454	7.11	3.99
0	1455	7.09	0.0
0	1456	7.09	0.0
0	1457	7.08	0.0
0	1458	7.08	0.0
0	1459	7.07	6.38
0	1460	7.07	0.0
0	1461	7.05	0.0
0	1462	7.05	0.0
0	1463	7.04	5.57
0	1464	7.02	0.0
0	1465	7.02	6.31
0	1466	7.0	0.0
0	1467	7.0	0.0
0	1468	6.99	0.0
0	1469	6.99	5.52
0	1470	6.99	0.37
0	1471	6.98	2.38
0	1472	6.96	4.28
0	1473	6.94	5.39
0	1474	6.94	5.09
0	1475	6.94	0.0
0	1476	6.93	0.0
0	1477	6.93	0.0
0	1478	6.9	0.0
0	1479	6.88	0.0
0	1480	6.87	3.37
0	1481	6.86	1.15
0	1482	6.86	0.0
0	1483	6.85	0.0
0	1484	6.84	0.0
0	1485	6.82	6.69
0	1486	6.8	0.0
0	1487	6.79	0.0
0	1488	6.78	0.0
0	1489	6.78	0.0
0	1490	6.75	4.9
0	1491	6.75	4.53
0	1492	6.74	3.58
0	1493	6.73	1.89
0	1494	6.72	0.0
0	1495	6.72	0.0
0	1496	6.7	0.0
0	1497	6.7	5.66
0	1498	6.7	0.0
0	1499	6.68	0.44
0	1500	6.67	4.23
0	1501	6.65	6.07
0	1502	6.64	0.0
0	1503	6.63	1.59
0	1504	6.62	0.0
0	1505	6.62	2.89
0	1506	6.61	2.94
0	1507	6.6	0.0
0	1508	6.6	0.0
0	1509	6.6	0.0
0	1510	6.6	6.13
0	1511	6.59	4.71
0	1512	6.58	0.0
0	1513	6.55	0.0
0	1514	6.54	0.0
0	1515	6.54	6.14
0	1516	6.53	0.0
0	1517	6.53	5.26
0	1518	6.51	0.0
0	1519	6.51	1.15
0	1520	6.49	0.0
0	1521	6.49	6.19
0	1522	6.49	5.41
0	1523	6.48	0.0
0	1524	6.47	0.0
0	1525	6.47	2.34
0	1526	6.46	1.72
0	1527	6.45	0.0
0	1528	6.44	0.0
0	1529	6.44	3.52
0	1530	6.43	1.78
0	1531	6.42	0.0
0	1532	6.42	5.96
0	1533	6.39	0.0
0	1534	6.38	0.0
0	1535	6.38	0.0
0	1536	6.37	5.5
0	1537	6.35	1.55
0	1538	6.34	0.0
0	1539	6.33	0.65
0	1540	6.33	0.0
0	1541	6.32	5.64
0	1542	6.31	0.0
0	1543	6.3	0.0
0	1544	6.3	0.0
0	1545	6.29	0.0
0	1546	6.29	0.0
0	1547	6.25	0.0
0	1548	6.24	0.0
0	1549	6.22	1.51
0	1550	6.21	0.0
0	1551	6.21	1.1
0	1552	6.21	5.87
0	1553	6.2	2.56
0	1554	6.19	0.0
0	1555	6.18	0.0
0	1556	6.18	0.0
0	1557	6.17	0.0
0	1558	6.15	4.58
0	1559	6.15	0.0
0	1560	6.15	0.0
0	1561	6.14	0.0
0	1562	6.13	0.0
0	1563	6.12	0.0
0	1564	6.11	0.0
0	1565	6.1	0.0
0	1566	6.07	1.89
0	1567	6.06	0.0
0	1568	6.06	0.0
0	1569	6.04	0.0
0	1570	6.04	0.0
0	1571	6.04	0.0
0	1572	6.01	0.0
0	1573	6.01	4.0
0	1574	5.99	1.27
0	1575	5.97	5.09
0	1576	5.97	4.44
0	1577	5.97	3.95
0	1578	5.95	5.47
0	1579	5.95	1.09
0	1580	5.95	0.0
0	1581	5.94	4.95
0	1582	5.93	0.0
0	1583	5.93	0.0
0	1584	5.92	0.0
0	1585	5.92	0.0
0	1586	5.92	0.0
0	1587	5.91	3.75
0	1588	5.9	0.15
0	1589	5.89	0.0
0	1590	5.89	3.04
0	1591	5.88	0.0
0	1592	5.88	0.0
0	1593	5.88	0.0
0	1594	5.87	0.0
0	1595	5.84	3.85
0	1596	5.83	0.0
0	1597	5.82	2.75
0	1598	5.82	0.0
0	1599	5.81	2.34
0	1600	5.79	2.66
0	1601	5.78	0.0
0	1602	5.76	4.26
0	1603	5.75	4.32
0	1604	5.74	0.0
0	1605	5.71	0.0
0	1606	5.7	3.62
0	1607	5.69	0.0
0	1608	5.69	0.49
0	1609	5.68	0.0
0	1610	5.67	1.62
0	1611	5.67	0.0
0	1612	5.66	3.71
0	1613	5.66	0.0
0	1614	5.65	5.15
0	1615	5.65	0.0
0	1616	5.65	0.76
0	1617	5.64	3.52
0	1618	5.63	3.6
0	1619	5.62	3.81
0	1620	5.62	5.1
0	1621	5.6	0.0
0	1622	5.6	0.0
0	1623	5.58	0.0
0	1624	5.56	2.96
0	1625	5.54	0.0
0	1626	5.53	0.0
0	1627	5.53	0.0
0	1628	5.52	1.06
0	1629	5.5	3.48
0	1630	5.5	0.0
0	1631	5.5	3.37
0	1632	5.49	0.0
0	1633	5.49	0.0
0	1634	5.48	0.0
0	1635	5.48	0.0
0	1636	5.48	0.0
0	1637	5.47	0.0
0	1638	5.46	0.0
0	1639	5.46	0.0
0	1640	5.45	1.57
0	1641	5.45	0.0
0	1642	5.44	0.0
0	1643	5.43	2.9
0	1644	5.42	0.0
0	1645	5.42	0.0
0	1646	5.41	3.02
0	1647	5.4	0.0
0	1648	5.39	0.0
0	1649	5.39	0.0
0	1650	5.39	3.24
0	1651	5.38	1.26
0	1652	5.34	0.0
0	1653	5.32	0.0
0	1654	5.3	1.46
0	1655	5.29	0.0
0	1656	5.28	1.62
0	1657	5.27	0.0
0	1658	5.26	1.8
0	1659	5.26	0.0
0	1660	5.25	3.24
0	1661	5.25	0.0
0	1662	5.25	2.1
0	1663	5.24	0.0
0	1664	5.23	0.0
0	1665	5.23	3.65
0	1666	5.22	0.0
0	1667	5.21	0.0
0	1668	5.19	4.35
0	1669	5.17	0.0
0	1670	5.17	0.0
0	1671	5.16	0.0
0	1672	5.15	1.89
0	1673	5.15	3.9
0	1674	5.14	0.0
0	1675	5.13	0.0
0	1676	5.13	0.0
0	1677	5.12	2.76
0	1678	5.12	0.18
0	1679	5.11	0.19
0	1680	5.11	0.0
0	1681	5.11	0.0
0	1682	5.11	0.0
0	1683	5.1	4.49
0	1684	5.08	1.74
0	1685	5.07	0.0
0	1686	5.06	0.0
0	1687	5.06	3.59
0	1688	5.05	2.8
0	1689	5.03	0.0
0	1690	5.03	0.0
0	1691	5.02	3.73
0	1692	5.01	3.21
0	1693	5.0	0.0
0	1694	4.99	0.0
0	1695	4.97	2.05
0	1696	4.95	1.4
0	1697	4.92	2.17
0	1698	4.92	0.91
0	1699	4.91	0.11
0	1700	4.91	0.0
0	1701	4.91	4.45
0	1702	4.9	0.0
0	1703	4.89	2.84
0	1704	4.89	0.0
0	1705	4.88	0.0
0	1706	4.87	0.0
0	1707	4.87	0.0
0	1708	4.87	0.09
0	1709	4.87	0.0
0	1710	4.87	0.0
0	1711	4.86	3.79
0	1712	4.86	0.0
0	1713	4.85	3.87
0	1714	4.85	0.0
0	1715	4.84	3.84
0	1716	4.84	0.0
0	1717	4.83	3.57
0	1718	4.83	0.0
0	1719	4.82	3.55
0	1720	4.81	0.0
0	1721	4.8	1.19
0	1722	4.8	4.57
0	1723	4.79	0.0
0	1724	4.77	0.0
0	1725	4.75	0.0
0	1726	4.75	0.0
0	1727	4.74	0.0
0	1728	4.74	0.0
0	1729	4.74	0.0
0	1730	4.73	0.0
0	1731	4.72	0.0
0	1732	4.7	0.0
0	1733	4.7	0.0
0	1734	4.68	0.0
0	1735	4.67	0.0
0	1736	4.64	0.0
0	1737	4.64	0.0
0	1738	4.64	0.0
0	1739	4.61	0.0
0	1740	4.6	4.31
0	1741	4.6	4.28
0	1742	4.6	0.0
0	1743	4.57	2.43
0	1744	4.56	0.0
0	1745	4.56	0.0
0	1746	4.55	0.0
0	1747	4.55	0.0
0	1748	4.55	3.66
0	1749	4.54	3.44
0	1750	4.53	0.0
0	1751	4.48	4.33
0	1752	4.48	3.81
0	1753	4.47	1.13
0	1754	4.47	0.0
0	1755	4.46	0.0
0	1756	4.45	0.0
0	1757	4.44	4.06
0	1758	4.44	0.15
0	1759	4.43	3.99
0	1760	4.41	0.35
0	1761	4.4	0.14
0	1762	4.39	2.29
0	1763	4.37	0.16
0	1764	4.37	0.0
0	1765	4.37	0.0
0	1766	4.35	0.0
0	1767	4.35	0.0
0	1768	4.33	0.28
0	1769	4.33	0.0
0	1770	4.33	0.42
0	1771	4.32	2.71
0	1772	4.32	0.0
0	1773	4.31	0.0
0	1774	4.29	0.95
0	1775	4.28	0.23
0	1776	4.28	2.77
0	1777	4.28	0.0
0	1778	4.28	0.0
0	1779	4.26	0.0
0	1780	4.25	0.0
0	1781	4.25	0.0
0	1782	4.25	3.43
0	1783	4.23	0.0
0	1784	4.23	0.0
0	1785	4.23	0.0
0	1786	4.22	0.0
0	1787	4.22	4.04
0	1788	4.2	0.0
0	1789	4.19	0.0
0	1790	4.18	0.0
0	1791	4.17	0.0
0	1792	4.16	0.0
0	1793	4.15	0.0
0	1794	4.15	0.0
0	1795	4.15	0.0
0	1796	4.14	0.0
0	1797	4.13	0.0
0	1798	4.13	0.0
0	1799	4.13	0.0
0	1800	4.13	0.6
0	1801	4.11	0.0
0	1802	4.1	1.17
0	1803	4.1	0.0
0	1804	4.09	0.0
0	1805	4.09	0.0
0	1806	4.08	2.13
0	1807	4.06	0.0
0	1808	4.06	0.0
0	1809	4.04	0.0
0	1810	4.04	0.0
0	1811	4.04	0.0
0	1812	4.03	0.0
0	1813	4.03	0.0
0	1814	4.0	2.38
0	1815	4.0	0.0
0	1816	3.99	0.0
0	1817	3.99	0.0
0	1818	3.98	0.55
0	1819	3.97	0.0
0	1820	3.97	2.97
0	1821	3.97	0.0
0	1822	3.97	3.25
0	1823	3.97	0.0
0	1824	3.96	2.52
0	1825	3.93	0.0
0	1826	3.93	1.31
0	1827	3.92	0.0
0	1828	3.9	1.14
0	1829	3.9	0.0
0	1830	3.9	0.0
0	1831	3.89	0.0
0	1832	3.89	0.0
0	1833	3.89	0.16
0	1834	3.88	2.07
0	1835	3.88	2.07
0	1836	3.87	0.0
0	1837	3.87	0.0
0	1838	3.86	0.0
0	1839	3.85	0.0
0	1840	3.85	0.0
0	1841	3.85	0.0
0	1842	3.84	0.0
0	1843	3.82	0.0
0	1844	3.8	0.0
0	1845	3.8	0.0
0	1846	3.79	0.0
0	1847	3.79	0.0
0	1848	3.79	0.0
0	1849	3.78	0.0
0	1850	3.76	0.0
0	1851	3.75	0.0
0	1852	3.73	0.0
0	1853	3.73	0.0
0	1854	3.73	0.0
0	1855	3.72	0.0
0	1856	3.72	2.83
0	1857	3.71	0.0
0	1858	3.71	0.0
0	1859	3.71	0.0
0	1860	3.69	0.0
0	1861	3.68	0.0
0	1862	3.67	0.0
0	1863	3.66	0.0
0	1864	3.66	0.0
0	1865	3.65	2.47
0	1866	3.65	0.71
0	1867	3.63	0.0
0	1868	3.63	0.0
0	1869	3.63	2.8
0	1870	3.62	0.0
0	1871	3.62	0.0
0	1872	3.62	0.0
0	1873	3.6	0.0
0	1874	3.6	0.0
0	1875	3.6	0.0
0	1876	3.59	0.0
0	1877	3.59	2.36
0	1878	3.59	0.0
0	1879	3.58	2.5
0	1880	3.57	0.0
0	1881	3.56	0.0
0	1882	3.55	0.0
0	1883	3.54	1.3
0	1884	3.53	0.0
0	1885	3.52	2.76
0	1886	3.51	2.57
0	1887	3.5	2.6
0	1888	3.48	2.81
0	1889	3.48	3.41
0	1890	3.48	1.89
0	1891	3.48	0.0
0	1892	3.48	0.0
0	1893	3.47	0.0
0	1894	3.47	3.18
0	1895	3.47	0.0
0	1896	3.45	0.0
0	1897	3.44	0.0
0	1898	3.44	2.14
0	1899	3.41	0.0
0	1900	3.4	2.61
0	1901	3.4	0.0
0	1902	3.39	0.0
0	1903	3.39	3.15
0	1904	3.38	0.14
0	1905	3.37	3.05
0	1906	3.37	0.28
0	1907	3.36	0.0
0	1908	3.36	1.0
0	1909	3.35	0.0
0	1910	3.35	1.34
0	1911	3.33	0.0
0	1912	3.32	0.0
0	1913	3.31	0.0
0	1914	3.31	0.0
0	1915	3.3	0.0
0	1916	3.29	0.0
0	1917	3.28	0.0
0	1918	3.27	2.81
0	1919	3.27	0.0
0	1920	3.26	0.0
0	1921	3.26	0.0
0	1922	3.25	0.0
0	1923	3.24	0.0
0	1924	3.24	0.0
0	1925	3.23	0.0
0	1926	3.23	0.0
0	1927	3.22	0.0
0	1928	3.22	0.0
0	1929	3.22	0.0
0	1930	3.22	0.0
0	1931	3.22	0.3
0	1932	3.2	0.0
0	1933	3.19	0.0
0	1934	3.19	0.0
0	1935	3.18	0.85
0	1936	3.18	1.49
0	1937	3.17	1.62
0	1938	3.17	0.0
0	1939	3.16	0.0
0	1940	3.15	0.0
0	1941	3.14	0.0
0	1942	3.13	0.0
0	1943	3.12	0.0
0	1944	3.12	1.79
0	1945	3.11	0.0
0	1946	3.1	0.0
0	1947	3.09	0.0
0	1948	3.07	0.0
0	1949	3.06	0.0
0	1950	3.06	3.04
0	1951	3.05	0.79
0	1952	3.05	0.0
0	1953	3.04	0.0
0	1954	3.04	0.0
0	1955	3.03	0.56
0	1956	3.03	0.0
0	1957	3.02	0.0
0	1958	3.01	0.0
0	1959	3.0	0.0
0	1960	3.0	0.0
0	1961	2.98	0.0
0	1962	2.97	0.0
0	1963	2.97	0.1
0	1964	2.96	0.0
0	1965	2.96	0.0
0	1966	2.96	0.0
0	1967	2.96	0.0
0	1968	2.95	0.0
0	1969	2.95	0.95
0	1970	2.94	0.0
0	1971	2.93	0.0
0	1972	2.93	0.0
0	1973	2.93	0.0
0	1974	2.91	0.0
0	1975	2.91	0.0
0	1976	2.9	2.84
0	1977	2.9	0.0
0	1978	2.9	0.0
0	1979	2.9	0.0
0	1980	2.9	0.0
0	1981	2.89	0.0
0	1982	2.88	0.0
0	1983	2.88	0.0
0	1984	2.87	0.0
0	1985	2.87	0.0
0	1986	2.86	0.0
0	1987	2.86	0.0
0	1988	2.86	2.68
0	1989	2.86	0.0
0	1990	2.84	0.0
0	1991	2.84	0.0
0	1992	2.83	0.0
0	1993	2.83	2.04
0	1994	2.82	0.0
0	1995	2.81	0.0
0	1996	2.8	0.0
0	1997	2.77	0.0
0	1998	2.77	0.0
0	1999	2.75	0.0
0	2000	2.75	0.0
0	2001	2.74	2.53
0	2002	2.74	0.0
0	2003	2.73	0.0
0	2004	2.72	0.0
0	2005	2.72	0.0
0	2006	2.71	0.0
0	2007	2.71	0.0
0	2008	2.71	0.0
0	2009	2.71	0.0
0	2010	2.71	0.0
0	2011	2.71	0.48
0	2012	2.71	0.0
0	2013	2.7	0.0
0	2014	2.7	1.36
0	2015	2.7	0.77
0	2016	2.69	0.0
0	2017	2.69	0.0
0	2018	2.69	0.0
0	2019	2.69	0.0
0	2020	2.69	0.0
0	2021	2.68	1.29
0	2022	2.67	2.29
0	2023	2.66	0.0
0	2024	2.66	0.0
0	2025	2.66	0.0
0	2026	2.65	0.0
0	2027	2.65	0.0
0	2028	2.65	0.0
0	2029	2.62	0.0
0	2030	2.62	0.0
0	2031	2.62	0.0
0	2032	2.6	0.0
0	2033	2.6	2.47
0	2034	2.59	0.0
0	2035	2.59	0.0
0	2036	2.58	0.0
0	2037	2.58	2.29
0	2038	2.57	0.0
0	2039	2.55	2.21
0	2040	2.55	0.0
0	2041	2.53	0.0
0	2042	2.52	0.0
0	2043	2.51	0.27
0	2044	2.51	0.91
0	2045	2.51	0.0
0	2046	2.49	0.0
0	2047	2.47	0.0
0	2048	2.47	0.0
0	2049	2.46	0.0
0	2050	2.43	0.0
0	2051	2.43	2.05
0	2052	2.43	1.17
0	2053	2.42	0.0
0	2054	2.4	1.36
0	2055	2.4	0.0
0	2056	2.4	0.0
0	2057	2.39	0.0
0	2058	2.39	0.61
0	2059	2.39	0.0
0	2060	2.37	0.52
0	2061	2.36	0.0
0	2062	2.36	0.0
0	2063	2.35	0.0
0	2064	2.35	0.0
0	2065	2.35	0.0
0	2066	2.34	0.0
0	2067	2.34	0.0
0	2068	2.32	0.0
0	2069	2.32	1.53
0	2070	2.32	1.33
0	2071	2.31	1.25
0	2072	2.3	1.28
0	2073	2.28	0.0
0	2074	2.28	0.83
0	2075	2.28	0.0
0	2076	2.27	0.0
0	2077	2.26	0.0
0	2078	2.26	1.23
0	2079	2.26	0.0
0	2080	2.26	0.0
0	2081	2.26	1.62
0	2082	2.25	0.0
0	2083	2.24	0.0
0	2084	2.23	0.0
0	2085	2.23	0.0
0	2086	2.2	0.0
0	2087	2.19	0.0
0	2088	2.18	0.0
0	2089	2.17	0.0
0	2090	2.17	0.0
0	2091	2.17	0.01
0	2092	2.16	0.0
0	2093	2.15	0.0
0	2094	2.15	1.24
0	2095	2.15	0.0
0	2096	2.15	0.0
0	2097	2.15	0.0
0	2098	2.15	0.0
0	2099	2.12	0.0
0	2100	2.12	0.0
0	2101	2.12	0.0
0	2102	2.09	0.0
0	2103	2.08	1.97
0	2104	2.08	0.0
0	2105	2.08	0.0
0	2106	2.06	0.0
0	2107	2.05	0.0
0	2108	2.01	0.0
0	2109	2.0	0.0
0	2110	1.98	0.0
0	2111	1.98	0.0
0	2112	1.97	0.0
0	2113	1.96	0.0
0	2114	1.95	0.0
0	2115	1.95	0.57
0	2116	1.94	0.0
0	2117	1.94	0.0
0	2118	1.94	0.0
0	2119	1.93	0.0
0	2120	1.92	0.0
0	2121	1.92	0.0
0	2122	1.91	0.0
0	2123	1.89	0.0
0	2124	1.89	0.0
0	2125	1.88	0.0
0	2126	1.88	0.0
0	2127	1.88	0.0
0	2128	1.88	0.0
0	2129	1.87	0.0
0	2130	1.87	0.0
0	2131	1.87	0.0
0	2132	1.87	0.0
0	2133	1.87	0.0
0	2134	1.86	0.0
0	2135	1.86	0.81
0	2136	1.85	0.0
0	2137	1.85	0.0
0	2138	1.84	0.0
0	2139	1.84	0.0
0	2140	1.84	0.86
0	2141	1.82	0.0
0	2142	1.82	0.0
0	2143	1.82	1.59
0	2144	1.81	0.53
0	2145	1.81	0.0
0	2146	1.8	1.46
0	2147	1.79	0.0
0	2148	1.79	0.0
0	2149	1.79	0.0
0	2150	1.79	0.0
0	2151	1.79	0.0
0	2152	1.78	0.0
0	2153	1.78	0.0
0	2154	1.77	0.0
0	2155	1.74	0.0
0	2156	1.74	0.0
0	2157	1.74	0.0
0	2158	1.73	0.0
0	2159	1.72	0.0
0	2160	1.72	1.52
0	2161	1.71	0.0
0	2162	1.71	0.0
0	2163	1.71	0.0
0	2164	1.71	0.0
0	2165	1.71	0.0
0	2166	1.71	0.0
0	2167	1.69	0.0
0	2168	1.68	0.0
0	2169	1.68	0.0
0	2170	1.67	0.0
0	2171	1.66	1.16
0	2172	1.65	0.0
0	2173	1.62	0.0
0	2174	1.62	0.0
0	2175	1.61	0.89
0	2176	1.61	0.62
0	2177	1.6	0.0
0	2178	1.6	0.0
0	2179	1.6	0.0
0	2180	1.59	1.36
0	2181	1.58	0.0
0	2182	1.56	0.0
0	2183	1.56	0.0
0	2184	1.55	1.22
0	2185	1.55	0.0
0	2186	1.55	0.0
0	2187	1.55	0.0
0	2188	1.54	0.0
0	2189	1.53	0.0
0	2190	1.53	0.0
0	2191	1.53	0.0
0	2192	1.53	0.0
0	2193	1.53	0.9
0	2194	1.52	0.0
0	2195	1.52	0.0
0	2196	1.51	0.0
0	2197	1.51	0.0
0	2198	1.5	0.0
0	2199	1.5	0.0
0	2200	1.5	0.0
0	2201	1.5	0.0
0	2202	1.49	0.0
0	2203	1.49	0.0
0	2204	1.48	0.0
0	2205	1.48	0.0
0	2206	1.48	0.0
0	2207	1.47	0.0
0	2208	1.47	0.0
0	2209	1.47	0.0
0	2210	1.46	0.0
0	2211	1.45	0.0
0	2212	1.45	0.65
0	2213	1.45	0.0
0	2214	1.43	0.0
0	2215	1.43	0.38
0	2216	1.43	0.0
0	2217	1.41	0.0
0	2218	1.41	0.0
0	2219	1.41	0.0
0	2220	1.41	0.0
0	2221	1.4	0.0
0	2222	1.4	0.18
0	2223	1.39	0.04
0	2224	1.39	0.0
0	2225	1.39	0.0
0	2226	1.39	0.0
0	2227	1.39	0.0
0	2228	1.38	0.06
0	2229	1.37	0.0
0	2230	1.37	0.0
0	2231	1.37	0.0
0	2232	1.36	0.0
0	2233	1.36	0.91
0	2234	1.36	0.76
0	2235	1.36	0.0
0	2236	1.34	0.11
0	2237	1.34	0.0
0	2238	1.34	0.92
0	2239	1.33	0.0
0	2240	1.33	0.0
0	2241	1.32	0.0
0	2242	1.32	0.0
0	2243	1.32	0.0
0	2244	1.31	0.59
0	2245	1.31	0.07
0	2246	1.3	0.0
0	2247	1.28	0.0
0	2248	1.28	0.0
0	2249	1.28	0.0
0	2250	1.27	0.0
0	2251	1.27	0.77
0	2252	1.27	1.15
0	2253	1.27	0.0
0	2254	1.26	0.0
0	2255	1.26	0.0
0	2256	1.25	0.0
0	2257	1.24	0.0
0	2258	1.24	0.0
0	2259	1.23	0.0
0	2260	1.23	0.0
0	2261	1.22	0.0
0	2262	1.21	0.28
0	2263	1.21	0.0
0	2264	1.2	0.0
0	2265	1.2	0.0
0	2266	1.19	0.0
0	2267	1.17	0.87
0	2268	1.17	0.0
0	2269	1.15	0.0
0	2270	1.14	0.0
0	2271	1.14	0.0
0	2272	1.12	0.17
0	2273	1.12	0.0
0	2274	1.12	0.0
0	2275	1.1	0.0
0	2276	1.1	0.12
0	2277	1.09	0.84
0	2278	1.09	0.0
0	2279	1.08	0.0
0	2280	1.07	0.0
0	2281	1.06	0.0
0	2282	1.05	0.0
0	2283	1.04	0.0
0	2284	1.03	0.96
0	2285	1.03	0.0
0	2286	1.03	0.0
0	2287	1.02	0.0
0	2288	1.02	0.0
0	2289	1.02	0.0
0	2290	1.01	0.0
0	2291	1.0	0.0
0	2292	0.99	0.0
0	2293	0.99	0.0
0	2294	0.98	0.0
0	2295	0.96	0.0
0	2296	0.95	0.0
0	2297	0.95	0.0
0	2298	0.95	0.0
0	2299	0.94	0.0
0	2300	0.94	0.0
0	2301	0.93	0.0
0	2302	0.92	0.0
0	2303	0.92	0.0
0	2304	0.91	0.0
0	2305	0.9	0.0
0	2306	0.89	0.0
0	2307	0.89	0.0
0	2308	0.89	0.0
0	2309	0.86	0.0
0	2310	0.86	0.0
0	2311	0.85	0.0
0	2312	0.84	0.0
0	2313	0.84	0.0
0	2314	0.84	0.0
0	2315	0.83	0.0
0	2316	0.82	0.0
0	2317	0.81	0.0
0	2318	0.8	0.11
0	2319	0.78	0.0
0	2320	0.78	0.0
0	2321	0.78	0.0
0	2322	0.76	0.0
0	2323	0.76	0.0
0	2324	0.76	0.09
0	2325	0.74	0.0
0	2326	0.74	0.0
0	2327	0.72	0.0
0	2328	0.71	0.0
0	2329	0.71	0.0
0	2330	0.7	0.0
0	2331	0.7	0.0
0	2332	0.69	0.09
0	2333	0.69	0.0
0	2334	0.69	0.0
0	2335	0.68	0.0
0	2336	0.68	0.0
0	2337	0.67	0.0
0	2338	0.66	0.0
0	2339	0.65	0.0
0	2340	0.65	0.0
0	2341	0.65	0.0
0	2342	0.65	0.0
0	2343	0.64	0.0
0	2344	0.64	0.0
0	2345	0.64	0.0
0	2346	0.63	0.0
0	2347	0.62	0.0
0	2348	0.61	0.0
0	2349	0.61	0.0
0	2350	0.6	0.0
0	2351	0.6	0.0
0	2352	0.6	0.0
0	2353	0.6	0.0
0	2354	0.59	0.0
0	2355	0.58	0.0
0	2356	0.58	0.0
0	2357	0.58	0.0
0	2358	0.57	0.0
0	2359	0.57	0.0
0	2360	0.56	0.0
0	2361	0.56	0.0
0	2362	0.56	0.0
0	2363	0.56	0.0
0	2364	0.55	0.0
0	2365	0.54	0.0
0	2366	0.53	0.0
0	2367	0.52	0.0
0	2368	0.52	0.0
0	2369	0.52	0.0
0	2370	0.52	0.0
0	2371	0.52	0.0
0	2372	0.51	0.0
0	2373	0.48	0.0
0	2374	0.48	0.0
0	2375	0.47	0.0
0	2376	0.47	0.0
0	2377	0.47	0.07
0	2378	0.47	0.0
0	2379	0.46	0.0
0	2380	0.46	0.0
0	2381	0.45	0.0
0	2382	0.45	0.0
0	2383	0.44	0.0
0	2384	0.44	0.0
0	2385	0.43	0.0
0	2386	0.43	0.0
0	2387	0.42	0.0
0	2388	0.42	0.0
0	2389	0.41	0.0
0	2390	0.41	0.0
0	2391	0.41	0.0
0	2392	0.41	0.0
0	2393	0.4	0.0
0	2394	0.4	0.0
0	2395	0.4	0.0
0	2396	0.39	0.0
0	2397	0.39	0.0
0	2398	0.37	0.0
0	2399	0.37	0.0
0	2400	0.36	0.0
0	2401	0.36	0.0
0	2402	0.36	0.0
0	2403	0.35	0.0
0	2404	0.35	0.0
0	2405	0.34	0.0
0	2406	0.33	0.0
0	2407	0.33	0.0
0	2408	0.33	0.0
0	2409	0.33	0.0
0	2410	0.32	0.0
0	2411	0.32	0.0
0	2412	0.31	0.0
0	2413	0.3	0.0
0	2414	0.3	0.0
0	2415	0.3	0.0
0	2416	0.29	0.0
0	2417	0.29	0.0
0	2418	0.28	0.0
0	2419	0.28	0.0
0	2420	0.27	0.0
0	2421	0.27	0.01
0	2422	0.27	0.0
0	2423	0.27	0.0
0	2424	0.26	0.0
0	2425	0.26	0.0
0	2426	0.25	0.0
0	2427	0.25	0.0
0	2428	0.25	0.0
0	2429	0.24	0.0
0	2430	0.24	0.0
0	2431	0.24	0.0
0	2432	0.23	0.0
0	2433	0.23	0.0
0	2434	0.23	0.0
0	2435	0.23	0.0
0	2436	0.22	0.0
0	2437	0.22	0.0
0	2438	0.21	0.0
0	2439	0.18	0.0
0	2440	0.18	0.0
0	2441	0.18	0.0
0	2442	0.17	0.0
0	2443	0.17	0.0
0	2444	0.16	0.0
0	2445	0.16	0.0
0	2446	0.16	0.0
0	2447	0.16	0.0
0	2448	0.15	0.0
0	2449	0.15	0.0
0	2450	0.15	0.0
0	2451	0.14	0.0
0	2452	0.14	0.0
0	2453	0.13	0.0
0	2454	0.12	0.0
0	2455	0.11	0.0
0	2456	0.11	0.0
0	2457	0.11	0.0
0	2458	0.1	0.0
0	2459	0.09	0.0
0	2460	0.09	0.0
0	2461	0.09	0.0
0	2462	0.09	0.0
0	2463	0.08	0.0
0	2464	0.08	0.0
0	2465	0.07	0.0
0	2466	0.07	0.0
0	2467	0.06	0.0
0	2468	0.05	0.0
0	2469	0.05	0.0
0	2470	0.05	0.0
0	2471	0.04	0.0
0	2472	0.04	0.0
0	2473	0.03	0.0
0	2474	0.03	0.0
0	2475	0.03	0.0
0	2476	0.02	0.0
0	2477	0.02	0.0
0	2478	0.02	0.0
0	2479	0.01	0.0
